chrm	beg	end	utr_ID	strand	polyA_coordinate	annotated_polyA_distance	nearby_PAS	PAS_distance	number_supporting_reads	number_unique_supporting_reads	unique_reads_spread
chr11	65064737	65066166	ENSG00000014138.4_2_1	+	65065088	NA	ATTAAA	22	1	1	0.0
chr1	228681583	228683477	ENSG00000168159.7_1_1	+	228682670	NA	AATAAA	20	1	1	0.0
chr16	69775759	69776237	ENSG00000141101.6_1_1	-	69775775	6	NA	NA	1	1	0.0
chr19	18054521	18054803	ENSG00000007080.5_1_1	+	18054790	-1	AATAAA	12	3	2	4.7609522857
chr11	6340165	6340395	ENSG00000170955.9_1_1	-	6340178	3	NA	NA	1	1	0.0
chr4	17802267	17805116	ENSG00000163257.6_1_1	-	17802282	5	NA	NA	1	1	0.0
chr17	4840414	4841038	ENSG00000108528.8_1_1	-	4840608	NA	NA	NA	1	1	0.0
chr11	61567087	61569885	ENSG00000149485.10_1_1	-	61567683	NA	NA	NA	2	1	0.0
chr9	132500599	132501892	ENSG00000148344.10_1_1	-	132500629	20	NA	NA	1	1	0.0
chr16	90032368	90034478	ENSG00000140995.10_1_1	+	90034468	2	ATTAAA AATATA	21 25	1	1	0.0
chr12	54762909	54764042	ENSG00000161642.12_1_1	-	54762917	-2	NA	NA	1	1	0.0
chr6	159186762	159187948	ENSG00000092820.13_1_1	-	159186781	6	NA	NA	1	1	0.0
chr5	1816027	1816729	ENSG00000145494.7_1_1	+	1816162	NA	AATAAA	13	3	2	1.15470053838
chr19	4090308	4090598	ENSG00000126934.6_1_1	-	4090322	4	NA	NA	1	1	0.0
chr19	17342683	17343163	ENSG00000160113.3_1_1	-	17342696	3	NA	NA	2	2	1.0
chr9	103062953	103063292	ENSG00000119509.7_2_1	+	103063276	-4	NA	NA	1	1	0.0
chr5	110462578	110466200	ENSG00000134987.6_2_1	+	110465403	NA	AATAAA TTTAAA	15 11	1	1	0.0
chr1	153901966	153902775	ENSG00000198837.5_1_1	-	153901977	1	NA	NA	1	1	0.0
chr14	50712109	50713778	ENSG00000087299.5_1_1	-	50712956	NA	AATAAA	21	1	1	0.0
chr1	231413285	231413729	ENSG00000116906.7_1_1	+	231413535	NA	AATAAA TTTAAA	19 14	2	1	0.0
chr17	47004493	47006428	ENSG00000159202.11_2_1	+	47005702	NA	NA	NA	1	1	0.0
chr9	139834876	139835382	ENSG00000159069.9_1_1	-	139834888	2	NA	NA	1	1	0.0
chrX	18910407	18911605	ENSG00000044446.6_1_1	-	18911090	NA	NA	NA	1	1	0.0
chr11	12958766	12966308	ENSG00000187079.10_1_1	+	12963241	NA	NA	NA	1	1	0.0
chr1	200827184	200829842	ENSG00000118200.10_3_1	+	200829830	2	AATAAA	22	1	1	0.0
chr1	33473574	33476432	ENSG00000004455.10_1_1	-	33474484	NA	AATAAA	19	1	1	0.0
chr22	30972604	30973035	ENSG00000100029.12_1_1	-	30972619	-3	NA	NA	1	1	0.0
chr12	46751961	46754896	ENSG00000134294.8_1_1	-	46751972	1	NA	NA	2	1	0.0
chr15	60639322	60639831	ENSG00000182718.9_1_1	-	60639642	NA	NA	NA	1	1	0.0
chr17	42430163	42430480	ENSG00000030582.9_1_1	+	42430471	8	AATAAA	19	1	1	0.0
chr8	20077910	20079222	ENSG00000147416.4_3_1	+	20078685	NA	NA	NA	1	1	0.0
chr2	162267908	162268238	ENSG00000115233.7_1_1	+	162268228	2	AATAAA AATACA	18 23	1	1	0.0
chr21	35469651	35478569	ENSG00000198743.5_1_1	+	35470213	NA	NA	NA	1	1	0.0
chr6	42712208	42712773	ENSG00000124659.4_1_1	-	42712741	NA	AATAAA	23	1	1	0.0
chr17	41843479	41846979	ENSG00000108861.3_1_1	-	41843496	7	NA	NA	1	1	0.0
chr17	41843479	41846979	ENSG00000108861.3_1_1	-	41845788	29	NA	NA	1	1	0.0
chr1	110943860	110944147	ENSG00000134248.8_1_1	-	110943879	8	NA	NA	1	1	0.0
chr19	14588561	14589230	ENSG00000123159.9_1_1	-	14588580	9	NA	NA	3	2	4.7609522857
chr14	103985985	103986203	ENSG00000166165.6_1_1	-	103986004	5	NA	NA	3	2	1.15470053838
chr4	1205225	1206030	ENSG00000159692.11_1_1	-	1205721	NA	NA	NA	1	1	0.0
chr4	1205225	1206030	ENSG00000159692.11_1_1	-	1205810	NA	AATGAA	21	1	1	0.0
chr1	173456999	173457956	ENSG00000117592.8_1_1	+	173457151	NA	ATTAAA AATGAA	20 24	1	1	0.0
chr7	56169251	56169546	ENSG00000106153.12_1_1	-	56169268	7	AATGAA	1	2	1	0.0
chr17	73894713	73894933	ENSG00000204316.7_1_1	-	73894725	1	NA	NA	1	1	0.0
chr16	48385710	48389425	ENSG00000102910.5_2_1	+	48386391	NA	NA	NA	1	1	0.0
chr1	109780507	109780780	ENSG00000031698.8_1_1	+	109780743	-11	AATAAA	17	3	1	0.0
chr10	135175973	135176374	ENSG00000127884.4_1_1	-	135175990	7	NA	NA	1	1	0.0
chr10	127477136	127477439	ENSG00000188690.7_1_1	-	127477144	-4	NA	NA	1	1	0.0
chr12	22601506	22602696	ENSG00000111731.8_1_1	-	22602692	NA	AATAAA AATAAA TATAAA TTTAAA	11 28 22 7	1	1	0.0
chr19	3207683	3209582	ENSG00000125912.5_1_1	+	3207855	NA	NA	NA	1	1	0.0
chr19	3207683	3209582	ENSG00000125912.5_1_1	+	3209573	3	AATAAA	14	1	1	0.0
chr7	102113554	102114098	ENSG00000005075.11_1_1	-	102113905	NA	NA	NA	1	1	0.0
chr7	32956417	32956873	ENSG00000253478.2_1_1	-	32956428	1	NA	NA	1	1	0.0
chr8	23286654	23290441	ENSG00000197217.8_1_1	-	23286676	12	NA	NA	1	1	0.0
chr5	72801060	72801470	ENSG00000145741.10_1_1	+	72801320	3	AATAAA	19	1	1	0.0
chr11	62600405	62600426	ENSG00000133316.9_1_2	-	62600405	NA	NA	NA	2	1	0.0
chr12	121016556	121017123	ENSG00000167272.6_1_1	-	121016849	2	NA	NA	1	1	0.0
chr11	2418093	2418637	ENSG00000110651.6_1_1	+	2418627	2	AATAAA	13	1	1	0.0
chr15	41672381	41673255	ENSG00000137804.6_1_1	+	41673248	5	AATAAA CATAAA	13 9	1	1	0.0
chr10	3178768	3179007	ENSG00000067057.10_1_1	+	3178993	7	ATTAAA	16	1	1	0.0
chr16	89629447	89630960	ENSG00000167526.8_1_1	+	89629481	NA	NA	NA	1	1	0.0
chr2	240896778	240900537	ENSG00000130414.6_2_1	-	240900158	2	NA	NA	1	1	0.0
chr1	20825932	20827185	ENSG00000090432.5_1_1	-	20825943	1	NA	NA	1	1	0.0
chrX	77381324	77384803	ENSG00000102144.7_1_1	+	77382323	NA	ATTAAA	22	1	1	0.0
chr1	25893480	25895387	ENSG00000157978.6_1_1	+	25895376	1	AATAAA	14	1	1	0.0
chr6	42174528	42176029	ENSG00000048544.5_1_1	-	42174540	2	NA	NA	1	1	0.0
chr16	1374791	1377029	ENSG00000103275.13_2_1	+	1375349	0	AATAAA AGTAAA	23 19	1	1	0.0
chr14	105965280	105965595	ENSG00000185347.11_1_1	+	105965567	35	AATAAA	14	1	1	0.0
chr2	45615808	45616451	ENSG00000068784.8_1_1	-	45615820	2	NA	NA	1	1	0.0
chr11	57295925	57296192	ENSG00000134809.4_1_1	-	57296108	NA	NA	NA	1	1	0.0
chr7	6628538	6629015	ENSG00000136247.10_1_1	+	6628606	NA	NA	NA	1	1	0.0
chr15	41059544	41060094	ENSG00000137880.3_1_1	+	41059908	NA	AATAAA	17	2	2	1.0
chr20	32667715	32668087	ENSG00000125970.7_1_2	+	32668066	-9	AATAAA	20	1	1	0.0
chr11	490579	491397	ENSG00000174915.7_3_1	+	491397	12	NA	NA	1	1	0.0
chr3	48473563	48473820	ENSG00000164051.9_1_1	-	48473591	9	NA	NA	1	1	0.0
chr19	18685957	18688279	ENSG00000221983.2_1_1	+	18686048	NA	AATAAA	9	4	2	2.64575131106
chr19	18685957	18688279	ENSG00000221983.2_1_1	+	18686252	NA	AGTAAA	19	1	1	0.0
chr17	27206342	27207581	ENSG00000132589.8_1_1	-	27206358	6	NA	NA	2	1	0.0
chr17	79687104	79688051	ENSG00000183048.6_3_1	+	79688042	3	AATAAA	19	1	1	0.0
chr15	78841283	78841614	ENSG00000041357.10_1_1	+	78841537	NA	AATAAA	15	1	1	0.0
chr9	35696934	35697790	ENSG00000137076.12_1_1	-	35697336	3	NA	NA	1	1	0.0
chr19	3544187	3544710	ENSG00000161091.7_2_1	-	3544198	1	NA	NA	1	1	0.0
chr9	127997121	127998873	ENSG00000044574.6_1_1	-	127998520	NA	NA	NA	1	1	0.0
chr8	144464818	144466400	ENSG00000158106.8_1_1	+	144464983	NA	ATTAAA	14	1	1	0.0
chr17	1549433	1549738	ENSG00000167705.6_1_1	-	1549449	6	NA	NA	1	1	0.0
chr17	39910845	39911998	ENSG00000173801.11_1_1	-	39910861	6	NA	NA	1	1	0.0
chr19	13883092	13885106	ENSG00000037757.8_1_1	+	13885095	1	AATAAA	16	1	1	0.0
chr5	138855538	138855848	ENSG00000184584.8_1_1	-	138855550	2	NA	NA	1	1	0.0
chr15	70340532	70342438	ENSG00000140332.8_1_1	-	70342141	1	NA	NA	1	1	0.0
chr19	36640738	36641264	ENSG00000126247.4_1_1	+	36641250	-2	AATAAA	16	2	2	1.58113883008
chr15	38776857	38779921	ENSG00000171262.6_1_1	+	38777097	NA	NA	NA	1	1	0.0
chr22	31829954	31830448	ENSG00000185721.5_3_1	+	31830172	NA	CATAAA	5	2	1	0.0
chr5	170833406	170834139	ENSG00000181163.9_1_1	+	170833730	NA	AATAAA	19	1	1	0.0
chr15	93567932	93571247	ENSG00000173575.8_2_1	+	93571225	-10	ATTAAA	11	1	1	0.0
chr12	54789038	54790079	ENSG00000161638.5_1_1	-	54789058	10	NA	NA	1	1	0.0
chr22	41829485	41832317	ENSG00000183864.4_1_1	-	41831229	NA	NA	NA	1	1	0.0
chr14	23240764	23241017	ENSG00000155463.6_2_1	+	23240907	NA	TTTAAA	20	1	1	0.0
chr1	231499486	231502159	ENSG00000135766.7_1_1	-	231500778	NA	NA	NA	1	1	0.0
chr1	155106540	155107343	ENSG00000169242.7_1_1	+	155106952	NA	NA	NA	1	1	0.0
chr1	155106540	155107343	ENSG00000169242.7_1_1	+	155107332	1	AATAAA	17	2	2	0.707106781187
chr21	44473290	44473992	ENSG00000160200.12_1_1	-	44473303	3	NA	NA	1	1	0.0
chr1	151039970	151040980	ENSG00000213190.2_1_1	+	151040970	2	AATAAA	20	1	1	0.0
chr15	85212766	85213252	ENSG00000140612.8_1_1	-	85212775	-1	NA	NA	1	1	0.0
chr15	72491359	72491993	ENSG00000067225.10_1_1	-	72491372	2	NA	NA	12	3	1.11803398875
chr2	26413493	26414121	ENSG00000084754.6_1_1	-	26413739	NA	NA	NA	2	2	0.707106781187
chr3	129033604	129034106	ENSG00000184897.4_1_1	-	129033617	3	NA	NA	3	3	1.63299316186
chr9	35056050	35057116	ENSG00000165280.11_1_1	-	35056608	NA	AATAAA	16	1	1	0.0
chr9	35056050	35057116	ENSG00000165280.11_1_1	-	35056942	NA	NA	NA	1	1	0.0
chr1	201938679	201939799	ENSG00000134375.6_1_1	+	201939479	NA	AATAAA	12	1	1	0.0
chr1	245014457	245017754	ENSG00000153187.11_1_1	-	245017709	NA	CATAAA	4	1	1	0.0
chr19	41765806	41767680	ENSG00000167601.6_1_1	+	41767671	3	CATAAA	17	2	1	0.0
chr2	29022166	29025816	ENSG00000213639.5_2_1	+	29025806	7	ATTAAA	14	1	1	0.0
chr7	5645102	5646296	ENSG00000075618.11_1_1	+	5646284	3	AATAAA	15	1	1	0.0
chr11	64789324	64789666	ENSG00000213465.3_1_1	+	64789656	10	AATAAA	18	1	1	0.0
chr16	56947314	56949770	ENSG00000070915.4_1_1	+	56948432	-4	NA	NA	1	1	0.0
chr12	56506669	56507703	ENSG00000170515.6_1_1	+	56506933	NA	AATAAA AAGAAA AATGAA	23 11 2	1	1	0.0
chr12	56295186	56295658	ENSG00000170473.10_1_1	-	56295197	1	NA	NA	1	1	0.0
chr3	47626751	47629701	ENSG00000173473.6_1_1	-	47627384	NA	ATTAAA	7	1	1	0.0
chr6	44081183	44081582	ENSG00000180992.5_1_1	-	44081432	NA	NA	NA	2	1	0.0
chr11	867849	869860	ENSG00000177830.13_1_1	-	869770	NA	NA	NA	1	1	0.0
chr5	177637621	177638174	ENSG00000197451.6_1_1	+	177638174	29	AATAAA TTTAAA	8 15	1	1	0.0
chr2	223435244	223436592	ENSG00000116120.8_1_1	-	223436464	NA	NA	NA	1	1	0.0
chr15	41106421	41106777	ENSG00000166140.10_1_1	+	41106766	1	AATAAA	17	1	1	0.0
chrX	84342681	84343069	ENSG00000155008.8_1_1	+	84342951	NA	NA	NA	1	1	0.0
chr1	19400989	19401328	ENSG00000127481.9_1_1	-	19401012	11	NA	NA	1	1	0.0
chr11	63743789	63744025	ENSG00000176340.3_1_1	+	63744015	2	AATAAA TTTAAA	18 29	1	1	0.0
chr18	32912165	32917198	ENSG00000172466.9_1_1	-	32914832	NA	NA	NA	1	1	0.0
chr17	34964848	34965407	ENSG00000129282.7_1_1	+	34965407	12	AATAAA	14	1	1	0.0
chr12	120936010	120936307	ENSG00000088986.5_1_1	+	120936201	NA	TATAAA	19	1	1	0.0
chr12	54383227	54384073	ENSG00000180818.3_1_1	+	54383883	NA	NA	NA	1	1	0.0
chr5	134363413	134364471	ENSG00000069011.9_1_1	-	134363425	2	NA	NA	1	1	0.0
chr1	36859020	36859361	ENSG00000181817.5_1_1	-	36859021	-9	NA	NA	1	1	0.0
chr17	38974358	38974730	ENSG00000186395.5_1_1	-	38974370	2	NA	NA	1	1	0.0
chr20	2442725	2443264	ENSG00000125835.12_2_1	-	2443160	NA	NA	NA	1	1	0.0
chr1	95657421	95663173	ENSG00000152078.5_1_1	+	95663160	-1	AATAAA	15	1	1	0.0
chr9	139317713	139318223	ENSG00000165688.7_3_1	+	139318213	3	AATAAA	16	1	1	0.0
chr22	22890112	22890491	ENSG00000185686.12_1_1	-	22890126	2	NA	NA	2	2	2.0
chr7	116436175	116438450	ENSG00000105976.9_1_1	+	116438433	-5	ATTAAA AGTAAA GATAAA	18 23 5	1	1	0.0
chr2	241405704	241407503	ENSG00000063660.4_1_1	+	241407493	2	AATAAA	20	1	1	0.0
chr9	140476520	140476997	ENSG00000165724.5_1_1	-	140476529	-1	NA	NA	1	1	0.0
chr1	8921050	8921421	ENSG00000074800.8_1_1	-	8921062	2	NA	NA	6	2	1.22474487139
chr7	100277119	100279344	ENSG00000146830.7_1_1	-	100277130	1	NA	NA	1	1	0.0
chr17	66526587	66528918	ENSG00000108946.7_1_1	+	66526806	NA	AATAAA AATAGA	16 20	1	1	0.0
chr14	35870706	35871221	ENSG00000100906.5_1_1	-	35871178	NA	NA	NA	1	1	0.0
chr20	17594312	17594829	ENSG00000125844.10_1_1	-	17594324	2	NA	NA	1	1	0.0
chr11	65359770	65360131	ENSG00000173442.7_1_1	+	65360116	-3	AATAAA	20	1	1	0.0
chr6	24423281	24423714	ENSG00000124532.9_2_1	+	24423705	3	AATAAA	19	1	1	0.0
chr8	144939486	144940161	ENSG00000227184.3_1_1	-	144939500	4	NA	NA	1	1	0.0
chr6	37298945	37300756	ENSG00000065491.8_1_1	+	37300704	NA	NA	NA	1	1	0.0
chr20	62374340	62374868	ENSG00000125520.8_1_1	+	62374857	1	ATTAAA	15	1	1	0.0
chr11	76507719	76509208	ENSG00000182704.5_1_1	+	76509189	3	AATAAA TATAAA	19 28	1	1	0.0
chr19	55741137	55741898	ENSG00000105063.12_1_1	-	55741148	1	NA	NA	1	1	0.0
chr7	149169874	149171477	ENSG00000181220.9_1_1	-	149169884	-1	NA	NA	1	1	0.0
chr1	31404342	31406060	ENSG00000134644.10_1_1	-	31404353	1	NA	NA	1	1	0.0
chr8	30435824	30436440	ENSG00000197265.4_1_1	-	30435836	2	NA	NA	1	1	0.0
chr4	1228464	1231628	ENSG00000159692.11_4_1	-	1228502	28	NA	NA	1	1	0.0
chr19	994340	994579	ENSG00000065268.3_1_1	+	994557	-10	NA	NA	1	1	0.0
chr16	3340555	3341470	ENSG00000006194.5_1_1	+	3341165	NA	NA	NA	1	1	0.0
chr9	131909740	131911235	ENSG00000119383.15_5_1	+	131911222	0	ATTAAA	16	1	1	0.0
chr16	67263281	67263541	ENSG00000135723.6_1_1	-	67263294	-11	NA	NA	1	1	0.0
chr17	42396982	42397371	ENSG00000013306.10_1_1	-	42396999	7	NA	NA	2	2	3.0
chr6	30692171	30693213	ENSG00000196230.7_1_1	+	30692936	NA	NA	NA	1	1	0.0
chr10	91533802	91534710	ENSG00000138182.9_1_1	+	91534691	-4	AATAAA CATAAA	22 18	1	1	0.0
chrX	11139927	11141208	ENSG00000004961.10_1_1	+	11139948	NA	NA	NA	1	1	0.0
chr9	132995268	132999593	ENSG00000107130.6_1_2	+	132996069	NA	NA	NA	1	1	0.0
chr1	3696773	3697654	ENSG00000130764.5_1_1	-	3696784	1	NA	NA	1	1	0.0
chr12	32896341	32898594	ENSG00000087470.11_3_1	+	32897648	NA	NA	NA	1	1	0.0
chr16	67006949	67009061	ENSG00000172828.7_1_1	+	67009052	38	AATAAA	19	1	1	0.0
chr19	16243111	16244453	ENSG00000167461.6_1_1	+	16244351	NA	ATTAAA	16	1	1	0.0
chr1	153579351	153580012	ENSG00000188643.5_1_1	-	153579366	5	NA	NA	1	1	0.0
chr3	121350235	121350695	ENSG00000180353.6_1_1	-	121350247	2	NA	NA	1	1	0.0
chr1	154897199	154897607	ENSG00000163344.5_1_1	-	154897213	4	NA	NA	3	2	1.41421356237
chr15	75661709	75664322	ENSG00000169375.10_1_1	-	75663475	NA	TTTAAA	14	1	1	0.0
chr19	47341412	47341706	ENSG00000042753.6_1_1	-	47341424	2	NA	NA	3	2	0.57735026919
chr10	96997318	96997684	ENSG00000107438.4_1_1	-	96997332	4	NA	NA	1	1	0.0
chr10	105205303	105206059	ENSG00000148843.7_1_1	+	105206051	4	ATTAAA	18	1	1	0.0
chr3	183901401	183901889	ENSG00000161203.8_2_1	+	183901879	13	AATAAA	20	1	1	0.0
chr17	79476988	79477718	ENSG00000184009.2_1_1	-	79476999	1	NA	NA	1	1	0.0
chr11	1753629	1756512	ENSG00000244242.1_1_1	-	1756031	NA	NA	NA	1	1	0.0
chr13	29252236	29253072	ENSG00000132963.7_1_1	+	29252336	NA	ATTAAA	19	3	1	0.0
chr22	22108778	22118529	ENSG00000100030.9_1_1	-	22117734	NA	NA	NA	1	1	0.0
chr5	150647009	150650011	ENSG00000196743.4_2_1	+	150648799	NA	AATAAA	20	1	1	0.0
chr11	839710	840374	ENSG00000177700.5_1_1	-	840204	NA	NA	NA	3	2	1.41421356237
chr19	5691834	5692045	ENSG00000196365.5_1_1	-	5691846	2	NA	NA	1	1	0.0
chr12	56735373	56737175	ENSG00000170581.6_1_1	-	56735384	1	NA	NA	1	1	0.0
chr5	137890560	137891728	ENSG00000113013.7_1_1	-	137891025	1	NA	NA	1	1	0.0
chr3	31677553	31679122	ENSG00000163527.5_1_1	+	31678723	NA	AGTAAA	30	1	1	0.0
chr8	74893853	74895028	ENSG00000175606.6_3_1	+	74894093	NA	AATAAA	18	1	1	0.0
chrX	48830123	48830607	ENSG00000068400.8_1_1	-	48830134	1	NA	NA	1	1	0.0
chr22	36863072	36863853	ENSG00000100348.5_1_1	-	36863096	14	NA	NA	1	1	0.0
chr1	110134966	110136985	ENSG00000065135.7_1_2	+	110136135	NA	ATTAAA AGTAAA	16 28	1	1	0.0
chr3	188592264	188608470	ENSG00000145012.8_2_1	+	188596330	NA	NA	NA	1	1	0.0
chr12	56810147	56811502	ENSG00000111602.5_1_1	-	56810908	NA	NA	NA	1	1	0.0
chr17	42268229	42269108	ENSG00000168591.10_1_1	+	42269099	3	AATAAA	13	1	1	0.0
chr11	68522344	68525114	ENSG00000110090.6_1_1	-	68524231	NA	NA	NA	1	1	0.0
chr11	69063856	69064764	ENSG00000172927.3_1_1	+	69064754	2	AATAAA TATAAA	9 5	1	1	0.0
chr19	10501798	10502229	ENSG00000105401.1_1_1	-	10501809	1	NA	NA	1	1	0.0
chr10	13178863	13180301	ENSG00000123240.10_2_1	+	13178921	NA	NA	NA	1	1	0.0
chr19	16212153	16213823	ENSG00000167460.8_1_1	+	16213149	NA	NA	NA	1	1	0.0
chr7	75695725	75696836	ENSG00000146701.6_1_1	+	75695918	NA	AATAAA	7	2	2	10.5118980208
chr12	113629619	113630129	ENSG00000139405.7_1_1	+	113629959	3	AATAAA	20	1	1	0.0
chr20	44439831	44440076	ENSG00000101457.8_1_1	+	44440057	-7	ATTAAA AGTAAA AAGAAA	16 30 8	1	1	0.0
chr14	74961700	74962281	ENSG00000165898.8_1_1	+	74962068	NA	TATAAA TTTAAA	18 32	1	1	0.0
chr19	3052897	3053819	ENSG00000104964.9_1_1	-	3052908	1	NA	NA	2	2	0.707106781187
chr19	3052897	3053819	ENSG00000104964.9_1_1	-	3053160	NA	NA	NA	1	1	0.0
chr10	88195002	88197302	ENSG00000062650.11_1_1	-	88195014	2	NA	NA	1	1	0.0
chr16	18816164	18820893	ENSG00000157106.10_1_1	-	18817637	NA	NA	NA	1	1	0.0
chr19	39405893	39406248	ENSG00000104835.8_1_1	-	39405893	-10	NA	NA	1	1	0.0
chr5	154198040	154199878	ENSG00000170271.6_1_1	-	154198054	4	NA	NA	1	1	0.0
chr12	27126117	27126900	ENSG00000064115.6_1_1	-	27126289	NA	NA	NA	1	1	0.0
chr6	158363867	158366119	ENSG00000130340.9_1_1	+	158364903	NA	NA	NA	1	1	0.0
chr10	99437170	99437628	ENSG00000119986.6_1_1	-	99437183	3	NA	NA	1	1	0.0
chrX	71491881	71492523	ENSG00000198034.6_1_1	-	71492458	NA	NA	NA	2	2	4.52769256907
chr16	28853721	28854298	ENSG00000178952.3_1_1	-	28854109	NA	NA	NA	1	1	0.0
chr1	19585321	19586632	ENSG00000053372.4_1_1	+	19586621	1	AGTAAA	19	1	1	0.0
chr10	114575139	114578513	ENSG00000151532.9_2_1	+	114575199	NA	GATAAA	0	1	1	0.0
chr7	157060446	157062076	ENSG00000009335.13_3_1	+	157061275	NA	ATTAAA	21	1	1	0.0
chr7	44421958	44425612	ENSG00000015676.12_1_1	-	44423191	NA	NA	NA	1	1	0.0
chr16	8946788	8949023	ENSG00000153048.5_1_1	-	8946806	7	NA	NA	1	1	0.0
chr2	96850586	96852470	ENSG00000084090.9_1_1	-	96850605	9	NA	NA	1	1	0.0
chr1	22418007	22419447	ENSG00000070831.11_2_1	+	22419438	14	ATTAAA	15	1	1	0.0
chr2	25012844	25013282	ENSG00000184924.4_1_1	-	25013134	NA	NA	NA	2	2	0.707106781187
chr2	98264568	98264856	ENSG00000135940.2_1_1	+	98264655	NA	AGTAAA	4	4	2	1.0
chr5	132203271	132203733	ENSG00000164405.5_1_1	+	132203378	NA	AATAAA	19	2	2	0.707106781187
chr2	241070232	241070470	ENSG00000172428.5_1_1	-	241070246	4	NA	NA	1	1	0.0
chr1	55315289	55317908	ENSG00000116133.6_1_1	-	55315308	6	NA	NA	1	1	0.0
chr8	87570635	87573736	ENSG00000085719.7_1_1	+	87572397	NA	AATAGA	10	1	1	0.0
chr7	112756762	112757456	ENSG00000214194.4_1_1	-	112757291	NA	NA	NA	1	1	0.0
chr12	107365166	107367821	ENSG00000151135.4_1_1	+	107365972	NA	NA	NA	1	1	0.0
chr9	140174410	140177103	ENSG00000198113.2_1_1	+	140177093	2	AATAAA	15	1	1	0.0
chr17	55756909	55757668	ENSG00000153944.5_2_2	+	55757499	19	NA	NA	1	1	0.0
chrX	54842112	54842450	ENSG00000102316.11_1_1	+	54842442	3	ATTAAA	22	2	2	1.58113883008
chr14	53241901	53245031	ENSG00000100522.3_1_1	-	53241912	1	NA	NA	1	1	0.0
chr11	65269494	65270117	ENSG00000257018.1_1_1	-	65270116	NA	NA	NA	4	1	0.0
chr17	38612832	38613993	ENSG00000141753.5_1_1	+	38613976	-5	NA	NA	1	1	0.0
chr8	56922666	56923949	ENSG00000254087.2_1_1	+	56923937	0	AATACA	22	1	1	0.0
chrX	48316909	48317321	ENSG00000017483.10_1_1	-	48316928	6	NA	NA	1	1	0.0
chr20	33148335	33148672	ENSG00000101464.6_1_1	-	33148347	2	NA	NA	1	1	0.0
chr15	91043337	91045485	ENSG00000140575.6_1_1	+	91045474	1	AATAAA	17	1	1	0.0
chr19	49425678	49426538	ENSG00000104805.10_2_1	+	49426528	4	AATACA	20	2	2	2.0
chr5	44815301	44815634	ENSG00000112996.5_1_1	+	44815408	NA	ATTAAA AATACA	18 22	1	1	0.0
chrX	48750719	48751014	ENSG00000126768.7_1_1	-	48750732	3	NA	NA	1	1	0.0
chr4	57259517	57261520	ENSG00000128059.4_1_1	-	57259531	4	NA	NA	1	1	0.0
chr22	22273782	22277467	ENSG00000100034.8_1_1	-	22276153	NA	NA	NA	1	1	0.0
chr11	20404748	20405339	ENSG00000109854.9_2_1	+	20404951	NA	NA	NA	1	1	0.0
chr12	113733878	113736397	ENSG00000186815.7_2_1	+	113736388	3	ACTAAA	17	1	1	0.0
chr17	2592669	2593890	ENSG00000132361.8_1_1	-	2592681	2	NA	NA	1	1	0.0
chr2	85621335	85622018	ENSG00000042493.10_1_1	-	85621891	NA	NA	NA	2	1	0.0
chr12	110354425	110355881	ENSG00000139437.11_2_1	+	110355869	2	AATAAA	22	1	1	0.0
chr6	31765162	31765536	ENSG00000204392.5_1_1	-	31765176	4	NA	NA	2	1	0.0
chr10	116190861	116196021	ENSG00000099204.12_1_1	-	116190872	1	NA	NA	3	1	0.0
chr5	139062489	139063477	ENSG00000171604.7_1_1	+	139063165	-11	NA	NA	1	1	0.0
chr7	99667586	99668768	ENSG00000166526.12_2_1	-	99667597	-5	NA	NA	1	1	0.0
chr19	18390552	18391253	ENSG00000130522.3_1_1	-	18390571	9	NA	NA	2	1	0.0
chr9	135250997	135251304	ENSG00000125482.7_1_1	-	135251008	1	NA	NA	1	1	0.0
chr20	43953917	43955906	ENSG00000124145.5_1_1	-	43955085	-30	AATATA GATAAA AATAGA	27 23 19	1	1	0.0
chr9	133309077	133309520	ENSG00000148357.10_1_1	+	133309509	2	TATAAA AATATA	16 14	1	1	0.0
chr19	13063860	13064458	ENSG00000179262.3_1_1	+	13064456	10	AATAAA GATAAA TTTAAA	21 3 29	1	1	0.0
chr15	74922888	74924955	ENSG00000179151.6_1_1	-	74922900	2	NA	NA	1	1	0.0
chr14	69254364	69256252	ENSG00000185650.6_1_1	-	69254382	8	NA	NA	1	1	0.0
chr22	21304130	21308047	ENSG00000099942.8_1_1	+	21308035	1	AATAAA	8	1	1	0.0
chr18	12326126	12326578	ENSG00000176014.6_1_1	+	12326568	5	AATAAA ACTAAA	14 22	1	1	0.0
chr17	46198867	46200115	ENSG00000002919.9_1_1	+	46200106	3	AATAAA	21	1	1	0.0
chr8	27454423	27455760	ENSG00000120885.12_1_1	-	27455509	-19	NA	NA	1	1	0.0
chr14	69846829	69847257	ENSG00000100632.5_1_1	-	69846848	9	NA	NA	1	1	0.0
chr2	97541609	97542015	ENSG00000168754.9_1_1	-	97541620	0	NA	NA	1	1	0.0
chr19	810823	812337	ENSG00000011304.10_1_1	+	812222	NA	ATTAAA	17	2	2	0.707106781187
chr9	130925891	130926217	ENSG00000171159.4_1_1	+	130926203	-2	ATTAAA	21	2	1	0.0
chr19	55998320	55998945	ENSG00000090971.3_1_1	+	55998936	3	AATAAA	19	1	1	0.0
chr6	159052917	159056470	ENSG00000146433.7_1_1	+	159056466	8	AATAAA	16	1	1	0.0
chrX	70519923	70521028	ENSG00000147140.10_1_1	+	70521017	2	ATTAAA AATACA	15 20	1	1	0.0
chr1	200520617	200522518	ENSG00000118193.7_1_1	-	200522484	NA	TATAAA AAGAAA	23 14	1	1	0.0
chr2	27466383	27466670	ENSG00000084774.8_1_1	+	27466654	0	AATAAA	15	1	1	0.0
chr15	77336348	77339179	ENSG00000140391.7_1_1	-	77338372	3	NA	NA	1	1	0.0
chr1	44686731	44687232	ENSG00000117419.9_1_1	-	44686764	7	NA	NA	1	1	0.0
chr5	10433793	10435501	ENSG00000145495.8_2_1	+	10435492	3	NA	NA	1	1	0.0
chr2	200134212	200136936	ENSG00000119042.11_1_1	-	200134227	0	NA	NA	1	1	0.0
chr16	30081530	30081751	ENSG00000149925.10_1_1	+	30081735	0	AATAAA	17	2	1	0.0
chr6	87795205	87795476	ENSG00000135346.4_1_1	-	87795219	4	NA	NA	2	2	2.5495097568
chr9	33041751	33047293	ENSG00000122692.7_1_1	-	33041850	NA	NA	NA	1	1	0.0
chr9	130628748	130630289	ENSG00000106992.12_1_1	-	130630119	NA	NA	NA	1	1	0.0
chr1	180853199	180859397	ENSG00000143324.9_1_1	+	180857050	NA	NA	NA	2	1	0.0
chr3	134196537	134197434	ENSG00000129055.8_1_1	-	134196548	-1	NA	NA	1	1	0.0
chr12	51379764	51382110	ENSG00000110911.9_2_1	-	51380366	NA	NA	NA	1	1	0.0
chr14	104378615	104379005	ENSG00000156411.4_1_1	-	104378854	NA	NA	NA	2	1	0.0
chr19	55602272	55602842	ENSG00000125503.6_1_1	-	55602287	5	NA	NA	1	1	0.0
chr19	7928585	7929871	ENSG00000142459.3_1_1	+	7929862	3	AATAAA	17	1	1	0.0
chr16	3458916	3459380	ENSG00000103343.7_1_1	+	3459361	-7	AATAAA	18	1	1	0.0
chr15	67818880	67819649	ENSG00000189227.3_1_1	+	67818980	NA	AATAAA TTTAAA	19 14	1	1	0.0
chr7	100031174	100031751	ENSG00000146834.8_1_1	+	100031741	3	AATAAA	8	1	1	0.0
chr1	151148769	151149122	ENSG00000163159.6_1_1	-	151148938	NA	NA	NA	1	1	0.0
chr3	50337309	50337916	ENSG00000114378.12_1_1	-	50337321	0	NA	NA	1	1	0.0
chr3	41280830	41281946	ENSG00000168036.12_1_1	+	41281942	10	ATTAAA	12	1	1	0.0
chr19	1576667	1578341	ENSG00000071655.9_1_1	-	1576672	-5	NA	NA	2	2	5.52268050859
chr9	139566735	139567140	ENSG00000172889.10_1_1	+	139567130	3	AATAAA AATGAA	22 28	1	1	0.0
chr16	677619	679282	ENSG00000197562.4_1_1	+	679266	-3	AGTAAA	18	1	1	0.0
chr9	133376405	133376671	ENSG00000130707.11_1_1	+	133376641	-17	ATTAAA TATAAA	30 17	1	1	0.0
chr2	54895703	54896822	ENSG00000115306.10_2_1	+	54896812	2	ATTAAA AATATA TTTAAA	20 5 30	1	1	0.0
chr13	46700050	46701728	ENSG00000136167.8_1_1	-	46700113	36	NA	NA	1	1	0.0
chr15	72114621	72118923	ENSG00000066933.9_1_1	-	72114633	2	NA	NA	1	1	0.0
chr1	212619345	212619724	ENSG00000117691.5_1_1	+	212619485	NA	AATAAA	10	1	1	0.0
chr22	41641604	41642609	ENSG00000100401.14_1_1	-	41641616	1	NA	NA	1	1	0.0
chr19	34890938	34893328	ENSG00000105220.7_2_1	+	34891246	NA	AATAAA	7	1	1	0.0
chr19	34890938	34893328	ENSG00000105220.7_2_1	+	34893319	3	AATAAA	14	1	1	0.0
