chrm	beg	end	utr_ID	strand	polyA_coordinate	annotated_polyA_distance	nearby_PAS	PAS_distance	number_supporting_reads	number_unique_supporting_reads	unique_reads_spread
chr8	42329908	42330172	five_utr_exonic_37391	+	42329936	NA	NA	NA	1	1	0.0
chr16	88803207	88803966	five_utr_exonic_15312	+	88803740	NA	NA	NA	1	1	0.0
chr1	61547979	61548432	five_utr_exonic_1586	+	61548400	NA	NA	NA	1	1	0.0
chr15	99192199	99192810	five_utr_exonic_13780	+	99192779	NA	AAGAAA AAGAAA	23 33	1	1	0.0
chr11	93482196	93483511	five_utr_exonic_7987	+	93483076	NA	NA	NA	1	1	0.0
chr1	22161547	22161840	five_utr_exonic_588	+	22161648	NA	AGTAAA	31	1	1	0.0
chr1	22161547	22161840	five_utr_exonic_588	+	22161711	NA	NA	NA	1	1	0.0
chr1	22050655	22051612	five_utr_exonic_583	+	22050656	NA	NA	NA	3	2	2.44948974278
chr1	22050655	22051612	five_utr_exonic_583	+	22050705	NA	NA	NA	1	1	0.0
chr11	61090644	61091358	five_utr_exonic_7025	+	61091236	NA	AAGAAA	3	2	1	0.0
chr18	59854076	59854289	five_utr_exonic_17922	+	59854201	NA	NA	NA	1	1	0.0
chr10	15858914	15860007	five_utr_exonic_4369	+	15859757	NA	AAGAAA	26	1	1	0.0
chr10	75008208	75008600	five_utr_exonic_4969	+	75008524	NA	AAGAAA	1	1	1	0.0
chr8	117777753	117778494	five_utr_exonic_38143	+	117778361	NA	AATATA	14	1	1	0.0
chr14	91581013	91581565	five_utr_exonic_12410	+	91581392	NA	NA	NA	1	1	0.0
chr14	91581013	91581565	five_utr_exonic_12410	+	91581565	NA	TTTAAA TTTAAA	33 0	2	1	0.0
chr19	10217375	10217678	five_utr_exonic_18480	+	10217678	NA	NA	NA	1	1	0.0
chr17	74553859	74555122	five_utr_exonic_17265	+	74553863	NA	NA	NA	1	1	0.0
chr1	71546678	71546980	five_utr_exonic_1689	+	71546696	NA	NA	NA	3	2	0.57735026919
chrX	48434055	48434573	five_utr_exonic_40696	+	48434204	NA	NA	NA	1	1	0.0
chr16	57219732	57219976	five_utr_exonic_14818	+	57219815	NA	NA	NA	1	1	0.0
chr1	151257681	151258550	five_utr_exonic_2483	+	151257967	NA	NA	NA	1	1	0.0
chr4	125631666	125632429	five_utr_exonic_29999	+	125631689	NA	NA	NA	1	1	0.0
chr8	145743754	145744199	five_utr_exonic_38550	+	145744145	NA	AATGAA	29	1	1	0.0
chr2	70519806	70520284	five_utr_exonic_21263	+	70520090	NA	NA	NA	1	1	0.0
chr4	106629075	106630363	five_utr_exonic_29833	+	106629822	NA	NA	NA	1	1	0.0
chr11	65358859	65359172	five_utr_exonic_7336	+	65359083	NA	NA	NA	1	1	0.0
chr1	151030233	151033029	five_utr_exonic_2460	+	151030234	NA	NA	NA	1	1	0.0
chr9	124044328	124047808	five_utr_exonic_39664	+	124047808	NA	ACTAAA	33	1	1	0.0
chr11	47279512	47280767	five_utr_exonic_6780	+	47280378	NA	NA	NA	1	1	0.0
chr1	201977072	201980264	five_utr_exonic_3493	+	201977925	NA	NA	NA	1	1	0.0
chr18	19154804	19155391	five_utr_exonic_17654	+	19155094	NA	ATTAAA	11	1	1	0.0
chr6	31704077	31704349	five_utr_exonic_33019	+	31704263	NA	NA	NA	1	1	0.0
chr14	23540356	23540635	five_utr_exonic_11728	+	23540523	NA	NA	NA	1	1	0.0
chr8	144770831	144771471	five_utr_exonic_38459	+	144770880	NA	NA	NA	1	1	0.0
chr9	95087187	95088221	five_utr_exonic_39271	+	95087822	NA	NA	NA	1	1	0.0
chr17	47074773	47075107	five_utr_exonic_16715	+	47074773	NA	NA	NA	1	1	0.0
chr20	277736	278227	five_utr_exonic_23419	+	277741	NA	NA	NA	1	1	0.0
chr16	48396387	48397793	five_utr_exonic_14720	+	48397277	NA	NA	NA	1	1	0.0
chr13	80912867	80913794	five_utr_exonic_11395	+	80913708	NA	AATAAA AATAAA	7 5	1	1	0.0
chr16	277335	277685	five_utr_exonic_13857	+	277514	NA	AATACA	24	4	1	0.0
chr6	144285923	144289975	five_utr_exonic_34310	+	144289624	NA	AAGAAA	2	1	1	0.0
chr19	48978356	48979610	five_utr_exonic_19753	+	48979534	NA	AATATA	13	2	1	0.0
chr19	11940800	11941088	five_utr_exonic_18579	+	11940910	NA	NA	NA	3	2	4.7609522857
chr3	88107168	88107373	five_utr_exonic_27242	+	88107314	NA	NA	NA	1	1	0.0
chr1	150522297	150522733	five_utr_exonic_2424	+	150522418	NA	NA	NA	4	1	0.0
chr3	9860605	9862229	five_utr_exonic_26114	+	9862229	NA	NA	NA	1	1	0.0
chr1	41486332	41488909	five_utr_exonic_1190	+	41486997	NA	NA	NA	1	1	0.0
chr3	197677427	197677630	five_utr_exonic_28745	+	197677576	NA	NA	NA	1	1	0.0
chr20	62492565	62492893	five_utr_exonic_24457	+	62492569	NA	NA	NA	1	1	0.0
chr21	47667846	47668689	five_utr_exonic_24980	+	47667884	NA	AATAAA AATATA	14 24	1	1	0.0
chr21	47742652	47743789	five_utr_exonic_24988	+	47743320	NA	ACTAAA AAGAAA	9 9	1	1	0.0
chr21	47742652	47743789	five_utr_exonic_24988	+	47743376	NA	NA	NA	1	1	0.0
chr4	71587711	71588290	five_utr_exonic_29432	+	71588129	NA	NA	NA	1	1	0.0
chr4	71587711	71588290	five_utr_exonic_29432	+	71588201	NA	AATACA	7	1	1	0.0
chr8	101733811	101735037	five_utr_exonic_37997	+	101734148	NA	TATAAA TATAAA	25 11	1	1	0.0
chr9	139997799	139998781	five_utr_exonic_40172	+	139998762	NA	NA	NA	1	1	0.0
chr17	2304006	2304412	five_utr_exonic_15443	+	2304021	NA	NA	NA	1	1	0.0
chr7	91874740	91875480	five_utr_exonic_35684	+	91874892	NA	NA	NA	1	1	0.0
chr5	133706869	133707286	five_utr_exonic_31591	+	133707259	NA	NA	NA	1	1	0.0
chr8	56657680	56658594	five_utr_exonic_37503	+	56657771	NA	NA	NA	1	1	0.0
chr6	45296197	45296397	five_utr_exonic_33502	+	45296272	NA	NA	NA	1	1	0.0
chr19	49497180	49498190	five_utr_exonic_19796	+	49497953	NA	NA	NA	1	1	0.0
chr2	188418926	188419219	five_utr_exonic_22530	+	188418999	NA	NA	NA	1	1	0.0
chr12	118796723	118796971	five_utr_exonic_10518	+	118796839	NA	AATGAA	2	1	1	0.0
chr1	8877218	8877702	five_utr_exonic_236	+	8877536	NA	NA	NA	2	1	0.0
chr1	145438468	145438802	five_utr_exonic_2286	+	145438672	NA	TTTAAA AATAAA AATGAA TTTAAA	18 4 24 16	1	1	0.0
chr3	11323878	11324124	five_utr_exonic_26159	+	11323984	NA	NA	NA	1	1	0.0
chr19	49588464	49588835	five_utr_exonic_19811	+	49588721	NA	NA	NA	1	1	0.0
chr15	37393092	37393504	five_utr_exonic_12873	+	37393280	NA	NA	NA	1	1	0.0
chr15	37391667	37392704	five_utr_exonic_12872	+	37391765	NA	AAGAAA	0	1	1	0.0
chr8	33370131	33371119	five_utr_exonic_37260	+	33371099	NA	NA	NA	1	1	0.0
chr17	14204399	14204835	five_utr_exonic_15773	+	14204653	NA	NA	NA	1	1	0.0
chr7	65546461	65546789	five_utr_exonic_35391	+	65546567	NA	NA	NA	1	1	0.0
chr7	65579590	65579815	five_utr_exonic_35392	+	65579590	NA	NA	NA	1	1	0.0
chr2	185469653	185470229	five_utr_exonic_22515	+	185469989	NA	NA	NA	1	1	0.0
chr1	235492330	235493819	five_utr_exonic_3997	+	235493436	NA	GATAAA	14	1	1	0.0
chr11	61572282	61574000	five_utr_exonic_7067	+	61572579	NA	AATAAA AAGAAA AATGAA	25 9 15	3	2	1.0
chr11	61572282	61574000	five_utr_exonic_7067	+	61572922	NA	NA	NA	1	1	0.0
chr9	132815704	132816211	five_utr_exonic_39940	+	132815708	NA	NA	NA	1	1	0.0
chr19	10919256	10922428	five_utr_exonic_18523	+	10921321	NA	NA	NA	1	1	0.0
chr11	33792376	33795893	five_utr_exonic_6585	+	33792825	NA	AATACA TTTAAA ACTAAA AATAAA TTTAAA	4 30 0 17 4	3	2	4.7609522857
chr11	33792376	33795893	five_utr_exonic_6585	+	33794484	NA	NA	NA	1	1	0.0
chr11	33792376	33795893	five_utr_exonic_6585	+	33794626	NA	NA	NA	1	1	0.0
chr20	44754188	44755278	five_utr_exonic_24166	+	44754255	NA	AAGAAA	24	1	1	0.0
chr8	37735069	37735635	five_utr_exonic_37287	+	37735580	NA	AATAAA AAGAAA	19 15	1	1	0.0
chr21	43427928	43428166	five_utr_exonic_24834	+	43428111	NA	NA	NA	1	1	0.0
chr6	30034485	30034786	five_utr_exonic_32880	+	30034583	NA	AAGAAA	17	1	1	0.0
chr16	81498032	81498464	five_utr_exonic_15205	+	81498336	NA	NA	NA	1	1	0.0
chr17	39941198	39941407	five_utr_exonic_16403	+	39941248	NA	NA	NA	1	1	0.0
chr8	144669022	144669734	five_utr_exonic_38436	+	144669271	NA	NA	NA	1	1	0.0
chr8	144669022	144669734	five_utr_exonic_38436	+	144669573	NA	NA	NA	1	1	0.0
chr1	172411762	172413230	five_utr_exonic_3200	+	172412220	NA	NA	NA	1	1	0.0
chr1	172411762	172413230	five_utr_exonic_3200	+	172413198	NA	NA	NA	1	1	0.0
chr11	61133174	61133516	five_utr_exonic_7042	+	61133246	NA	NA	NA	1	1	0.0
chr12	132195992	132198615	five_utr_exonic_10800	+	132197396	NA	ATTAAA AATGAA GATAAA	11 28 29	1	1	0.0
chr12	132195992	132198615	five_utr_exonic_10800	+	132198252	NA	NA	NA	2	1	0.0
chr12	132198785	132199366	five_utr_exonic_10801	+	132199012	NA	NA	NA	1	1	0.0
chr11	118430544	118431137	five_utr_exonic_8333	+	118430963	NA	NA	NA	1	1	0.0
chr11	118436504	118436791	five_utr_exonic_8336	+	118436630	NA	NA	NA	1	1	0.0
chr2	219523423	219525205	five_utr_exonic_22966	+	219524333	NA	NA	NA	1	1	0.0
chr3	9405518	9405722	five_utr_exonic_26089	+	9405558	NA	NA	NA	1	1	0.0
chr4	6711356	6711607	five_utr_exonic_28956	+	6711566	NA	NA	NA	1	1	0.0
chr7	44613494	44614650	five_utr_exonic_35219	+	44614213	NA	NA	NA	2	1	0.0
chr19	50168095	50169080	five_utr_exonic_19853	+	50168721	NA	NA	NA	1	1	0.0
chr12	122331722	122332644	five_utr_exonic_10613	+	122331992	NA	ATTAAA	8	1	1	0.0
chr12	122331722	122332644	five_utr_exonic_10613	+	122332047	NA	NA	NA	1	1	0.0
chr12	122331722	122332644	five_utr_exonic_10613	+	122332409	NA	GATAAA	18	1	1	0.0
chr5	173315282	173316736	five_utr_exonic_32182	+	173316618	NA	NA	NA	1	1	0.0
chr16	84135388	84135592	five_utr_exonic_15221	+	84135452	NA	AAGAAA AATATA	8 27	1	1	0.0
chr19	19626236	19626798	five_utr_exonic_18933	+	19626515	NA	NA	NA	1	1	0.0
chr8	126010847	126011645	five_utr_exonic_38231	+	126010848	NA	NA	NA	1	1	0.0
chr8	126010847	126011645	five_utr_exonic_38231	+	126011274	NA	AAGAAA	26	3	2	0.816496580928
chr8	126010847	126011645	five_utr_exonic_38231	+	126011334	NA	NA	NA	5	2	1.26491106407
chr11	61081958	61083752	five_utr_exonic_7022	+	61082481	NA	NA	NA	1	1	0.0
chr11	61081958	61083752	five_utr_exonic_7022	+	61083697	NA	CATAAA TTTAAA TTTAAA	3 19 15	1	1	0.0
chr7	23145913	23146413	five_utr_exonic_34912	+	23146410	NA	NA	NA	2	1	0.0
chr6	4810507	4811623	five_utr_exonic_32515	+	4810507	NA	NA	NA	1	1	0.0
chr1	28845206	28845469	five_utr_exonic_851	+	28845206	NA	NA	NA	1	1	0.0
chr1	28845206	28845469	five_utr_exonic_851	+	28845420	NA	NA	NA	1	1	0.0
chr2	61763336	61763723	five_utr_exonic_21145	+	61763670	NA	NA	NA	1	1	0.0
chr7	120628730	120628966	five_utr_exonic_36181	+	120628803	NA	NA	NA	2	1	0.0
chr7	120628730	120628966	five_utr_exonic_36181	+	120628874	NA	NA	NA	2	1	0.0
chr7	120629104	120629675	five_utr_exonic_36182	+	120629546	NA	NA	NA	1	1	0.0
chr7	39663484	39664026	five_utr_exonic_35162	+	39663890	NA	NA	NA	1	1	0.0
chr7	39663484	39664026	five_utr_exonic_35162	+	39663967	NA	NA	NA	2	2	8.0
chr12	122760988	122762694	five_utr_exonic_10635	+	122762563	NA	ATTAAA ATTAAA ATTAAA AATATA	1 11 26 17	1	1	0.0
chr16	3027214	3027494	five_utr_exonic_14058	+	3027236	NA	NA	NA	1	1	0.0
chr12	27090590	27091259	five_utr_exonic_9297	+	27090726	NA	NA	NA	7	1	0.0
chrX	102931955	102933308	five_utr_exonic_41289	+	102933037	NA	NA	NA	1	1	0.0
chr15	41624925	41625155	five_utr_exonic_12943	+	41625101	NA	NA	NA	1	1	0.0
chr8	106330919	106331169	five_utr_exonic_38075	+	106330919	NA	NA	NA	1	1	0.0
chr12	133306856	133308796	five_utr_exonic_10849	+	133308013	NA	ATTAAA AATGAA	21 1	2	2	2.0
chr12	133306856	133308796	five_utr_exonic_10849	+	133308084	NA	AATAGA	11	1	1	0.0
chr18	3011715	3011945	five_utr_exonic_17526	+	3011797	NA	AAGAAA	1	2	1	0.0
chr7	129844806	129845212	five_utr_exonic_36301	+	129845079	NA	AAGAAA	1	1	1	0.0
chr3	100119793	100121283	five_utr_exonic_27310	+	100120095	NA	AAGAAA	3	1	1	0.0
chr6	43737949	43738443	five_utr_exonic_33477	+	43738266	NA	NA	NA	1	1	0.0
chr12	49854552	49854795	five_utr_exonic_9543	+	49854615	NA	NA	NA	1	1	0.0
chr11	75278826	75279775	five_utr_exonic_7771	+	75279337	NA	NA	NA	1	1	0.0
chr10	70480970	70481293	five_utr_exonic_4875	+	70481010	NA	NA	NA	1	1	0.0
chr13	76194569	76195829	five_utr_exonic_11364	+	76194861	NA	NA	NA	1	1	0.0
chr1	101360188	101361554	five_utr_exonic_1961	+	101360353	NA	NA	NA	1	1	0.0
chr1	157014122	157015162	five_utr_exonic_2882	+	157014745	NA	AATAAA AGTAAA	17 9	1	1	0.0
chr16	71841726	71842053	five_utr_exonic_15105	+	71842053	NA	NA	NA	1	1	0.0
chr6	2962127	2962342	five_utr_exonic_32477	+	2962140	NA	NA	NA	1	1	0.0
chr1	46125855	46126897	five_utr_exonic_1360	+	46126897	NA	NA	NA	1	1	0.0
chr1	35322786	35324670	five_utr_exonic_1005	+	35324670	NA	NA	NA	1	1	0.0
chr11	30349582	30352495	five_utr_exonic_6520	+	30349673	NA	GATAAA	21	1	1	0.0
chr1	32396533	32396743	five_utr_exonic_912	+	32396568	NA	NA	NA	2	2	1.58113883008
chr21	38453895	38456631	five_utr_exonic_24728	+	38454714	NA	NA	NA	1	1	0.0
chr12	8852380	8853210	five_utr_exonic_8980	+	8852778	NA	AGTAAA	17	1	1	0.0
chr10	65028422	65028982	five_utr_exonic_4838	+	65028971	NA	NA	NA	1	1	0.0
chr10	75758606	75759123	five_utr_exonic_5004	+	75759021	NA	NA	NA	1	1	0.0
chr5	65222302	65222634	five_utr_exonic_30994	+	65222402	NA	NA	NA	2	1	0.0
chrX	38663935	38664199	five_utr_exonic_40564	+	38664199	NA	NA	NA	1	1	0.0
chr13	41933098	41933855	five_utr_exonic_11130	+	41933296	NA	AAGAAA	31	1	1	0.0
chr1	36023518	36023791	five_utr_exonic_1028	+	36023687	NA	AATATA ATTAAA	2 13	1	1	0.0
chr10	135103473	135104538	five_utr_exonic_5741	+	135103996	NA	NA	NA	1	1	0.0
chr10	135103473	135104538	five_utr_exonic_5741	+	135104233	NA	NA	NA	1	1	0.0
chr9	37428991	37429664	five_utr_exonic_38995	+	37429492	NA	NA	NA	1	1	0.0
chr5	180669620	180670285	five_utr_exonic_32438	+	180669620	NA	NA	NA	1	1	0.0
chr8	41518508	41518928	five_utr_exonic_37369	+	41518578	NA	AAGAAA AAGAAA	7 26	1	1	0.0
chr12	27113928	27116274	five_utr_exonic_9301	+	27114671	NA	NA	NA	1	1	0.0
chr6	158499313	158500388	five_utr_exonic_34464	+	158499449	NA	AATACA	31	1	1	0.0
chr5	64777169	64777747	five_utr_exonic_30978	+	64777290	NA	AATAAA AATAAA ATTAAA	5 13 23	1	1	0.0
chr8	42226453	42226788	five_utr_exonic_37386	+	42226788	NA	TTTAAA TTTAAA AATGAA TTTAAA TTTAAA	10 21 3 12 23	1	1	0.0
chr10	75167952	75168165	five_utr_exonic_4974	+	75168136	NA	AAGAAA AAGAAA	0 6	1	1	0.0
chr11	57529233	57529591	five_utr_exonic_6904	+	57529287	NA	NA	NA	1	1	0.0
chr2	192542852	192543340	five_utr_exonic_22610	+	192543162	NA	AAGAAA	6	1	1	0.0
chr2	192542852	192543340	five_utr_exonic_22610	+	192543340	NA	NA	NA	1	1	0.0
chr6	33256947	33257633	five_utr_exonic_33140	+	33256952	NA	NA	NA	1	1	0.0
chr1	33290497	33291086	five_utr_exonic_955	+	33290796	NA	NA	NA	1	1	0.0
chr2	37543667	37544322	five_utr_exonic_20918	+	37544083	NA	NA	NA	1	1	0.0
chr14	21730759	21733675	five_utr_exonic_11678	+	21731586	NA	AGTAAA AAGAAA AATGAA	14 9 13	1	1	0.0
chr7	97499089	97499289	five_utr_exonic_35751	+	97499134	NA	AAGAAA AATAAA	23 29	1	1	0.0
chr6	111195972	111196308	five_utr_exonic_33975	+	111196178	NA	TATAAA AATATA TTTAAA TTTAAA	26 24 11 23	4	3	1.58113883008
chr6	31725198	31725905	five_utr_exonic_33026	+	31725588	NA	NA	NA	1	1	0.0
chr1	42655075	42655480	five_utr_exonic_1206	+	42655272	NA	NA	NA	1	1	0.0
chr11	65270288	65271093	five_utr_exonic_7322	+	65270295	NA	NA	NA	21	2	4.12310562562
chr11	65270288	65271093	five_utr_exonic_7322	+	65270340	NA	AATGAA TTTAAA TTTAAA	8 23 11	3	2	6.63324958071
chr11	65270288	65271093	five_utr_exonic_7322	+	65270379	NA	TTTAAA TTTAAA	7 27	8	2	1.0
chr11	65270288	65271093	five_utr_exonic_7322	+	65270458	NA	AATAAA	34	84	6	3.70649365818
chr11	65270288	65271093	five_utr_exonic_7322	+	65270499	NA	AAGAAA AATGAA	5 9	9	3	1.490711985
chr11	65270288	65271093	five_utr_exonic_7322	+	65270592	NA	NA	NA	1	1	0.0
chr11	65270288	65271093	five_utr_exonic_7322	+	65270657	NA	AATGAA	33	1	1	0.0
chr11	65270288	65271093	five_utr_exonic_7322	+	65270701	NA	NA	NA	3	3	1.29099444874
chr11	65270288	65271093	five_utr_exonic_7322	+	65270868	NA	NA	NA	1	1	0.0
chr11	65270288	65271093	five_utr_exonic_7322	+	65271078	NA	ATTAAA	19	8	2	11.1523540116
chr17	34868716	34869008	five_utr_exonic_16188	+	34868931	NA	TTTAAA TTTAAA	11 23	3	2	1.0
chr1	220262985	220263191	five_utr_exonic_3787	+	220262985	NA	NA	NA	5	1	0.0
chr18	9136757	9136963	five_utr_exonic_17585	+	9136822	NA	NA	NA	1	1	0.0
chr7	128387606	128388408	five_utr_exonic_36268	+	128387713	NA	ATTAAA	19	1	1	0.0
chr12	121768505	121769149	five_utr_exonic_10583	+	121768906	NA	GATAAA	23	1	1	0.0
chr12	70715834	70718054	five_utr_exonic_10059	+	70716261	NA	NA	NA	1	1	0.0
chr20	34370249	34370531	five_utr_exonic_23915	+	34370250	NA	NA	NA	3	2	1.41421356237
chr20	34329862	34330234	five_utr_exonic_23913	+	34329969	NA	NA	NA	1	1	0.0
chr1	151427437	151427673	five_utr_exonic_2498	+	151427437	NA	NA	NA	1	1	0.0
chr13	21141808	21142115	five_utr_exonic_10918	+	21142073	NA	NA	NA	1	1	0.0
chr11	62609040	62609281	five_utr_exonic_7154	+	62609068	NA	ATTAAA	21	3	3	20.2402239777
chrX	102755684	102757803	five_utr_exonic_41275	+	102756996	NA	NA	NA	1	1	0.0
chr6	31637943	31638727	five_utr_exonic_33007	+	31638037	NA	NA	NA	2	1	0.0
chr6	31632617	31633224	five_utr_exonic_33004	+	31632625	NA	NA	NA	1	1	0.0
chr2	157198551	157198860	five_utr_exonic_22160	+	157198763	NA	GATAAA	29	2	1	0.0
chr4	106394496	106394866	five_utr_exonic_29827	+	106394540	NA	NA	NA	1	1	0.0
chr14	91751751	91752034	five_utr_exonic_12424	+	91751966	NA	NA	NA	1	1	0.0
chr14	35591165	35591519	five_utr_exonic_11885	+	35591180	NA	NA	NA	2	2	0.707106781187
chr15	96876568	96877086	five_utr_exonic_13776	+	96876619	NA	NA	NA	1	1	0.0
chr8	116680771	116681228	five_utr_exonic_38137	+	116681041	NA	NA	NA	1	1	0.0
chr9	95055727	95056038	five_utr_exonic_39269	+	95055727	NA	NA	NA	1	1	0.0
chr9	95055727	95056038	five_utr_exonic_39269	+	95055961	NA	NA	NA	1	1	0.0
chr7	43688213	43689895	five_utr_exonic_35180	+	43689132	NA	AATGAA	14	1	1	0.0
chr7	43688213	43689895	five_utr_exonic_35180	+	43689177	NA	NA	NA	1	1	0.0
chrX	122993876	122994395	five_utr_exonic_41514	+	122994355	NA	NA	NA	1	1	0.0
chr3	160131810	160132154	five_utr_exonic_28216	+	160131869	NA	AATATA	18	1	1	0.0
chr1	117208948	117209578	five_utr_exonic_2219	+	117209272	NA	NA	NA	1	1	0.0
chr3	24536142	24536496	five_utr_exonic_26329	+	24536246	NA	NA	NA	1	1	0.0
chr5	56471274	56472227	five_utr_exonic_30919	+	56472156	NA	NA	NA	1	1	0.0
chr19	52780404	52780731	five_utr_exonic_20018	+	52780731	NA	NA	NA	1	1	0.0
chr4	699536	699759	five_utr_exonic_28773	+	699661	NA	TTTAAA TTTAAA	15 19	1	1	0.0
chr4	103746395	103746716	five_utr_exonic_29800	+	103746449	NA	AATAAA	16	1	1	0.0
chr8	144679024	144679914	five_utr_exonic_38445	+	144679586	NA	NA	NA	1	1	0.0
chr10	105209698	105210557	five_utr_exonic_5434	+	105210557	NA	GATAAA	12	1	1	0.0
chr22	39095992	39096672	five_utr_exonic_25676	+	39096417	NA	AAGAAA AAGAAA	3 12	1	1	0.0
chr9	91933765	91933982	five_utr_exonic_39242	+	91933982	NA	CATAAA	21	1	1	0.0
chr2	27434767	27435071	five_utr_exonic_20758	+	27435034	NA	ACTAAA	19	1	1	0.0
chrX	47067960	47068739	five_utr_exonic_40627	+	47068490	NA	NA	NA	1	1	0.0
chr1	150978787	150980095	five_utr_exonic_2450	+	150978895	NA	AATGAA	7	1	1	0.0
chr11	93456564	93457419	five_utr_exonic_7979	+	93457127	NA	AATAGA	3	1	1	0.0
chrX	153236291	153237258	five_utr_exonic_41934	+	153236961	NA	NA	NA	1	1	0.0
chr11	125550675	125551018	five_utr_exonic_8553	+	125550680	NA	NA	NA	1	1	0.0
chr11	125495035	125495655	five_utr_exonic_8550	+	125495038	NA	NA	NA	2	2	3.53553390593
chr21	48055078	48056459	five_utr_exonic_24993	+	48055625	NA	NA	NA	1	1	0.0
chr12	109915067	109915914	five_utr_exonic_10378	+	109915846	NA	NA	NA	2	2	0.707106781187
chr1	54513045	54513686	five_utr_exonic_1517	+	54513303	NA	AAGAAA	2	2	1	0.0
chr1	54518861	54519177	five_utr_exonic_1518	+	54519106	NA	NA	NA	1	1	0.0
chr2	201753016	201753302	five_utr_exonic_22694	+	201753218	NA	AATATA	3	1	1	0.0
chr7	30897362	30898635	five_utr_exonic_35057	+	30898224	NA	TTTAAA GATAAA TTTAAA	17 3 17	1	1	0.0
chr8	86130935	86131592	five_utr_exonic_37775	+	86131464	NA	NA	NA	1	1	0.0
chr11	85975305	85977124	five_utr_exonic_7916	+	85976581	NA	AGTAAA	29	1	1	0.0
chr16	69598996	69600204	five_utr_exonic_15043	+	69600204	NA	NA	NA	1	1	0.0
chrX	153044801	153045680	five_utr_exonic_41912	+	153044801	NA	NA	NA	1	1	0.0
chr10	18940132	18940551	five_utr_exonic_4399	+	18940197	NA	NA	NA	3	1	0.0
chr11	62476673	62477317	five_utr_exonic_7136	+	62476892	NA	NA	NA	1	1	0.0
chr22	21271713	21272222	five_utr_exonic_25130	+	21271713	NA	NA	NA	1	1	0.0
chr2	120436742	120437193	five_utr_exonic_21903	+	120437062	NA	AAGAAA	22	1	1	0.0
chr3	71381344	71384432	five_utr_exonic_27192	+	71382988	NA	NA	NA	1	1	0.0
chr11	9602773	9603078	five_utr_exonic_6251	+	9602774	NA	NA	NA	1	1	0.0
chr11	9602773	9603078	five_utr_exonic_6251	+	9602914	NA	AATAAA AATACA	29 8	1	1	0.0
chr6	170167110	170168198	five_utr_exonic_34591	+	170167792	NA	NA	NA	1	1	0.0
chr13	31037817	31038447	five_utr_exonic_11026	+	31037961	NA	NA	NA	1	1	0.0
chr16	446724	447079	five_utr_exonic_13881	+	447027	NA	AATGAA	4	1	1	0.0
chr8	12610534	12611851	five_utr_exonic_36915	+	12610809	NA	NA	NA	1	1	0.0
chr9	134151566	134151934	five_utr_exonic_39976	+	134151789	NA	NA	NA	1	1	0.0
chr3	168862787	168864093	five_utr_exonic_28271	+	168863246	NA	AGTAAA TTTAAA TTTAAA	13 6 28	1	1	0.0
chr3	31574281	31574490	five_utr_exonic_26380	+	31574476	NA	NA	NA	2	1	0.0
chr6	74229749	74231444	five_utr_exonic_33701	+	74229753	NA	NA	NA	3	1	0.0
chr3	138488892	138489397	five_utr_exonic_27927	+	138488892	NA	NA	NA	2	1	0.0
chr4	88312222	88312538	five_utr_exonic_29657	+	88312325	NA	NA	NA	2	1	0.0
chr1	234509586	234509972	five_utr_exonic_3988	+	234509859	NA	NA	NA	1	1	0.0
chr1	234509586	234509972	five_utr_exonic_3988	+	234509923	NA	NA	NA	3	2	5.65685424949
chr8	142431487	142432340	five_utr_exonic_38365	+	142432069	NA	AGTAAA	15	2	1	0.0
chr8	142431487	142432340	five_utr_exonic_38365	+	142432227	NA	TTTAAA TTTAAA	16 18	1	1	0.0
chr22	22896250	22896603	five_utr_exonic_25179	+	22896546	NA	AATATA	7	2	1	0.0
chr18	48405418	48405678	five_utr_exonic_17847	+	48405613	NA	NA	NA	1	1	0.0
chr11	108361928	108362231	five_utr_exonic_8134	+	108362146	NA	NA	NA	1	1	0.0
chrX	109246728	109247002	five_utr_exonic_41383	+	109246728	NA	NA	NA	1	1	0.0
chr8	102214560	102217557	five_utr_exonic_38009	+	102215395	NA	NA	NA	1	1	0.0
chr11	66963993	66964638	five_utr_exonic_7467	+	66964017	NA	NA	NA	1	1	0.0
chr1	19444404	19445343	five_utr_exonic_486	+	19445101	NA	TTTAAA TTTAAA	24 10	2	1	0.0
chr11	13741449	13743276	five_utr_exonic_6330	+	13742090	NA	AATATA AATAAA	23 23	1	1	0.0
chr19	41856815	41857107	five_utr_exonic_19423	+	41857091	NA	NA	NA	1	1	0.0
chr6	136571113	136571462	five_utr_exonic_34240	+	136571131	NA	NA	NA	1	1	0.0
chr7	99674980	99675462	five_utr_exonic_35831	+	99675370	NA	TTTAAA AATAAA AAGAAA TTTAAA	16 7 11 18	2	1	0.0
chr12	49525083	49525304	five_utr_exonic_9530	+	49525148	NA	NA	NA	1	1	0.0
chr1	21100103	21101498	five_utr_exonic_547	+	21100252	NA	NA	NA	1	1	0.0
chr17	26369181	26369899	five_utr_exonic_15965	+	26369690	NA	AAGAAA	4	1	1	0.0
chr17	26369181	26369899	five_utr_exonic_15965	+	26369752	NA	ATTAAA	31	7	4	6.9385053969
chr5	179017738	179018625	five_utr_exonic_32364	+	179018512	NA	NA	NA	1	1	0.0
chr5	179050134	179051670	five_utr_exonic_32366	+	179050668	NA	NA	NA	1	1	0.0
chr15	70389137	70390256	five_utr_exonic_13374	+	70390154	NA	NA	NA	1	1	0.0
chr11	61101813	61102200	five_utr_exonic_7032	+	61102200	NA	NA	NA	1	1	0.0
chr6	3982908	3983401	five_utr_exonic_32504	+	3982908	NA	NA	NA	1	1	0.0
chr3	152017193	152017982	five_utr_exonic_28126	+	152017193	NA	NA	NA	1	1	0.0
chr3	152017193	152017982	five_utr_exonic_28126	+	152017909	NA	NA	NA	1	1	0.0
chr3	152017193	152017982	five_utr_exonic_28126	+	152017971	NA	NA	NA	1	1	0.0
chrX	48772669	48773012	five_utr_exonic_40717	+	48772704	NA	NA	NA	1	1	0.0
chrX	57147670	57147980	five_utr_exonic_40909	+	57147727	NA	NA	NA	1	1	0.0
chr6	135347991	135348334	five_utr_exonic_34229	+	135348326	NA	NA	NA	1	1	0.0
chr15	81293294	81294612	five_utr_exonic_13589	+	81294155	NA	NA	NA	1	1	0.0
chr6	90539627	90541058	five_utr_exonic_33827	+	90539627	NA	NA	NA	1	1	0.0
chr5	72860956	72861567	five_utr_exonic_31085	+	72861337	NA	AAGAAA	7	1	1	0.0
chrX	102940098	102941149	five_utr_exonic_41292	+	102940337	NA	GATAAA AAGAAA AAGAAA	3 1 12	1	1	0.0
chr11	77849823	77850304	five_utr_exonic_7836	+	77850042	NA	AATGAA	5	2	1	0.0
chr11	76066698	76070617	five_utr_exonic_7789	+	76069185	NA	NA	NA	1	1	0.0
chr17	40761342	40761755	five_utr_exonic_16455	+	40761716	NA	NA	NA	1	1	0.0
chr6	24720129	24721064	five_utr_exonic_32698	+	24720737	NA	NA	NA	2	2	3.0
chr6	24666423	24666753	five_utr_exonic_32693	+	24666492	NA	AATGAA	2	2	1	0.0
chr6	24718896	24720087	five_utr_exonic_32697	+	24718997	NA	NA	NA	1	1	0.0
chr6	24718896	24720087	five_utr_exonic_32697	+	24719360	NA	NA	NA	2	2	1.0
chr12	133331719	133338203	five_utr_exonic_10855	+	133332164	NA	AAGAAA	9	2	1	0.0
chr12	133331719	133338203	five_utr_exonic_10855	+	133332220	NA	NA	NA	1	1	0.0
chr12	133331719	133338203	five_utr_exonic_10855	+	133334528	NA	NA	NA	1	1	0.0
chr12	133331719	133338203	five_utr_exonic_10855	+	133334976	NA	NA	NA	1	1	0.0
chr7	140174289	140174569	five_utr_exonic_36441	+	140174537	NA	AAGAAA	14	1	1	0.0
chr6	32939371	32940675	five_utr_exonic_33123	+	32940611	NA	NA	NA	1	1	0.0
chr6	33168253	33168543	five_utr_exonic_33129	+	33168338	NA	NA	NA	1	1	0.0
chr1	47901688	47903807	five_utr_exonic_1418	+	47901688	NA	NA	NA	1	1	0.0
chr8	38243724	38244752	five_utr_exonic_37311	+	38244405	NA	AATGAA	32	1	1	0.0
chr17	5015117	5015646	five_utr_exonic_15535	+	5015612	NA	NA	NA	1	1	0.0
chr4	7054550	7055788	five_utr_exonic_28969	+	7055089	NA	NA	NA	1	1	0.0
chr11	33182871	33183077	five_utr_exonic_6572	+	33182920	NA	NA	NA	1	1	0.0
chr4	76439496	76440201	five_utr_exonic_29482	+	76440100	NA	NA	NA	1	1	0.0
chr12	54689032	54689544	five_utr_exonic_9751	+	54689369	NA	NA	NA	2	2	3.0
chr12	122689231	122690864	five_utr_exonic_10628	+	122689506	NA	NA	NA	1	1	0.0
chr8	25280846	25282170	five_utr_exonic_37124	+	25281885	NA	NA	NA	1	1	0.0
chr10	70136729	70136950	five_utr_exonic_4866	+	70136924	NA	NA	NA	1	1	0.0
chr1	45272455	45272957	five_utr_exonic_1332	+	45272455	NA	NA	NA	1	1	0.0
chr4	122722747	122722963	five_utr_exonic_29971	+	122722932	NA	NA	NA	1	1	0.0
chr4	160188888	160189307	five_utr_exonic_30253	+	160189018	NA	NA	NA	1	1	0.0
chr21	35467161	35467497	five_utr_exonic_24674	+	35467436	NA	NA	NA	1	1	0.0
chr11	46612674	46612973	five_utr_exonic_6744	+	46612798	NA	AAGAAA	14	1	1	0.0
chr11	118958212	118958788	five_utr_exonic_8369	+	118958721	NA	NA	NA	28	1	0.0
chr1	11863571	11864589	five_utr_exonic_315	+	11864113	NA	NA	NA	2	2	3.0
chr10	101689364	101690753	five_utr_exonic_5330	+	101689482	NA	ATTAAA	14	1	1	0.0
chr10	101945383	101948054	five_utr_exonic_5335	+	101946230	NA	AATAAA	0	1	1	0.0
chr4	141445311	141445815	five_utr_exonic_30064	+	141445365	NA	NA	NA	4	2	1.0
chr7	6156110	6156425	five_utr_exonic_34772	+	6156182	NA	NA	NA	1	1	0.0
chr2	61404756	61406115	five_utr_exonic_21140	+	61405947	NA	NA	NA	1	1	0.0
chr9	75772569	75773437	five_utr_exonic_39131	+	75772589	NA	NA	NA	1	1	0.0
chr2	111878490	111878765	five_utr_exonic_21808	+	111878698	NA	NA	NA	1	1	0.0
chr1	154945768	154945984	five_utr_exonic_2727	+	154945768	NA	NA	NA	1	1	0.0
chr1	12677353	12677737	five_utr_exonic_337	+	12677722	NA	NA	NA	1	1	0.0
chr15	65808030	65809611	five_utr_exonic_13298	+	65808772	NA	ATTAAA	11	1	1	0.0
chr11	795006	795336	five_utr_exonic_5846	+	795180	NA	NA	NA	1	1	0.0
chr11	73881837	73882064	five_utr_exonic_7725	+	73881859	NA	NA	NA	1	1	0.0
chr11	57439492	57440562	five_utr_exonic_6897	+	57440025	NA	TTTAAA TTTAAA	0 34	1	1	0.0
chr4	48833014	48833548	five_utr_exonic_29285	+	48833548	NA	NA	NA	1	1	0.0
chr7	117824334	117825700	five_utr_exonic_36172	+	117825543	NA	NA	NA	1	1	0.0
chr6	10887063	10887359	five_utr_exonic_32585	+	10887300	NA	NA	NA	9	3	1.10554159679
chr16	75297535	75298248	five_utr_exonic_15155	+	75297774	NA	NA	NA	1	1	0.0
chr1	227085236	227087256	five_utr_exonic_3881	+	227085289	NA	AATGAA	16	1	1	0.0
chr1	203767973	203772144	five_utr_exonic_3551	+	203770187	NA	TATAAA	20	1	1	0.0
chr1	203767973	203772144	five_utr_exonic_3551	+	203770476	NA	AATACA	18	1	1	0.0
chr1	203767973	203772144	five_utr_exonic_3551	+	203770725	NA	AATGAA	27	1	1	0.0
chr1	203767973	203772144	five_utr_exonic_3551	+	203771764	NA	NA	NA	1	1	0.0
chr1	203767973	203772144	five_utr_exonic_3551	+	203771863	NA	AATGAA TTTAAA TTTAAA	10 6 28	4	1	0.0
chr1	203767973	203772144	five_utr_exonic_3551	+	203771916	NA	NA	NA	1	1	0.0
chr1	203765420	203765729	five_utr_exonic_3550	+	203765624	NA	AATGAA	9	1	1	0.0
chr11	73584450	73584789	five_utr_exonic_7704	+	73584740	NA	NA	NA	1	1	0.0
chr12	123464590	123464934	five_utr_exonic_10682	+	123464592	NA	NA	NA	1	1	0.0
chr3	47554481	47554903	five_utr_exonic_26712	+	47554563	NA	NA	NA	1	1	0.0
chr4	2481579	2482937	five_utr_exonic_28864	+	2482311	NA	NA	NA	1	1	0.0
chr22	41680904	41681157	five_utr_exonic_25761	+	41681000	NA	NA	NA	1	1	0.0
chr6	159062392	159063820	five_utr_exonic_34471	+	159062616	NA	TTTAAA AATAAA AATAAA TTTAAA	8 2 12 26	1	1	0.0
chr10	14965068	14965674	five_utr_exonic_4345	+	14965381	NA	NA	NA	1	1	0.0
chr17	42264573	42265076	five_utr_exonic_16544	+	42264898	NA	NA	NA	1	1	0.0
