chrm	beg	end	utr_ID	strand	polyA_coordinate	annotated_polyA_distance	nearby_PAS	PAS_distance	number_supporting_reads	number_unique_supporting_reads	unique_reads_spread
chr7	151071182	151071506	cds_exonic_185586	+	151071208	NA	NA	NA	1	1	0.0
chr3	98239976	98240286	cds_exonic_141842	+	98240151	NA	AATAAA AAGAAA	21 1	1	1	0.0
chr9	128064261	128065105	cds_exonic_199095	+	128064614	NA	NA	NA	1	1	0.0
chr9	128064261	128065105	cds_exonic_199095	+	128064879	NA	AATAAA	5	1	1	0.0
chr6	27777851	27778259	cds_exonic_166805	+	27778140	NA	NA	NA	1	1	0.0
chr9	117240634	117241051	cds_exonic_198403	+	117240634	NA	NA	NA	1	1	0.0
chr17	33288585	33289701	cds_exonic_84877	+	33289610	NA	AATAAA AAGAAA CATAAA	2 12 25	1	1	0.0
chr17	33310024	33310571	cds_exonic_84878	+	33310050	NA	NA	NA	1	1	0.0
chr17	33310024	33310571	cds_exonic_84878	+	33310340	NA	NA	NA	1	1	0.0
chr6	43399847	43401098	cds_exonic_169825	+	43400157	NA	NA	NA	1	1	0.0
chr1	206820732	206822307	cds_exonic_18567	+	206821441	NA	CATAAA	9	1	1	0.0
chrX	153297657	153298008	cds_exonic_208586	+	153297938	NA	AAGAAA	6	3	3	3.74165738677
chr15	64791618	64792611	cds_exonic_68109	+	64792537	NA	AAGAAA	14	1	1	0.0
chr8	100523331	100523740	cds_exonic_190696	+	100523600	NA	AATATA	24	2	1	0.0
chr19	1278809	1279205	cds_exonic_95961	+	1279205	NA	NA	NA	2	1	0.0
chr1	32682570	32682952	cds_exonic_4699	+	32682887	NA	NA	NA	3	1	0.0
chr4	675681	676165	cds_exonic_148114	+	675823	28	AATAAA	14	1	1	0.0
chr6	56482783	56485513	cds_exonic_170799	+	56484870	NA	NA	NA	1	1	0.0
chr11	6592865	6593213	cds_exonic_31502	+	6593213	NA	NA	NA	2	1	0.0
chr11	6623081	6623494	cds_exonic_31508	+	6623279	NA	AAGAAA AAGAAA	2 14	1	1	0.0
chr16	53243393	53243725	cds_exonic_76570	+	53243679	NA	NA	NA	1	1	0.0
chr20	61833638	61835159	cds_exonic_128417	+	61833787	NA	NA	NA	1	1	0.0
chr11	46405018	46405313	cds_exonic_33818	+	46405021	NA	NA	NA	1	1	0.0
chr11	46405018	46405313	cds_exonic_33818	+	46405313	NA	NA	NA	4	1	0.0
chr5	118484433	118486116	cds_exonic_161047	+	118485203	NA	AAGAAA GATAAA	26 22	1	1	0.0
chr7	77378740	77379381	cds_exonic_180148	+	77379316	NA	ATTAAA AATGAA	16 20	1	1	0.0
chr7	77378740	77379381	cds_exonic_180148	+	77379381	NA	NA	NA	1	1	0.0
chr6	43017144	43017400	cds_exonic_169676	+	43017376	NA	NA	NA	1	1	0.0
chr12	8075416	8075620	cds_exonic_43229	+	8075620	NA	AATACA	7	1	1	0.0
chr14	102483424	102483631	cds_exonic_63141	+	102483522	NA	NA	NA	1	1	0.0
chr1	11850739	11850955	cds_exonic_1747	+	11850836	NA	NA	NA	1	1	0.0
chr4	128724783	128725028	cds_exonic_154140	+	128724932	NA	TATAAA	12	1	1	0.0
chr4	128732591	128732791	cds_exonic_154145	+	128732768	NA	AATGAA	2	1	1	0.0
chrX	122551252	122551786	cds_exonic_207183	+	122551786	NA	NA	NA	1	1	0.0
chr19	12059090	12061065	cds_exonic_98933	+	12059830	NA	NA	NA	1	1	0.0
chr11	65658254	65658860	cds_exonic_36549	+	65658718	NA	NA	NA	1	1	0.0
chr17	38990768	38991542	cds_exonic_86088	+	38991343	NA	AATAAA TATAAA AATATA	14 22 20	3	3	6.27162924074
chr12	92537858	92538223	cds_exonic_49693	+	92538119	NA	NA	NA	1	1	0.0
chr9	125627627	125627936	cds_exonic_198835	+	125627700	NA	AAGAAA	2	1	1	0.0
chr15	51790748	51792428	cds_exonic_67082	+	51790962	NA	AATAAA	26	1	1	0.0
chr10	70530962	70531202	cds_exonic_24901	+	70531083	NA	AAGAAA GATAAA	19 27	2	1	0.0
chr1	19493515	19493725	cds_exonic_2759	+	19493724	NA	NA	NA	2	1	0.0
chr3	195781950	195782172	cds_exonic_147768	+	195782172	NA	NA	NA	1	1	0.0
chr6	146266516	146266792	cds_exonic_174551	+	146266532	NA	NA	NA	1	1	0.0
chr9	5919686	5923309	cds_exonic_193677	+	5921621	NA	NA	NA	1	1	0.0
chr7	32908959	32910492	cds_exonic_178019	+	32910264	NA	AAGAAA	7	1	1	0.0
chr19	44610548	44612434	cds_exonic_103925	+	44612434	NA	NA	NA	1	1	0.0
chr2	27435071	27435335	cds_exonic_108918	+	27435071	NA	NA	NA	1	1	0.0
chr8	48802817	48803041	cds_exonic_188740	+	48802829	NA	NA	NA	1	1	0.0
chr8	48802817	48803041	cds_exonic_188740	+	48802887	NA	NA	NA	1	1	0.0
chr4	186111296	186112350	cds_exonic_155993	+	186112227	NA	GATAAA AATAGA	9 5	1	1	0.0
chr4	113565823	113566027	cds_exonic_153597	+	113565883	NA	AAGAAA	22	1	1	0.0
chr1	12368487	12368698	cds_exonic_1894	+	12368697	NA	NA	NA	1	1	0.0
chr11	5474718	5475654	cds_exonic_31320	+	5475097	NA	NA	NA	1	1	0.0
chr11	5474718	5475654	cds_exonic_31320	+	5475208	NA	AAGAAA	4	1	1	0.0
chr11	5474718	5475654	cds_exonic_31320	+	5475365	NA	GATAAA	5	2	2	7.51664818919
chr11	5474718	5475654	cds_exonic_31320	+	5475501	NA	CATAAA	26	1	1	0.0
chr1	220160483	220160746	cds_exonic_19357	+	220160633	NA	AATAAA AAGAAA AAGAAA	19 4 14	2	2	3.0
chr2	98373564	98373846	cds_exonic_113674	+	98373564	NA	NA	NA	1	1	0.0
chr7	12254436	12254653	cds_exonic_176998	+	12254588	NA	AAGAAA	7	1	1	0.0
chr8	146066739	146068550	cds_exonic_193305	+	146067483	NA	NA	NA	1	1	0.0
chr8	146066739	146068550	cds_exonic_193305	+	146068550	NA	NA	NA	2	1	0.0
chr12	110815197	110815422	cds_exonic_51306	+	110815422	NA	NA	NA	1	1	0.0
chr16	75263411	75263921	cds_exonic_78988	+	75263751	NA	NA	NA	1	1	0.0
chr1	46810472	46810816	cds_exonic_6792	+	46810586	NA	NA	NA	1	1	0.0
chr13	20220582	20221431	cds_exonic_53864	+	20221431	NA	NA	NA	1	1	0.0
chr11	118373112	118377361	cds_exonic_40642	+	118375441	NA	NA	NA	1	1	0.0
chr11	118373112	118377361	cds_exonic_40642	+	118376525	NA	AATACA	23	1	1	0.0
chr21	35467497	35469651	cds_exonic_129557	+	35469421	NA	NA	NA	2	1	0.0
chr6	90504295	90504520	cds_exonic_172152	+	90504381	NA	NA	NA	1	1	0.0
chr4	123192172	123192879	cds_exonic_153998	+	123192548	NA	NA	NA	1	1	0.0
chr4	123193314	123193560	cds_exonic_153999	+	123193549	NA	AGTAAA	8	1	1	0.0
chrX	133549045	133549249	cds_exonic_207608	+	133549133	NA	ATTAAA	15	1	1	0.0
chr18	28672063	28672263	cds_exonic_93744	+	28672108	NA	AAGAAA AAGAAA	1 9	1	1	0.0
chr4	39310255	39310652	cds_exonic_149959	+	39310619	NA	AAGAAA	20	1	1	0.0
chr16	772308	772554	cds_exonic_71677	+	772554	NA	NA	NA	1	1	0.0
chr17	40761103	40761342	cds_exonic_86616	+	40761146	NA	NA	NA	1	1	0.0
chr4	186244681	186244954	cds_exonic_156001	+	186244903	NA	AATAAA AATGAA	30 34	1	1	0.0
chr3	65455957	65456159	cds_exonic_141281	+	65456137	NA	AAGAAA	11	1	1	0.0
chr12	98926600	98928117	cds_exonic_50075	+	98926602	NA	NA	NA	1	1	0.0
chr4	24577865	24578301	cds_exonic_149565	+	24578213	NA	AAGAAA	4	1	1	0.0
chr11	36522769	36523065	cds_exonic_33511	+	36523044	NA	NA	NA	1	1	0.0
chr6	4115640	4115897	cds_exonic_165722	+	4115640	NA	NA	NA	1	1	0.0
chr8	144656956	144657263	cds_exonic_192661	+	144656957	NA	NA	NA	4	2	1.0
chr11	63486173	63488504	cds_exonic_35600	+	63487611	NA	NA	NA	1	1	0.0
chr12	56143285	56143663	cds_exonic_47275	+	56143604	NA	NA	NA	1	1	0.0
chr7	1192545	1192877	cds_exonic_176167	+	1192550	NA	NA	NA	1	1	0.0
chr5	37064628	37064991	cds_exonic_157567	+	37064899	NA	ATTAAA	15	1	1	0.0
chr5	37058992	37059267	cds_exonic_157564	+	37059156	NA	TATAAA	19	1	1	0.0
chr5	176517158	176517654	cds_exonic_164808	+	176517166	NA	NA	NA	1	1	0.0
chr14	31074710	31075018	cds_exonic_58777	+	31074772	NA	AATAGA	17	1	1	0.0
chr15	49620148	49620353	cds_exonic_66844	+	49620353	NA	NA	NA	2	1	0.0
chr17	16326782	16327081	cds_exonic_83086	+	16326849	NA	NA	NA	3	2	0.57735026919
chr2	74755877	74756110	cds_exonic_112343	+	74756049	NA	NA	NA	1	1	0.0
chr2	74755877	74756110	cds_exonic_112343	+	74756110	NA	AAGAAA	19	1	1	0.0
chr7	131128239	131128461	cds_exonic_183925	+	131128391	NA	NA	NA	3	2	1.0
chr7	131128239	131128461	cds_exonic_183925	+	131128461	NA	NA	NA	2	1	0.0
chr10	21962278	21962848	cds_exonic_22782	+	21962621	NA	AAGAAA	24	2	1	0.0
chr5	137721710	137722310	cds_exonic_162213	+	137721872	NA	ATTAAA	0	1	1	0.0
chr9	100845127	100845334	cds_exonic_197217	+	100845334	NA	NA	NA	1	1	0.0
chr21	40574250	40574471	cds_exonic_129822	+	40574301	NA	AAGAAA AATAGA	13 17	1	1	0.0
chr21	40570688	40571588	cds_exonic_129820	+	40570902	NA	NA	NA	1	1	0.0
chr11	82535950	82536164	cds_exonic_38538	+	82536164	NA	NA	NA	1	1	0.0
chr10	129900842	129907687	cds_exonic_29853	+	129901616	NA	NA	NA	1	1	0.0
chr10	129900842	129907687	cds_exonic_29853	+	129905075	NA	NA	NA	1	1	0.0
chr10	129913191	129914271	cds_exonic_29859	+	129913982	NA	CATAAA AATGAA	5 7	2	1	0.0
chr7	6080522	6080850	cds_exonic_176700	+	6080783	NA	AAGAAA	4	1	1	0.0
chr1	220330611	220330830	cds_exonic_19416	+	220330681	NA	NA	NA	1	1	0.0
chr3	160150070	160150303	cds_exonic_145837	+	160150131	NA	NA	NA	2	2	1.0
chr10	69648639	69648881	cds_exonic_24744	+	69648788	NA	NA	NA	1	1	0.0
chr7	123197013	123197553	cds_exonic_183383	+	123197077	NA	AATACA	7	1	1	0.0
chr6	155577593	155578252	cds_exonic_175155	+	155577726	NA	NA	NA	1	1	0.0
chr4	187627716	187630981	cds_exonic_156186	+	187630682	NA	AATACA AATAGA	10 25	1	1	0.0
chr6	74175931	74176131	cds_exonic_171270	+	74176063	NA	ATTAAA TATAAA	29 21	1	1	0.0
chr22	19710961	19711984	cds_exonic_131299	+	19711760	23	NA	NA	1	1	0.0
chr15	43813521	43821706	cds_exonic_66140	+	43815128	NA	TATAAA	8	1	1	0.0
chr18	9254208	9258929	cds_exonic_92859	+	9255070	NA	NA	NA	1	1	0.0
chr9	19120877	19121163	cds_exonic_194120	+	19120880	NA	NA	NA	1	1	0.0
chr9	19120877	19121163	cds_exonic_194120	+	19120949	NA	NA	NA	2	1	0.0
chrX	153941481	153941701	cds_exonic_208845	+	153941663	NA	NA	NA	1	1	0.0
chr2	71653589	71654544	cds_exonic_111904	+	71653736	NA	NA	NA	1	1	0.0
chr2	71653589	71654544	cds_exonic_111904	+	71654412	NA	NA	NA	1	1	0.0
chr10	127424212	127424473	cds_exonic_29663	+	127424212	NA	NA	NA	1	1	0.0
chr7	100882941	100883184	cds_exonic_182058	+	100882941	NA	NA	NA	1	1	0.0
chr11	47312160	47312367	cds_exonic_34066	+	47312344	NA	TTTAAA TTTAAA	31 3	1	1	0.0
chr21	34806491	34806854	cds_exonic_129425	+	34806829	NA	NA	NA	1	1	0.0
chr13	41834628	41835051	cds_exonic_55158	+	41834702	NA	AAGAAA	20	1	1	0.0
chr19	18391253	18392294	cds_exonic_100651	+	18391253	NA	NA	NA	1	1	0.0
chr15	75688598	75688837	cds_exonic_69400	+	75688720	NA	NA	NA	1	1	0.0
chrX	44938390	44938596	cds_exonic_203594	+	44938586	-5	NA	NA	1	1	0.0
chr3	50004902	50006181	cds_exonic_139553	+	50005871	NA	NA	NA	1	1	0.0
chr7	86823040	86823418	cds_exonic_180441	+	86823050	NA	NA	NA	1	1	0.0
chr1	197069560	197074315	cds_exonic_17403	+	197070198	NA	AAGAAA	10	1	1	0.0
chr1	197069560	197074315	cds_exonic_17403	+	197073239	NA	NA	NA	1	1	0.0
chr15	66633487	66633694	cds_exonic_68406	+	66633569	NA	AATAAA	15	1	1	0.0
chr2	158114594	158116048	cds_exonic_116699	+	158115961	NA	NA	NA	2	1	0.0
chr10	70332095	70334009	cds_exonic_24871	+	70332153	NA	NA	NA	1	1	0.0
chr10	70332095	70334009	cds_exonic_24871	+	70333219	NA	NA	NA	1	1	0.0
chr10	70332095	70334009	cds_exonic_24871	+	70333846	NA	NA	NA	2	1	0.0
chr2	101911392	101911643	cds_exonic_114045	+	101911491	NA	NA	NA	1	1	0.0
chr11	58384668	58385176	cds_exonic_34604	+	58385176	NA	NA	NA	1	1	0.0
chr13	28009814	28010030	cds_exonic_54377	+	28009824	1	NA	NA	2	1	0.0
chr15	91346750	91346950	cds_exonic_70792	+	91346750	NA	NA	NA	1	1	0.0
chr5	32388574	32388780	cds_exonic_157199	+	32388600	NA	NA	NA	1	1	0.0
chr17	48823080	48823364	cds_exonic_88331	+	48823148	NA	AAGAAA	33	2	2	3.0
chr5	154393419	154397121	cds_exonic_163777	+	154394633	NA	AATGAA	20	1	1	0.0
chr5	154393419	154397121	cds_exonic_163777	+	154394702	NA	NA	NA	1	1	0.0
chr20	33345022	33345907	cds_exonic_125762	+	33345792	NA	NA	NA	1	1	0.0
chr12	49075164	49075415	cds_exonic_45765	+	49075218	NA	NA	NA	1	1	0.0
chr16	19725439	19726357	cds_exonic_74199	+	19725500	NA	AAGAAA	7	1	1	0.0
chr16	19725439	19726357	cds_exonic_74199	+	19725722	NA	AAGAAA	4	1	1	0.0
chr16	19725439	19726357	cds_exonic_74199	+	19725985	NA	NA	NA	1	1	0.0
chr8	38133161	38133400	cds_exonic_188151	+	38133169	NA	NA	NA	1	1	0.0
chr1	36181235	36181922	cds_exonic_5118	+	36181856	NA	NA	NA	1	1	0.0
chr2	113416401	113416671	cds_exonic_114810	+	113416441	NA	AATAAA	4	1	1	0.0
chr2	113416401	113416671	cds_exonic_114810	+	113416533	NA	NA	NA	1	1	0.0
chr21	30698379	30699714	cds_exonic_129122	+	30699011	NA	AGTAAA	17	1	1	0.0
chr22	26164081	26165395	cds_exonic_132245	+	26164447	NA	NA	NA	1	1	0.0
chr21	47783394	47783849	cds_exonic_130838	+	47783477	NA	NA	NA	1	1	0.0
chr10	105200046	105200338	cds_exonic_28221	+	105200207	NA	AAGAAA	27	1	1	0.0
chr17	13399516	13400135	cds_exonic_82922	+	13399516	NA	NA	NA	1	1	0.0
chr5	38959880	38960080	cds_exonic_157764	+	38959913	NA	AATACA	6	1	1	0.0
chr1	245026918	245027609	cds_exonic_21301	+	245027342	NA	NA	NA	1	1	0.0
chr1	166818174	166819643	cds_exonic_15454	+	166818394	NA	NA	NA	1	1	0.0
chr15	73889362	73889710	cds_exonic_69029	+	73889710	NA	NA	NA	1	1	0.0
chr16	75690104	75690506	cds_exonic_79050	+	75690320	NA	NA	NA	1	1	0.0
chr1	43393275	43393479	cds_exonic_6043	+	43393441	NA	NA	NA	1	1	0.0
chrX	152956758	152957008	cds_exonic_208349	+	152956939	NA	NA	NA	1	1	0.0
chr1	25572934	25573454	cds_exonic_3671	+	25573333	NA	NA	NA	1	1	0.0
chr1	25571586	25571792	cds_exonic_3670	+	25571792	NA	NA	NA	1	1	0.0
chrX	100652799	100653087	cds_exonic_206128	+	100652799	NA	NA	NA	7	1	0.0
chr2	152319397	152322634	cds_exonic_116366	+	152319542	NA	NA	NA	1	1	0.0
chr2	152319397	152322634	cds_exonic_116366	+	152321290	NA	AATACA	34	1	1	0.0
chr12	104336851	104337097	cds_exonic_50600	+	104337062	NA	NA	NA	1	1	0.0
chr6	136596980	136597646	cds_exonic_174096	+	136597225	NA	AGTAAA AAGAAA	29 33	1	1	0.0
chr3	9412743	9413220	cds_exonic_135834	+	9412834	NA	TTTAAA TTTAAA	33 1	2	2	3.0
chr3	9412743	9413220	cds_exonic_135834	+	9412872	NA	AAGAAA GATAAA	1 24	1	1	0.0
chr15	63966540	63967316	cds_exonic_67999	+	63966940	NA	AAGAAA	8	1	1	0.0
chr6	43022014	43022224	cds_exonic_169683	+	43022014	NA	NA	NA	1	1	0.0
chr12	53412581	53412790	cds_exonic_46754	+	53412582	NA	NA	NA	1	1	0.0
chr17	65906992	65909303	cds_exonic_89844	+	65907154	NA	NA	NA	1	1	0.0
chr5	89924375	89924649	cds_exonic_160088	+	89924540	NA	NA	NA	1	1	0.0
chr7	99144311	99146030	cds_exonic_181396	+	99145787	NA	NA	NA	1	1	0.0
chr7	99128730	99129869	cds_exonic_181394	+	99129409	NA	NA	NA	2	1	0.0
chr6	4031792	4032989	cds_exonic_165693	+	4032619	NA	TATAAA AATGAA	8 12	1	1	0.0
chr1	32800200	32800698	cds_exonic_4743	+	32800525	NA	AAGAAA	7	1	1	0.0
chr1	235318195	235318427	cds_exonic_20643	+	235318267	NA	ATTAAA	14	1	1	0.0
chr6	82923943	82924546	cds_exonic_171627	+	82924033	NA	NA	NA	1	1	0.0
chr1	16053508	16054327	cds_exonic_2194	+	16053534	NA	AAGAAA	13	1	1	0.0
chr3	122437205	122437805	cds_exonic_143237	+	122437675	NA	NA	NA	1	1	0.0
chr7	104747808	104748372	cds_exonic_182493	+	104747808	NA	NA	NA	1	1	0.0
chr19	51919151	51919421	cds_exonic_106014	+	51919389	NA	NA	NA	1	1	0.0
chr9	95076548	95078431	cds_exonic_196670	+	95077746	NA	NA	NA	1	1	0.0
chr18	12122301	12122515	cds_exonic_93034	+	12122401	NA	AGTAAA	28	1	1	0.0
chr20	2816110	2816355	cds_exonic_123922	+	2816323	NA	NA	NA	1	1	0.0
chr15	75498389	75501165	cds_exonic_69311	+	75500080	NA	AGTAAA	29	1	1	0.0
chr7	158672374	158672680	cds_exonic_186001	+	158672505	NA	NA	NA	1	1	0.0
chr7	158695066	158695286	cds_exonic_186006	+	158695164	NA	NA	NA	1	1	0.0
chr7	22985210	22985782	cds_exonic_177462	+	22985705	NA	GATAAA	14	1	1	0.0
chr22	32108068	32113277	cds_exonic_133016	+	32113020	NA	ATTAAA	17	1	1	0.0
chr1	171558507	171558744	cds_exonic_15923	+	171558521	NA	NA	NA	1	1	0.0
chrX	134464348	134464572	cds_exonic_207673	+	134464405	NA	NA	NA	1	1	0.0
chr2	55471164	55471369	cds_exonic_110969	+	55471265	NA	NA	NA	1	1	0.0
chr1	36769396	36769615	cds_exonic_5254	+	36769398	NA	NA	NA	1	1	0.0
chr7	7283154	7283355	cds_exonic_176867	+	7283312	NA	ACTAAA	22	1	1	0.0
chr17	7591966	7592397	cds_exonic_81938	+	7592264	NA	NA	NA	1	1	0.0
chr9	32541387	32544324	cds_exonic_194436	+	32544128	NA	NA	NA	1	1	0.0
chr3	37458757	37459114	cds_exonic_137465	+	37458917	NA	AATAAA	11	1	1	0.0
chr13	77655561	77655786	cds_exonic_56201	+	77655786	NA	NA	NA	1	1	0.0
chr2	203972330	203972911	cds_exonic_120140	+	203972883	NA	NA	NA	1	1	0.0
chr14	76620706	76621368	cds_exonic_61740	+	76621292	NA	NA	NA	1	1	0.0
chr1	44442697	44443080	cds_exonic_6335	+	44443080	NA	AATAGA	21	1	1	0.0
chr12	101723018	101723227	cds_exonic_50315	+	101723126	NA	NA	NA	1	1	0.0
chr15	42054326	42054560	cds_exonic_65533	+	42054396	NA	AATATA CATAAA	29 25	1	1	0.0
chr7	91603024	91603282	cds_exonic_180680	+	91603085	NA	NA	NA	1	1	0.0
chr21	46271284	46271542	cds_exonic_130543	+	46271286	NA	NA	NA	1	1	0.0
chr8	6614683	6614906	cds_exonic_186272	+	6614717	NA	NA	NA	1	1	0.0
chr19	42801232	42801517	cds_exonic_103600	+	42801232	NA	NA	NA	3	1	0.0
chr19	42801232	42801517	cds_exonic_103600	+	42801301	NA	NA	NA	1	1	0.0
chr19	46295573	46296014	cds_exonic_104378	+	46295576	NA	NA	NA	1	1	0.0
chr7	56147220	56147561	cds_exonic_179269	+	56147233	NA	NA	NA	1	1	0.0
chr17	7788124	7788401	cds_exonic_82069	+	7788186	NA	NA	NA	1	1	0.0
chr12	49416372	49416658	cds_exonic_45880	+	49416462	NA	NA	NA	1	1	0.0
chr14	24035024	24035234	cds_exonic_58296	+	24035224	NA	NA	NA	1	1	0.0
chr11	118342376	118345030	cds_exonic_40617	+	118343025	NA	NA	NA	2	1	0.0
chr11	118342376	118345030	cds_exonic_40617	+	118344542	NA	NA	NA	2	1	0.0
chr6	111693798	111697960	cds_exonic_172921	+	111695495	NA	AATATA GATAAA AATATA	26 5 6	1	1	0.0
chr7	137569630	137569867	cds_exonic_184274	+	137569778	NA	NA	NA	1	1	0.0
chr5	112173249	112179820	cds_exonic_160825	+	112179130	NA	AGTAAA AAGAAA	1 5	1	1	0.0
chr17	39919234	39919573	cds_exonic_86314	+	39919375	NA	NA	NA	1	1	0.0
chr9	35660742	35661181	cds_exonic_194949	+	35661181	3	ACTAAA	18	1	1	0.0
chr2	170492922	170494030	cds_exonic_117599	+	170493260	NA	AGTAAA	12	1	1	0.0
chr5	96314841	96315682	cds_exonic_160458	+	96315609	NA	NA	NA	1	1	0.0
chr4	71554394	71555831	cds_exonic_151304	+	71555536	NA	TATAAA	32	1	1	0.0
chr4	71554394	71555831	cds_exonic_151304	+	71555831	NA	NA	NA	2	1	0.0
chrX	37586888	37587712	cds_exonic_203264	+	37586942	NA	NA	NA	1	1	0.0
chr3	121412587	121417776	cds_exonic_143088	+	121414767	NA	AATAAA AAGAAA	3 7	1	1	0.0
chr3	119150830	119151061	cds_exonic_142847	+	119151060	NA	NA	NA	1	1	0.0
chr19	47882966	47883242	cds_exonic_104644	+	47883051	NA	NA	NA	1	1	0.0
chr12	54686160	54687165	cds_exonic_47070	+	54687028	NA	NA	NA	1	1	0.0
chr5	134153185	134153404	cds_exonic_161920	+	134153317	NA	NA	NA	3	2	1.0
chr2	61570949	61571164	cds_exonic_111275	+	61571094	NA	NA	NA	1	1	0.0
chr18	29125683	29126703	cds_exonic_93825	+	29125877	NA	NA	NA	2	1	0.0
chr1	43148657	43149036	cds_exonic_5986	+	43148919	NA	NA	NA	1	1	0.0
chr15	91524977	91525211	cds_exonic_70895	+	91525063	NA	NA	NA	1	1	0.0
chr15	91524977	91525211	cds_exonic_70895	+	91525142	NA	NA	NA	3	1	0.0
chr19	11453493	11453796	cds_exonic_98784	+	11453493	NA	NA	NA	3	1	0.0
chr3	184039069	184039891	cds_exonic_146944	+	184039188	NA	NA	NA	1	1	0.0
chr19	53343980	53345404	cds_exonic_106191	+	53345305	NA	NA	NA	2	1	0.0
chr6	44218027	44218336	cds_exonic_170045	+	44218095	NA	NA	NA	2	2	7.51664818919
chr6	44218027	44218336	cds_exonic_170045	+	44218228	NA	AATACA ACTAAA	14 33	1	1	0.0
chr8	144620172	144621490	cds_exonic_192632	+	144620680	NA	NA	NA	1	1	0.0
chr5	137754641	137754921	cds_exonic_162220	+	137754917	NA	AAGAAA	32	1	1	0.0
chr1	211748732	211749631	cds_exonic_18979	+	211749435	NA	NA	NA	1	1	0.0
chr1	40928092	40929258	cds_exonic_5823	+	40928394	NA	NA	NA	1	1	0.0
chr1	114438879	114439087	cds_exonic_11124	+	114438879	NA	NA	NA	1	1	0.0
chr19	42411256	42411562	cds_exonic_103492	+	42411562	NA	TATAAA	2	1	1	0.0
chr17	56572292	56573691	cds_exonic_88724	+	56572906	NA	NA	NA	1	1	0.0
chr11	34097782	34098021	cds_exonic_33324	+	34097959	NA	NA	NA	1	1	0.0
chr2	179477003	179477303	cds_exonic_118368	+	179477303	NA	NA	NA	2	1	0.0
chr17	80044925	80045129	cds_exonic_92159	+	80044991	NA	NA	NA	1	1	0.0
chr4	13615819	13616434	cds_exonic_149212	+	13615976	NA	AAGAAA	12	1	1	0.0
chr9	135276841	135278208	cds_exonic_200410	+	135277271	NA	NA	NA	1	1	0.0
chr6	26545434	26545704	cds_exonic_166772	+	26545644	NA	NA	NA	1	1	0.0
chr1	29319841	29320054	cds_exonic_4319	+	29319914	NA	NA	NA	1	1	0.0
chr5	132439924	132440125	cds_exonic_161765	+	132439995	NA	NA	NA	1	1	0.0
chr4	2701406	2702271	cds_exonic_148496	+	2702226	NA	NA	NA	1	1	0.0
chr17	19861326	19861884	cds_exonic_83736	+	19861400	NA	NA	NA	1	1	0.0
chr1	43912625	43912839	cds_exonic_6209	+	43912713	NA	NA	NA	1	1	0.0
chr14	56078766	56079289	cds_exonic_60011	+	56079042	NA	TTTAAA TTTAAA	13 21	1	1	0.0
chr14	56078766	56079289	cds_exonic_60011	+	56079108	NA	NA	NA	1	1	0.0
chr3	123650154	123650373	cds_exonic_143372	+	123650174	NA	NA	NA	1	1	0.0
chrX	138856848	138857112	cds_exonic_207942	+	138856949	NA	AAGAAA	1	2	1	0.0
chr16	67973809	67974381	cds_exonic_78021	+	67973809	NA	NA	NA	2	1	0.0
chr7	151845117	151846237	cds_exonic_185658	+	151845965	NA	AATGAA	15	1	1	0.0
chr9	135201710	135205886	cds_exonic_200393	+	135203238	NA	AATAGA	13	1	1	0.0
chr9	135201710	135205886	cds_exonic_200393	+	135203826	NA	AGTAAA AAGAAA	24 32	1	1	0.0
chr9	135201710	135205886	cds_exonic_200393	+	135204658	NA	NA	NA	1	1	0.0
chr9	135201710	135205886	cds_exonic_200393	+	135205578	NA	AATAAA	4	1	1	0.0
chr16	24580065	24581820	cds_exonic_74833	+	24581099	NA	GATAAA	0	1	1	0.0
chr7	107258772	107259047	cds_exonic_182680	+	107259047	NA	AAGAAA AATATA	1 7	1	1	0.0
chr7	107262074	107262395	cds_exonic_182681	+	107262315	2	AATAAA AATAAA	17 11	1	1	0.0
chr3	47957440	47958664	cds_exonic_138728	+	47958013	NA	NA	NA	1	1	0.0
chr3	47957440	47958664	cds_exonic_138728	+	47958470	NA	NA	NA	1	1	0.0
chr3	47950527	47953911	cds_exonic_138726	+	47951814	NA	AGTAAA	5	1	1	0.0
chr3	47950527	47953911	cds_exonic_138726	+	47952944	NA	AGTAAA AATGAA ACTAAA	10 4 19	1	1	0.0
chr11	18636109	18637645	cds_exonic_32707	+	18637295	NA	NA	NA	1	1	0.0
chr12	49666035	49667113	cds_exonic_45975	+	49666099	NA	NA	NA	1	1	0.0
chr12	49666035	49667113	cds_exonic_45975	+	49667113	NA	AATAAA	18	15	1	0.0
chr6	149826584	149826840	cds_exonic_174688	+	149826669	NA	AGTAAA	12	2	1	0.0
chr13	42873498	42877999	cds_exonic_55269	+	42874486	NA	AATAAA	2	2	1	0.0
chr13	42873498	42877999	cds_exonic_55269	+	42875351	NA	NA	NA	1	1	0.0
chr13	42873498	42877999	cds_exonic_55269	+	42877149	NA	NA	NA	1	1	0.0
chr13	42873498	42877999	cds_exonic_55269	+	42877999	NA	NA	NA	1	1	0.0
chr9	19378705	19378916	cds_exonic_194159	+	19378714	NA	NA	NA	1	1	0.0
chr9	19378705	19378916	cds_exonic_194159	+	19378787	17	AAGAAA	5	1	1	0.0
chr17	37575969	37576171	cds_exonic_85665	+	37576018	NA	NA	NA	1	1	0.0
chr1	246754864	246755243	cds_exonic_21353	+	246755180	NA	NA	NA	1	1	0.0
chr14	95590532	95591005	cds_exonic_62775	+	95590645	NA	AAGAAA AAGAAA	1 10	1	1	0.0
chr22	35660640	35661596	cds_exonic_133200	+	35661347	NA	AAGAAA	25	1	1	0.0
chr22	35660640	35661596	cds_exonic_133200	+	35661544	NA	NA	NA	1	1	0.0
chr1	40030777	40031050	cds_exonic_5660	+	40031050	NA	NA	NA	1	1	0.0
chr11	46563494	46564948	cds_exonic_33832	+	46564308	NA	NA	NA	1	1	0.0
chr7	100030541	100030760	cds_exonic_181679	+	100030733	NA	NA	NA	1	1	0.0
chr11	66627715	66628140	cds_exonic_36929	+	66627946	2	AATAAA AATAAA TATAAA	16 27 23	2	1	0.0
chr17	27825335	27825539	cds_exonic_84334	+	27825539	NA	TTTAAA TTTAAA	30 3	1	1	0.0
chr5	176083700	176083958	cds_exonic_164745	+	176083817	NA	NA	NA	1	1	0.0
chr6	168351865	168352867	cds_exonic_175856	+	168352224	NA	NA	NA	1	1	0.0
chr7	77569346	77569631	cds_exonic_180168	+	77569589	NA	AAGAAA	7	1	1	0.0
chr7	77558425	77558644	cds_exonic_180166	+	77558612	NA	NA	NA	1	1	0.0
chr12	113725967	113726187	cds_exonic_51830	+	113725992	NA	NA	NA	1	1	0.0
chr15	65804632	65804902	cds_exonic_68285	+	65804756	NA	NA	NA	1	1	0.0
chr1	46654393	46654652	cds_exonic_6732	+	46654393	NA	NA	NA	5	1	0.0
chr1	161771841	161772062	cds_exonic_15270	+	161771934	NA	NA	NA	1	1	0.0
chr7	127013397	127015088	cds_exonic_183454	+	127013397	NA	NA	NA	1	1	0.0
chr7	127013397	127015088	cds_exonic_183454	+	127014628	NA	ACTAAA	15	1	1	0.0
chr18	33702014	33702233	cds_exonic_94057	+	33702031	NA	NA	NA	2	2	2.0
chr16	304412	304680	cds_exonic_71406	+	304455	NA	NA	NA	3	1	0.0
chr1	47745912	47746881	cds_exonic_6938	+	47746594	NA	ATTAAA	28	2	1	0.0
chr21	34635097	34635802	cds_exonic_129396	+	34635802	NA	NA	NA	2	1	0.0
chr20	45874751	45875261	cds_exonic_127288	+	45874796	NA	NA	NA	2	1	0.0
chr19	3557103	3557401	cds_exonic_96561	+	3557112	NA	NA	NA	1	1	0.0
chr9	103108975	103109688	cds_exonic_197414	+	103109437	NA	NA	NA	1	1	0.0
chr14	70237910	70238175	cds_exonic_61051	+	70238175	NA	NA	NA	3	1	0.0
chr12	110765357	110765822	cds_exonic_51289	+	110765693	NA	NA	NA	1	1	0.0
chr9	34125020	34125275	cds_exonic_194647	+	34125068	NA	NA	NA	1	1	0.0
chrX	108970359	108970710	cds_exonic_206672	+	108970359	NA	NA	NA	1	1	0.0
chrM	10058	10404	cds_exonic_201820	+	10153	NA	NA	NA	1	1	0.0
chrM	10058	10404	cds_exonic_201820	+	10269	NA	NA	NA	1	1	0.0
chrM	10058	10404	cds_exonic_201820	+	10404	NA	NA	NA	11	1	0.0
chrM	10469	12137	cds_exonic_201821	+	10498	NA	CATAAA	15	1	1	0.0
chrM	10469	12137	cds_exonic_201821	+	10575	NA	NA	NA	1	1	0.0
chrM	10469	12137	cds_exonic_201821	+	10704	NA	NA	NA	2	1	0.0
chrM	10469	12137	cds_exonic_201821	+	10746	NA	NA	NA	3	3	1.63299316186
chrM	10469	12137	cds_exonic_201821	+	10815	NA	AATATA	23	5	1	0.0
chrM	10469	12137	cds_exonic_201821	+	10890	NA	NA	NA	3	2	5.22812904712
chrM	10469	12137	cds_exonic_201821	+	10959	NA	NA	NA	4	2	5.0
chrM	10469	12137	cds_exonic_201821	+	11235	NA	NA	NA	1	1	0.0
chrM	10469	12137	cds_exonic_201821	+	11442	NA	NA	NA	1	1	0.0
chrM	10469	12137	cds_exonic_201821	+	11814	NA	NA	NA	2	2	8.0
chrM	10469	12137	cds_exonic_201821	+	11869	NA	NA	NA	1	1	0.0
chrM	10469	12137	cds_exonic_201821	+	12000	NA	NA	NA	1	1	0.0
chrM	10469	12137	cds_exonic_201821	+	12137	NA	NA	NA	53	1	0.0
chrM	12336	14145	cds_exonic_201822	+	12419	NA	NA	NA	1	1	0.0
chrM	12336	14145	cds_exonic_201822	+	12623	NA	NA	NA	1	1	0.0
chrM	12336	14145	cds_exonic_201822	+	12722	NA	NA	NA	1	1	0.0
chrM	12336	14145	cds_exonic_201822	+	12868	NA	NA	NA	1	1	0.0
chrM	12336	14145	cds_exonic_201822	+	13004	NA	NA	NA	1	1	0.0
chrM	12336	14145	cds_exonic_201822	+	13976	NA	NA	NA	2	2	18.0
chrM	12336	14145	cds_exonic_201822	+	14115	NA	ATTAAA AGTAAA AAGAAA	11 16 3	3	2	1.41421356237
chrM	14148	14673	cds_exonic_201823	+	14148	NA	NA	NA	3	1	0.0
chrM	14148	14673	cds_exonic_201823	+	14500	NA	NA	NA	1	1	0.0
chr15	93486072	93486298	cds_exonic_70964	+	93486270	NA	NA	NA	1	1	0.0
chr3	195802029	195802231	cds_exonic_147782	+	195802135	NA	AAGAAA	1	1	1	0.0
chr10	105761929	105763285	cds_exonic_28278	+	105762200	NA	NA	NA	1	1	0.0
chr5	138660984	138661351	cds_exonic_162319	+	138661175	NA	AAGAAA	18	1	1	0.0
chr3	37365078	37369316	cds_exonic_137454	+	37367468	NA	NA	NA	1	1	0.0
chr17	55182813	55184539	cds_exonic_88557	+	55183569	NA	NA	NA	1	1	0.0
chr12	49888523	49888785	cds_exonic_46009	+	49888785	NA	NA	NA	1	1	0.0
chr14	90782921	90783155	cds_exonic_62263	+	90783041	NA	NA	NA	1	1	0.0
chr5	132160854	132161832	cds_exonic_161712	+	132161137	NA	NA	NA	1	1	0.0
chr4	113568354	113568705	cds_exonic_153603	+	113568644	NA	NA	NA	1	1	0.0
chr14	73569899	73570186	cds_exonic_61245	+	73569921	NA	NA	NA	1	1	0.0
chr14	73569899	73570186	cds_exonic_61245	+	73570186	NA	NA	NA	1	1	0.0
chr15	42976313	42986540	cds_exonic_65899	+	42979338	NA	AATAAA	17	1	1	0.0
chr15	42976313	42986540	cds_exonic_65899	+	42983786	NA	NA	NA	1	1	0.0
chr7	149418470	149418931	cds_exonic_185280	+	149418524	NA	NA	NA	1	1	0.0
chrX	110951254	110951621	cds_exonic_206739	+	110951478	NA	NA	NA	1	1	0.0
chr3	48964991	48965246	cds_exonic_139116	+	48965064	NA	AATGAA	3	1	1	0.0
chr22	21354171	21354721	cds_exonic_131614	+	21354409	NA	NA	NA	1	1	0.0
chr2	24260546	24262364	cds_exonic_108404	+	24262080	NA	NA	NA	1	1	0.0
chr6	32139073	32139273	cds_exonic_167968	+	32139273	NA	NA	NA	1	1	0.0
chr16	20809048	20810389	cds_exonic_74325	+	20810062	NA	ATTAAA AATGAA	4 15	1	1	0.0
chr7	20197826	20199868	cds_exonic_177270	+	20199733	NA	AAGAAA	1	1	1	0.0
chr4	69179819	69180041	cds_exonic_151104	+	69179889	NA	NA	NA	1	1	0.0
chrX	38664199	38664748	cds_exonic_203357	+	38664213	NA	NA	NA	1	1	0.0
chr17	38785039	38785245	cds_exonic_86022	+	38785039	NA	NA	NA	2	1	0.0
chr11	67395419	67395722	cds_exonic_37178	+	67395419	NA	NA	NA	2	1	0.0
chr6	29570697	29571493	cds_exonic_166916	+	29570765	NA	NA	NA	1	1	0.0
chr22	20113825	20114199	cds_exonic_131401	+	20114039	NA	NA	NA	1	1	0.0
chr5	70785230	70785509	cds_exonic_159131	+	70785404	NA	NA	NA	1	1	0.0
chr5	70805291	70806978	cds_exonic_159138	+	70806520	NA	AATAGA	23	1	1	0.0
chr5	70805291	70806978	cds_exonic_159138	+	70806682	NA	NA	NA	1	1	0.0
chr9	91949436	91949645	cds_exonic_196537	+	91949610	NA	GATAAA	17	1	1	0.0
chr11	123601194	123601596	cds_exonic_41275	+	123601291	NA	NA	NA	1	1	0.0
chr1	150530948	150531197	cds_exonic_12702	+	150531197	NA	NA	NA	1	1	0.0
chr1	150550719	150550967	cds_exonic_12709	+	150550803	NA	NA	NA	1	1	0.0
chr4	151749331	151749773	cds_exonic_154791	+	151749559	NA	NA	NA	1	1	0.0
chr3	128292125	128292572	cds_exonic_143822	+	128292125	NA	NA	NA	1	1	0.0
chr19	11488662	11489271	cds_exonic_98810	+	11489232	NA	NA	NA	1	1	0.0
chr3	56651139	56651633	cds_exonic_140700	+	56651306	NA	GATAAA	22	1	1	0.0
chr11	74974555	74975062	cds_exonic_38137	+	74974555	NA	NA	NA	1	1	0.0
chr11	74974555	74975062	cds_exonic_38137	+	74974728	NA	NA	NA	1	1	0.0
chr16	2164170	2164926	cds_exonic_72341	+	2164417	NA	NA	NA	1	1	0.0
chr16	58577291	58577807	cds_exonic_77334	+	58577313	NA	AATATA	14	2	2	2.5495097568
chr12	66531742	66531946	cds_exonic_48591	+	66531742	NA	NA	NA	1	1	0.0
chr3	31574490	31574804	cds_exonic_137101	+	31574490	NA	NA	NA	2	1	0.0
chr5	90050799	90051002	cds_exonic_160136	+	90050954	NA	AAGAAA AATGAA AATACA	23 4 19	2	2	3.53553390593
chr5	90041407	90041612	cds_exonic_160133	+	90041483	NA	AGTAAA	12	1	1	0.0
chr4	48147095	48147312	cds_exonic_150421	+	48147232	NA	NA	NA	2	1	0.0
chr1	202894095	202894335	cds_exonic_18001	+	202894237	NA	AATGAA	12	1	1	0.0
chr1	220170324	220170684	cds_exonic_19359	+	220170391	NA	NA	NA	1	1	0.0
chr7	148702232	148702466	cds_exonic_185205	+	148702240	NA	NA	NA	5	1	0.0
chr1	179982981	179983640	cds_exonic_16506	+	179983405	NA	NA	NA	1	1	0.0
chr1	179965687	179966310	cds_exonic_16502	+	179965996	NA	AAGAAA	3	1	1	0.0
chr1	23636949	23637559	cds_exonic_3389	+	23637350	NA	NA	NA	2	2	3.0
chr7	100027641	100029312	cds_exonic_181678	+	100029271	NA	NA	NA	1	1	0.0
chr6	4810282	4810507	cds_exonic_165742	+	4810461	NA	NA	NA	1	1	0.0
chr5	176636636	176639196	cds_exonic_164826	+	176636657	NA	NA	NA	1	1	0.0
chr5	176636636	176639196	cds_exonic_164826	+	176637054	NA	AATGAA	30	1	1	0.0
chr5	176636636	176639196	cds_exonic_164826	+	176637436	NA	NA	NA	1	1	0.0
chr8	62577812	62578165	cds_exonic_189224	+	62578140	NA	NA	NA	1	1	0.0
chr1	210014197	210014400	cds_exonic_18908	+	210014297	NA	NA	NA	1	1	0.0
chr17	62496043	62496444	cds_exonic_89580	+	62496294	NA	NA	NA	1	1	0.0
chr16	2868677	2868970	cds_exonic_72607	+	2868889	NA	ACTAAA	18	2	2	3.53553390593
chr3	126707436	126708630	cds_exonic_143688	+	126708052	NA	NA	NA	1	1	0.0
chr2	179467008	179467317	cds_exonic_118351	+	179467317	NA	NA	NA	1	1	0.0
chr11	82642773	82645374	cds_exonic_38555	+	82644852	NA	NA	NA	1	1	0.0
chr21	34067366	34067592	cds_exonic_129347	+	34067592	NA	NA	NA	1	1	0.0
chr6	27114907	27115291	cds_exonic_166781	+	27115291	NA	NA	NA	1	1	0.0
chr7	100169912	100170194	cds_exonic_181713	+	100169912	NA	NA	NA	1	1	0.0
chr6	32944026	32944241	cds_exonic_168187	+	32944171	NA	NA	NA	3	2	1.15470053838
chr6	32944026	32944241	cds_exonic_168187	+	32944240	NA	NA	NA	6	2	1.0
chr19	7705785	7706084	cds_exonic_97696	+	7706084	NA	NA	NA	2	1	0.0
chr17	30535125	30535328	cds_exonic_84738	+	30535125	NA	NA	NA	1	1	0.0
chr17	30535125	30535328	cds_exonic_84738	+	30535194	NA	NA	NA	1	1	0.0
chr3	23960686	23960989	cds_exonic_136870	+	23960989	NA	NA	NA	2	1	0.0
chr1	160209486	160210160	cds_exonic_14888	+	160209891	NA	NA	NA	1	1	0.0
chr1	160209486	160210160	cds_exonic_14888	+	160210016	NA	NA	NA	1	1	0.0
chr9	135771624	135772141	cds_exonic_200466	+	135771624	NA	NA	NA	1	1	0.0
chr3	98538045	98538278	cds_exonic_141876	+	98538068	NA	NA	NA	1	1	0.0
chr6	27860537	27860927	cds_exonic_166817	+	27860537	NA	NA	NA	1	1	0.0
chr5	43505849	43506496	cds_exonic_158035	+	43505958	NA	NA	NA	1	1	0.0
chr19	10398211	10398528	cds_exonic_98380	+	10398211	NA	NA	NA	1	1	0.0
chr1	47716810	47717594	cds_exonic_6933	+	47717542	NA	NA	NA	1	1	0.0
chr6	37336259	37336994	cds_exonic_169041	+	37336453	NA	NA	NA	1	1	0.0
chr7	128455667	128455985	cds_exonic_183612	+	128455759	NA	AAGAAA	17	1	1	0.0
chr4	110972496	110972918	cds_exonic_153503	+	110972675	NA	NA	NA	1	1	0.0
chr12	133235880	133236095	cds_exonic_53687	+	133235978	NA	NA	NA	1	1	0.0
chr19	13065024	13065340	cds_exonic_99261	+	13065024	NA	NA	NA	4	1	0.0
chrX	100879969	100881106	cds_exonic_206142	+	100880982	NA	TTTAAA AAGAAA TTTAAA	34 6 0	1	1	0.0
chr12	71016169	71016426	cds_exonic_48899	+	71016359	NA	ATTAAA	33	2	1	0.0
chr3	37032747	37034568	cds_exonic_137392	+	37033215	NA	NA	NA	1	1	0.0
chr3	37032747	37034568	cds_exonic_137392	+	37033287	NA	NA	NA	1	1	0.0
chr6	69348567	69349324	cds_exonic_170977	+	69348990	NA	NA	NA	1	1	0.0
chr10	123670420	123670666	cds_exonic_29361	+	123670540	NA	AAGAAA	11	1	1	0.0
chr8	17829837	17830196	cds_exonic_186763	+	17830144	NA	GATAAA	22	2	1	0.0
chr19	15366874	15367074	cds_exonic_99814	+	15366993	NA	AAGAAA AAGAAA	3 10	1	1	0.0
chr3	129155285	129156151	cds_exonic_143949	+	129155558	NA	AAGAAA	9	1	1	0.0
chr2	71591083	71591382	cds_exonic_111880	+	71591317	NA	NA	NA	2	2	1.0
chr17	80015035	80015326	cds_exonic_92123	+	80015326	NA	NA	NA	6	1	0.0
chr9	114411732	114412203	cds_exonic_198006	+	114411847	NA	NA	NA	1	1	0.0
chr12	90017959	90018174	cds_exonic_49663	+	90018031	NA	ACTAAA	29	1	1	0.0
chr1	93730257	93730458	cds_exonic_9658	+	93730458	NA	AATGAA	19	1	1	0.0
chr6	26199081	26199471	cds_exonic_166701	+	26199461	NA	NA	NA	1	1	0.0
chr6	26216493	26216871	cds_exonic_166704	+	26216701	NA	NA	NA	2	1	0.0
chr1	156563673	156563873	cds_exonic_14267	+	156563873	NA	NA	NA	1	1	0.0
chr1	156563199	156563418	cds_exonic_14266	+	156563418	NA	NA	NA	1	1	0.0
chr12	102157979	102159082	cds_exonic_50420	+	102158457	NA	AATAAA	3	1	1	0.0
chr5	891754	891969	cds_exonic_156373	+	891835	NA	AAGAAA	4	1	1	0.0
chr17	20798989	20799333	cds_exonic_83788	+	20799164	NA	NA	NA	1	1	0.0
chr14	93708621	93709434	cds_exonic_62579	+	93708920	NA	NA	NA	1	1	0.0
chr12	100451806	100453311	cds_exonic_50160	+	100452332	NA	TATAAA AAGAAA AATAGA	25 4 29	1	1	0.0
chr18	12698977	12699202	cds_exonic_93099	+	12699012	NA	AGTAAA	23	1	1	0.0
chrX	123554160	123554671	cds_exonic_207280	+	123554671	NA	NA	NA	1	1	0.0
chr9	140446533	140446944	cds_exonic_201698	+	140446944	NA	NA	NA	4	1	0.0
chr21	47703528	47703752	cds_exonic_130810	+	47703649	NA	NA	NA	1	1	0.0
chr7	6628247	6628538	cds_exonic_176802	+	6628538	NA	AAGAAA	28	1	1	0.0
chr7	72891197	72892899	cds_exonic_179582	+	72891382	NA	AATAAA AAGAAA	4 8	1	1	0.0
chr11	77812012	77812241	cds_exonic_38452	+	77812012	NA	NA	NA	10	1	0.0
chr3	37067127	37067498	cds_exonic_137404	+	37067348	NA	NA	NA	1	1	0.0
chr2	242263823	242264036	cds_exonic_123477	+	242263874	NA	NA	NA	1	1	0.0
chr15	79606098	79606347	cds_exonic_69822	+	79606279	NA	NA	NA	1	1	0.0
chr1	67895670	67895983	cds_exonic_8385	+	67895879	NA	AAGAAA	4	1	1	0.0
chr22	42262834	42263284	cds_exonic_134377	+	42263188	NA	NA	NA	1	1	0.0
chr3	12880847	12881083	cds_exonic_136335	+	12880937	NA	NA	NA	1	1	0.0
chr3	12880847	12881083	cds_exonic_136335	+	12881005	NA	NA	NA	3	2	0.816496580928
chr11	66052110	66052437	cds_exonic_36689	+	66052110	NA	NA	NA	10	1	0.0
chr12	416619	417171	cds_exonic_42105	+	416682	NA	NA	NA	1	1	0.0
chr12	104336304	104336574	cds_exonic_50599	+	104336455	NA	NA	NA	1	1	0.0
chr12	104336304	104336574	cds_exonic_50599	+	104336516	NA	NA	NA	15	1	0.0
chr12	104327733	104328065	cds_exonic_50592	+	104327779	NA	NA	NA	1	1	0.0
chr4	184431434	184432102	cds_exonic_155862	+	184432081	NA	NA	NA	1	1	0.0
chrX	39921998	39922324	cds_exonic_203367	+	39922208	NA	ATTAAA AAGAAA	6 10	1	1	0.0
chr19	13264000	13264669	cds_exonic_99309	+	13264431	NA	AAGAAA	23	1	1	0.0
chrX	118723317	118725272	cds_exonic_207015	+	118724087	NA	CATAAA TATAAA AAGAAA	4 13 5	1	1	0.0
chr20	33451115	33451351	cds_exonic_125780	+	33451271	NA	NA	NA	1	1	0.0
chr12	120534221	120535177	cds_exonic_52237	+	120534432	-5	NA	NA	1	1	0.0
chr17	26963982	26964188	cds_exonic_84089	+	26964011	NA	NA	NA	1	1	0.0
chr5	70818115	70818317	cds_exonic_159144	+	70818317	NA	NA	NA	1	1	0.0
chr5	70811887	70812098	cds_exonic_159142	+	70812038	NA	NA	NA	1	1	0.0
chr6	117859782	117859998	cds_exonic_173211	+	117859799	NA	NA	NA	1	1	0.0
chr6	90575671	90578801	cds_exonic_172161	+	90576033	NA	AATAAA GATAAA	7 19	1	1	0.0
chrX	14861691	14862103	cds_exonic_202343	+	14861818	NA	AAGAAA	10	1	1	0.0
chr12	125396262	125398317	cds_exonic_53277	+	125396262	NA	NA	NA	2	1	0.0
chr12	125396262	125398317	cds_exonic_53277	+	125397608	NA	NA	NA	1	1	0.0
chr1	171501481	171502100	cds_exonic_15901	+	171501780	NA	NA	NA	1	1	0.0
chr1	171509109	171511368	cds_exonic_15905	+	171510008	NA	NA	NA	1	1	0.0
chr1	22050390	22050655	cds_exonic_3149	+	22050643	NA	AATACA	20	3	2	8.48528137424
chr10	75011520	75011781	cds_exonic_25480	+	75011742	NA	NA	NA	2	1	0.0
chr11	17393552	17394056	cds_exonic_32426	+	17393727	NA	NA	NA	1	1	0.0
chr2	55252221	55254621	cds_exonic_110944	+	55253220	NA	AATAAA ATTAAA AAGAAA	1 14 9	1	1	0.0
chr17	40733833	40734288	cds_exonic_86608	+	40734243	NA	NA	NA	1	1	0.0
chr1	46158875	46159574	cds_exonic_6671	+	46158914	NA	NA	NA	1	1	0.0
chr11	124189160	124190093	cds_exonic_41309	+	124189338	NA	AATACA	17	1	1	0.0
chr2	219527856	219528106	cds_exonic_121217	+	219528106	NA	NA	NA	2	1	0.0
chr4	48548083	48548288	cds_exonic_150473	+	48548084	NA	NA	NA	1	1	0.0
chr10	5788141	5791990	cds_exonic_21833	+	5791090	NA	NA	NA	1	1	0.0
chr10	5781580	5782460	cds_exonic_21831	+	5782315	NA	NA	NA	1	1	0.0
chrX	47088104	47088390	cds_exonic_203736	+	47088390	3	NA	NA	2	1	0.0
chr1	35881066	35881315	cds_exonic_5073	+	35881106	NA	NA	NA	1	1	0.0
chr1	3782326	3782564	cds_exonic_877	+	3782374	NA	NA	NA	1	1	0.0
chr14	24707451	24707981	cds_exonic_58569	+	24707651	NA	NA	NA	1	1	0.0
chr1	204518240	204518807	cds_exonic_18271	+	204518389	NA	NA	NA	1	1	0.0
chr3	46007768	46010195	cds_exonic_138352	+	46009814	NA	NA	NA	1	1	0.0
chr20	32247302	32247538	cds_exonic_125632	+	32247419	NA	NA	NA	1	1	0.0
chr6	87964367	87971516	cds_exonic_171881	+	87970348	NA	AATAAA	19	4	2	2.17944947177
chr12	111168333	111168564	cds_exonic_51394	+	111168333	NA	NA	NA	1	1	0.0
chr12	111168333	111168564	cds_exonic_51394	+	111168401	NA	AAGAAA	30	1	1	0.0
chr22	40364045	40364276	cds_exonic_134039	+	40364096	NA	NA	NA	1	1	0.0
chr14	102548447	102548781	cds_exonic_63182	+	102548447	NA	NA	NA	1	1	0.0
chr14	102549349	102549639	cds_exonic_63183	+	102549445	NA	NA	NA	1	1	0.0
chr14	102551017	102551335	cds_exonic_63187	+	102551203	NA	AAGAAA	4	1	1	0.0
chr14	102551017	102551335	cds_exonic_63187	+	102551270	NA	AAGAAA	5	4	4	5.45435605732
chr14	102551017	102551335	cds_exonic_63187	+	102551335	NA	GATAAA	14	2	1	0.0
chr19	39804570	39805976	cds_exonic_102786	+	39804711	NA	NA	NA	1	1	0.0
chr21	40558954	40559343	cds_exonic_129817	+	40559084	NA	TATAAA TATAAA	17 19	1	1	0.0
chr19	54967814	54968100	cds_exonic_106527	+	54967978	NA	NA	NA	1	1	0.0
chr10	104572351	104573085	cds_exonic_28114	+	104572351	NA	NA	NA	5	1	0.0
chr11	64662045	64662372	cds_exonic_36052	+	64662045	NA	NA	NA	6	1	0.0
chr15	81274290	81274523	cds_exonic_69911	+	81274413	NA	NA	NA	1	1	0.0
chr15	81271562	81271818	cds_exonic_69910	+	81271641	NA	NA	NA	3	1	0.0
chr17	644540	644807	cds_exonic_80223	+	644569	NA	NA	NA	1	1	0.0
chr3	160135510	160135744	cds_exonic_145826	+	160135676	NA	NA	NA	1	1	0.0
chr1	151396424	151396762	cds_exonic_13004	+	151396644	NA	NA	NA	1	1	0.0
chr1	231488355	231489104	cds_exonic_20475	+	231488355	NA	NA	NA	1	1	0.0
chr1	231488355	231489104	cds_exonic_20475	+	231488904	28	GATAAA	1	1	1	0.0
chr1	40701463	40706116	cds_exonic_5762	+	40702139	NA	AATACA	1	1	1	0.0
chr1	40701463	40706116	cds_exonic_5762	+	40702220	NA	NA	NA	1	1	0.0
chr1	40701463	40706116	cds_exonic_5762	+	40703188	NA	NA	NA	1	1	0.0
chr1	40701463	40706116	cds_exonic_5762	+	40705204	NA	NA	NA	1	1	0.0
chr2	178481434	178483429	cds_exonic_118179	+	178482203	NA	AATGAA	13	1	1	0.0
chr11	105881182	105881644	cds_exonic_39574	+	105881633	NA	ACTAAA AAGAAA AAGAAA	12 3 32	1	1	0.0
chr18	9513043	9513287	cds_exonic_92868	+	9513043	NA	NA	NA	1	1	0.0
chr18	9513043	9513287	cds_exonic_92868	+	9513252	NA	NA	NA	2	2	1.58113883008
chrX	102884844	102885321	cds_exonic_206277	+	102885248	NA	NA	NA	1	1	0.0
chr22	26936754	26937596	cds_exonic_132344	+	26936977	NA	NA	NA	1	1	0.0
chr7	138763849	138764989	cds_exonic_184391	+	138764693	NA	NA	NA	1	1	0.0
chr7	138763849	138764989	cds_exonic_184391	+	138764989	NA	NA	NA	1	1	0.0
chr4	25848915	25849486	cds_exonic_149689	+	25849181	NA	NA	NA	1	1	0.0
chr6	41038790	41039015	cds_exonic_169332	+	41038871	NA	NA	NA	1	1	0.0
chr6	41038790	41039015	cds_exonic_169332	+	41038940	NA	AAGAAA	33	1	1	0.0
chr1	39494396	39494612	cds_exonic_5530	+	39494506	NA	NA	NA	1	1	0.0
chr11	88027176	88027676	cds_exonic_38793	+	88027573	NA	AATGAA	3	1	1	0.0
chr21	9907249	9907621	cds_exonic_128768	+	9907249	NA	NA	NA	1	1	0.0
chr12	52374752	52374983	cds_exonic_46480	+	52374967	NA	AATAAA	0	1	1	0.0
chr17	29161165	29163066	cds_exonic_84537	+	29161431	NA	NA	NA	2	2	1.58113883008
chr6	135357698	135359169	cds_exonic_174007	+	135358974	NA	AAGAAA	10	1	1	0.0
chr19	2115217	2115417	cds_exonic_96223	+	2115341	NA	NA	NA	1	1	0.0
chr4	83785514	83785751	cds_exonic_152112	+	83785685	NA	AATGAA	16	5	2	0.4472135955
chr14	102449718	102449946	cds_exonic_63109	+	102449800	NA	NA	NA	2	1	0.0
chr4	113538595	113540846	cds_exonic_153588	+	113538671	NA	AAGAAA	12	1	1	0.0
chr2	179419591	179419879	cds_exonic_118303	+	179419879	NA	AATATA	26	1	1	0.0
chr17	80049097	80049560	cds_exonic_92171	+	80049499	NA	NA	NA	1	1	0.0
chr17	38447309	38447591	cds_exonic_85933	+	38447383	NA	AAGAAA	25	1	1	0.0
chr16	56396530	56396746	cds_exonic_76784	+	56396549	NA	NA	NA	1	1	0.0
chr16	56396530	56396746	cds_exonic_76784	+	56396651	NA	NA	NA	1	1	0.0
chr8	41794773	41795086	cds_exonic_188465	+	41794921	NA	AATGAA	24	2	1	0.0
chr19	3610667	3611074	cds_exonic_96584	+	3610667	NA	NA	NA	1	1	0.0
chr19	3594836	3595074	cds_exonic_96581	+	3594836	NA	NA	NA	5	1	0.0
chr19	1497172	1497893	cds_exonic_96052	+	1497893	NA	NA	NA	3	1	0.0
chr19	7747139	7747703	cds_exonic_97720	+	7747703	NA	NA	NA	2	1	0.0
chr9	33944362	33944637	cds_exonic_194627	+	33944637	NA	NA	NA	1	1	0.0
chr8	105509199	105510304	cds_exonic_191057	+	105510237	NA	NA	NA	2	1	0.0
chr8	105509199	105510304	cds_exonic_191057	+	105510304	NA	NA	NA	4	1	0.0
chr1	17312482	17312853	cds_exonic_2455	+	17312482	NA	NA	NA	2	1	0.0
chr2	113414604	113414818	cds_exonic_114809	+	113414753	NA	NA	NA	1	1	0.0
chr2	113414604	113414818	cds_exonic_114809	+	113414808	NA	NA	NA	2	1	0.0
chr1	19447682	19447928	cds_exonic_2718	+	19447714	NA	NA	NA	1	1	0.0
chr1	19447682	19447928	cds_exonic_2718	+	19447792	NA	NA	NA	1	1	0.0
chr10	115636279	115636735	cds_exonic_28781	+	115636735	NA	AATATA	25	1	1	0.0
chr6	12163515	12164691	cds_exonic_166090	+	12164370	NA	NA	NA	1	1	0.0
chr12	27950647	27951096	cds_exonic_44645	+	27951096	9	AATAAA AAGAAA GATAAA	25 28 19	3	1	0.0
chr6	31631629	31632255	cds_exonic_167476	+	31632255	NA	NA	NA	1	1	0.0
chrX	19377606	19377865	cds_exonic_202712	+	19377820	NA	NA	NA	1	1	0.0
chr8	48883070	48883436	cds_exonic_188783	+	48883309	NA	AATGAA	7	1	1	0.0
chr2	179394967	179400576	cds_exonic_118276	+	179400576	NA	NA	NA	1	1	0.0
chr14	20876031	20876598	cds_exonic_57657	+	20876287	NA	NA	NA	1	1	0.0
chr17	56389252	56390083	cds_exonic_88684	+	56390018	NA	NA	NA	1	1	0.0
chr17	56389252	56390083	cds_exonic_88684	+	56390083	NA	NA	NA	1	1	0.0
chr4	140282877	140283091	cds_exonic_154317	+	140282936	NA	NA	NA	1	1	0.0
chr14	45665374	45665750	cds_exonic_59381	+	45665742	NA	NA	NA	3	1	0.0
chr17	65214710	65214920	cds_exonic_89791	+	65214711	NA	NA	NA	1	1	0.0
chr17	65214710	65214920	cds_exonic_89791	+	65214782	NA	AATAGA	14	1	1	0.0
chr3	142467099	142467302	cds_exonic_145051	+	142467270	NA	NA	NA	1	1	0.0
chr19	19135427	19137035	cds_exonic_100856	+	19136402	NA	NA	NA	1	1	0.0
chr19	19120663	19121151	cds_exonic_100854	+	19120725	NA	NA	NA	1	1	0.0
chr7	148514968	148515209	cds_exonic_185193	+	148515012	NA	AAGAAA	16	3	1	0.0
chr7	148514968	148515209	cds_exonic_185193	+	148515209	NA	NA	NA	1	1	0.0
chr15	40912837	40917838	cds_exonic_65245	+	40913041	NA	TTTAAA TTTAAA	15 19	1	1	0.0
chr15	64048635	64048947	cds_exonic_68033	+	64048849	NA	TTTAAA TTTAAA	19 15	1	1	0.0
chr13	32910401	32915333	cds_exonic_54704	+	32910474	NA	NA	NA	1	1	0.0
chr13	32910401	32915333	cds_exonic_54704	+	32910655	NA	NA	NA	1	1	0.0
chr13	32910401	32915333	cds_exonic_54704	+	32915293	NA	NA	NA	1	1	0.0
chr15	101109445	101110322	cds_exonic_71157	+	101109445	NA	NA	NA	1	1	0.0
chr11	124266308	124267247	cds_exonic_41311	+	124266927	NA	NA	NA	1	1	0.0
chr14	21863070	21863278	cds_exonic_57849	+	21863169	NA	AATGAA	0	1	1	0.0
chr4	73963789	73964237	cds_exonic_151429	+	73963828	NA	NA	NA	1	1	0.0
chr8	68007527	68007967	cds_exonic_189427	+	68007718	NA	NA	NA	1	1	0.0
chr5	89943314	89943581	cds_exonic_160097	+	89943314	NA	NA	NA	1	1	0.0
chr17	80400052	80400465	cds_exonic_92244	+	80400465	NA	NA	NA	2	1	0.0
chr15	34394732	34396487	cds_exonic_64796	+	34396476	NA	NA	NA	1	1	0.0
chr9	131730784	131730996	cds_exonic_199831	+	131730835	NA	NA	NA	1	1	0.0
chr2	196544766	196545774	cds_exonic_119356	+	196545455	NA	AATAAA	2	4	2	2.17944947177
chr5	121355782	121356497	cds_exonic_161120	+	121356130	NA	NA	NA	1	1	0.0
chr5	71489692	71496194	cds_exonic_159191	+	71491953	NA	NA	NA	3	1	0.0
chr1	85647780	85648883	cds_exonic_9079	+	85648398	NA	AAGAAA	10	1	1	0.0
chr1	169446392	169446995	cds_exonic_15687	+	169446406	NA	NA	NA	1	1	0.0
chr1	169446392	169446995	cds_exonic_15687	+	169446995	NA	GATAAA AATGAA	21 5	1	1	0.0
chr9	136230371	136230635	cds_exonic_200591	+	136230569	NA	NA	NA	1	1	0.0
chr9	136230371	136230635	cds_exonic_200591	+	136230635	NA	NA	NA	5	1	0.0
chr6	56917483	56919658	cds_exonic_170849	+	56917764	NA	AATAAA AATACA	31 15	1	1	0.0
chr2	55490775	55490994	cds_exonic_110976	+	55490786	NA	NA	NA	3	1	0.0
chr2	55522202	55523192	cds_exonic_110978	+	55523192	NA	NA	NA	1	1	0.0
chr16	2818481	2818942	cds_exonic_72586	+	2818522	NA	NA	NA	1	1	0.0
chr16	2811561	2818262	cds_exonic_72585	+	2813274	NA	NA	NA	1	1	0.0
chr16	2811561	2818262	cds_exonic_72585	+	2814189	NA	NA	NA	1	1	0.0
chr16	2811561	2818262	cds_exonic_72585	+	2815308	NA	NA	NA	1	1	0.0
chr16	2811561	2818262	cds_exonic_72585	+	2816939	NA	NA	NA	1	1	0.0
chr16	2811561	2818262	cds_exonic_72585	+	2817727	NA	NA	NA	1	1	0.0
chr3	52558488	52558747	cds_exonic_140275	+	52558510	NA	NA	NA	1	1	0.0
chr11	93429847	93433352	cds_exonic_38971	+	93431114	NA	AGTAAA	21	1	1	0.0
chr12	105388255	105388471	cds_exonic_50689	+	105388460	NA	NA	NA	1	1	0.0
chr4	103806372	103806587	cds_exonic_153081	+	103806489	NA	AAGAAA	6	1	1	0.0
chr15	42005348	42005694	cds_exonic_65520	+	42005665	NA	NA	NA	1	1	0.0
chr11	107299524	107300177	cds_exonic_39604	+	107299567	NA	NA	NA	1	1	0.0
chr14	24661853	24662475	cds_exonic_58539	+	24662101	NA	AGTAAA	13	1	1	0.0
chr3	88104625	88105126	cds_exonic_141683	+	88104625	NA	NA	NA	2	1	0.0
chr10	133761033	133761295	cds_exonic_29917	+	133761253	NA	NA	NA	1	1	0.0
chr11	71155002	71155299	cds_exonic_37562	+	71155243	NA	NA	NA	1	1	0.0
chr5	66400193	66400403	cds_exonic_158876	+	66400403	2	NA	NA	1	1	0.0
chr6	41874812	41875025	cds_exonic_169442	+	41875007	NA	NA	NA	1	1	0.0
chr12	110930800	110931036	cds_exonic_51341	+	110930805	NA	NA	NA	1	1	0.0
chr3	180327417	180328327	cds_exonic_146516	+	180328321	NA	AAGAAA	20	1	1	0.0
chr11	3744386	3744685	cds_exonic_31175	+	3744426	NA	AAGAAA AATAGA	1 5	1	1	0.0
chr4	39000259	39000529	cds_exonic_149892	+	39000464	NA	AAGAAA	24	1	1	0.0
chr19	36230183	36230527	cds_exonic_101917	+	36230183	NA	NA	NA	1	1	0.0
chr2	136537752	136537955	cds_exonic_115954	+	136537939	NA	NA	NA	1	1	0.0
chr6	144184222	144184423	cds_exonic_174421	+	144184244	NA	NA	NA	1	1	0.0
chrX	31697491	31697703	cds_exonic_203130	+	31697515	NA	NA	NA	1	1	0.0
chr16	2012990	2013257	cds_exonic_72190	+	2013040	NA	NA	NA	1	1	0.0
chr19	5782991	5784064	cds_exonic_97173	+	5782991	NA	NA	NA	1	1	0.0
chr19	6378249	6378687	cds_exonic_97285	+	6378340	NA	NA	NA	1	1	0.0
chr8	11695896	11696115	cds_exonic_186510	+	11696071	NA	NA	NA	1	1	0.0
chr8	11695896	11696115	cds_exonic_186510	+	11696115	NA	NA	NA	3	1	0.0
chr7	36458852	36459088	cds_exonic_178203	+	36459061	NA	AGTAAA	13	1	1	0.0
chr12	54428061	54428273	cds_exonic_47048	+	54428180	NA	NA	NA	1	1	0.0
chr6	28539690	28541604	cds_exonic_166878	+	28541307	NA	AAGAAA	29	2	2	13.5092560861
chr22	22890491	22891065	cds_exonic_131787	+	22890675	NA	NA	NA	1	1	0.0
chr22	22893187	22893511	cds_exonic_131789	+	22893365	NA	NA	NA	1	1	0.0
chr22	22892147	22892756	cds_exonic_131788	+	22892508	NA	AAGAAA	11	5	3	3.34664010614
chr13	48830312	48830519	cds_exonic_55551	+	48830408	NA	NA	NA	1	1	0.0
chr19	49656663	49658494	cds_exonic_105213	+	49657042	NA	NA	NA	1	1	0.0
chr19	49656663	49658494	cds_exonic_105213	+	49657367	NA	NA	NA	1	1	0.0
chr9	36665346	36665578	cds_exonic_195215	+	36665425	NA	NA	NA	1	1	0.0
chrX	48973950	48974164	cds_exonic_204131	+	48974043	NA	NA	NA	1	1	0.0
chr2	201435772	201438700	cds_exonic_119722	+	201438656	NA	NA	NA	1	1	0.0
chr1	46120214	46120501	cds_exonic_6667	+	46120270	NA	AAGAAA	3	2	1	0.0
chr6	83900527	83900733	cds_exonic_171704	+	83900677	NA	NA	NA	1	1	0.0
chr10	126631062	126631876	cds_exonic_29623	+	126631828	NA	TTTAAA ACTAAA TTTAAA	18 26 16	1	1	0.0
chr11	319736	319990	cds_exonic_30315	+	319736	NA	NA	NA	4	1	0.0
chr1	204375222	204375441	cds_exonic_18224	+	204375401	NA	NA	NA	1	1	0.0
chr1	214817899	214820743	cds_exonic_19178	+	214818858	NA	NA	NA	1	1	0.0
chr1	214817899	214820743	cds_exonic_19178	+	214820678	NA	NA	NA	1	1	0.0
chr1	214813263	214816667	cds_exonic_19177	+	214813510	NA	AAGAAA	26	2	1	0.0
chr12	69233053	69233626	cds_exonic_48762	+	69233394	NA	TATAAA	25	1	1	0.0
chr20	2638574	2638937	cds_exonic_123873	+	2638593	NA	NA	NA	2	1	0.0
chr20	2638574	2638937	cds_exonic_123873	+	2638845	NA	AAGAAA	18	1	1	0.0
chr10	33218749	33218972	cds_exonic_23434	+	33218868	NA	AATAAA TATAAA AAGAAA	16 6 10	2	1	0.0
chr5	94991749	94992010	cds_exonic_160326	+	94992010	NA	NA	NA	1	1	0.0
chr5	31526185	31527019	cds_exonic_157132	+	31527019	NA	NA	NA	1	1	0.0
chr12	133362924	133363141	cds_exonic_53750	+	133363136	NA	NA	NA	1	1	0.0
chr16	74339186	74339628	cds_exonic_78844	+	74339612	NA	AAGAAA GATAAA	29 2	1	1	0.0
chr16	30566517	30567431	cds_exonic_75679	+	30567422	NA	AAGAAA	5	1	1	0.0
chrX	11206847	11207104	cds_exonic_202207	+	11207022	NA	NA	NA	1	1	0.0
chr3	47703823	47704082	cds_exonic_138670	+	47703989	NA	NA	NA	1	1	0.0
chr4	13600569	13606708	cds_exonic_149206	+	13603272	NA	NA	NA	1	1	0.0
chr11	64678509	64678747	cds_exonic_36084	+	64678547	NA	NA	NA	1	1	0.0
chr9	140136947	140138005	cds_exonic_201567	+	140137694	NA	NA	NA	1	1	0.0
chr11	68660070	68660461	cds_exonic_37358	+	68660380	-18	AAGAAA	13	1	1	0.0
chr11	64124510	64124957	cds_exonic_35853	+	64124957	NA	NA	NA	1	1	0.0
chr19	50173472	50173745	cds_exonic_105428	+	50173537	NA	NA	NA	1	1	0.0
chr4	77969374	77969815	cds_exonic_151823	+	77969586	NA	NA	NA	1	1	0.0
chr21	45561045	45561277	cds_exonic_130392	+	45561265	NA	NA	NA	2	2	12.0
chr19	41936960	41937247	cds_exonic_103387	+	41937224	2	NA	NA	1	1	0.0
chr2	145147020	145147595	cds_exonic_116200	+	145147170	NA	AATAAA AAGAAA	12 1	1	1	0.0
chr2	10729168	10729416	cds_exonic_107866	+	10729171	NA	NA	NA	1	1	0.0
chr6	149699153	149700654	cds_exonic_174675	+	149699914	NA	NA	NA	1	1	0.0
chr20	56098718	56099261	cds_exonic_127849	+	56098718	NA	NA	NA	1	1	0.0
chr17	37618324	37619370	cds_exonic_85679	+	37618712	NA	ACTAAA	17	3	2	2.82842712475
chr10	30629145	30629379	cds_exonic_23279	+	30629145	NA	NA	NA	1	1	0.0
chr1	27105513	27107244	cds_exonic_3983	+	27105701	NA	NA	NA	3	3	17.1464281995
chr3	56597711	56598153	cds_exonic_140687	+	56597857	NA	NA	NA	1	1	0.0
chr3	56597711	56598153	cds_exonic_140687	+	56597946	NA	GATAAA	3	1	1	0.0
chr22	24237226	24237719	cds_exonic_131987	+	24237410	NA	AATAAA	20	4	1	0.0
chr19	36050706	36050975	cds_exonic_101822	+	36050825	NA	AATAAA	20	1	1	0.0
chr12	57006798	57007017	cds_exonic_47722	+	57006798	NA	NA	NA	2	1	0.0
chr22	21079702	21080065	cds_exonic_131518	+	21079954	NA	NA	NA	1	1	0.0
chr22	21079702	21080065	cds_exonic_131518	+	21080021	NA	NA	NA	1	1	0.0
chr20	31022234	31025138	cds_exonic_125399	+	31025138	NA	AATACA	15	2	1	0.0
chr1	204378619	204380539	cds_exonic_18225	+	204379460	NA	AAGAAA AATAGA	5 12	1	1	0.0
chr20	40033235	40034129	cds_exonic_126616	+	40033235	NA	NA	NA	1	1	0.0
chr17	57774802	57775339	cds_exonic_88921	+	57775116	NA	NA	NA	2	1	0.0
chr17	57774802	57775339	cds_exonic_88921	+	57775170	NA	NA	NA	1	1	0.0
chr11	124495566	124495799	cds_exonic_41322	+	124495763	NA	AAGAAA	21	1	1	0.0
chr5	34823060	34824596	cds_exonic_157314	+	34824115	NA	NA	NA	1	1	0.0
chr7	77423291	77423690	cds_exonic_180154	+	77423690	NA	NA	NA	1	1	0.0
chr8	61742880	61743136	cds_exonic_189168	+	61742991	NA	AAGAAA	11	1	1	0.0
chr1	11861217	11861456	cds_exonic_1756	+	11861412	NA	NA	NA	1	1	0.0
chrX	122755007	122755438	cds_exonic_207196	+	122755249	NA	AAGAAA AAGAAA	8 26	1	1	0.0
chrX	122755007	122755438	cds_exonic_207196	+	122755414	2	AAGAAA AAGAAA	2 20	1	1	0.0
chr11	14490881	14491109	cds_exonic_32250	+	14490887	NA	NA	NA	1	1	0.0
chr10	131959059	131959261	cds_exonic_29890	+	131959059	NA	NA	NA	2	1	0.0
chr10	131959059	131959261	cds_exonic_29890	+	131959125	NA	NA	NA	2	1	0.0
chr3	42678359	42681242	cds_exonic_138022	+	42678478	NA	NA	NA	2	1	0.0
chr3	42678359	42681242	cds_exonic_138022	+	42679764	NA	AAGAAA	2	1	1	0.0
chr3	42678359	42681242	cds_exonic_138022	+	42680198	NA	NA	NA	2	2	16.0
chr3	42678359	42681242	cds_exonic_138022	+	42680866	NA	NA	NA	1	1	0.0
chr20	20585818	20586056	cds_exonic_124946	+	20585849	NA	NA	NA	1	1	0.0
chr20	54974022	54974413	cds_exonic_127761	+	54974323	NA	NA	NA	1	1	0.0
chr2	100055062	100055772	cds_exonic_113913	+	100055117	NA	AATGAA	14	1	1	0.0
chr1	203680004	203680236	cds_exonic_18118	+	203680025	NA	NA	NA	1	1	0.0
chrX	100297030	100297278	cds_exonic_206044	+	100297091	NA	AAGAAA	14	1	1	0.0
chr2	128522049	128522553	cds_exonic_115481	+	128522183	NA	NA	NA	1	1	0.0
chr1	19481934	19482162	cds_exonic_2745	+	19482162	NA	CATAAA	33	1	1	0.0
chr6	64394029	64395831	cds_exonic_170919	+	64394421	NA	NA	NA	1	1	0.0
chr6	64394029	64395831	cds_exonic_170919	+	64394750	NA	NA	NA	1	1	0.0
chr6	64394029	64395831	cds_exonic_170919	+	64395072	NA	AAGAAA	11	1	1	0.0
chr15	41377566	41377781	cds_exonic_65378	+	41377774	NA	AAGAAA	10	1	1	0.0
chr5	167944819	167945067	cds_exonic_164214	+	167944999	NA	NA	NA	2	2	1.0
chr11	19251000	19251535	cds_exonic_32776	+	19251049	NA	TTTAAA AAGAAA TTTAAA	24 4 10	1	1	0.0
chr5	138643104	138644016	cds_exonic_162308	+	138643112	NA	NA	NA	1	1	0.0
chr7	12395736	12395956	cds_exonic_177018	+	12395806	NA	AATATA	16	1	1	0.0
chr12	53701275	53701497	cds_exonic_46922	+	53701275	NA	NA	NA	1	1	0.0
chr2	233655407	233655625	cds_exonic_122507	+	233655552	NA	NA	NA	1	1	0.0
chr2	242179016	242179235	cds_exonic_123455	+	242179037	NA	NA	NA	1	1	0.0
chr10	103563491	103563776	cds_exonic_27866	+	103563515	NA	NA	NA	1	1	0.0
chr10	103558598	103559212	cds_exonic_27864	+	103559052	NA	AAGAAA	8	1	1	0.0
chr1	16254585	16262761	cds_exonic_2235	+	16254596	NA	NA	NA	1	1	0.0
chr1	16254585	16262761	cds_exonic_2235	+	16257220	NA	NA	NA	1	1	0.0
chr1	16254585	16262761	cds_exonic_2235	+	16258176	NA	NA	NA	1	1	0.0
chr2	74688404	74690139	cds_exonic_112278	+	74689211	NA	NA	NA	1	1	0.0
chr7	142563714	142564071	cds_exonic_184892	+	142563945	NA	NA	NA	1	1	0.0
chr7	142561723	142562504	cds_exonic_184890	+	142562340	NA	NA	NA	1	1	0.0
chr11	5410628	5411606	cds_exonic_31315	+	5411417	NA	NA	NA	1	1	0.0
chr11	5363818	5364754	cds_exonic_31313	+	5364071	NA	NA	NA	1	1	0.0
chr11	5363818	5364754	cds_exonic_31313	+	5364197	NA	NA	NA	2	1	0.0
chr11	5322246	5323176	cds_exonic_31311	+	5322490	NA	NA	NA	1	1	0.0
chr1	113657048	113657498	cds_exonic_11043	+	113657468	NA	NA	NA	1	1	0.0
chr21	22656513	22656720	cds_exonic_128936	+	22656650	NA	AATATA	22	1	1	0.0
chr11	32979414	32979632	cds_exonic_33205	+	32979554	NA	AGTAAA AAGAAA	8 30	2	1	0.0
chr11	18318312	18318531	cds_exonic_32631	+	18318531	NA	GATAAA	6	1	1	0.0
chr3	98568231	98568442	cds_exonic_141882	+	98568231	NA	NA	NA	1	1	0.0
chr16	46712854	46713068	cds_exonic_76220	+	46712956	NA	NA	NA	2	1	0.0
chr6	7301542	7301805	cds_exonic_165815	+	7301769	NA	AATAAA	8	1	1	0.0
chr1	28660927	28661478	cds_exonic_4252	+	28661460	NA	NA	NA	1	1	0.0
chr1	158607822	158608031	cds_exonic_14641	+	158607968	NA	AAGAAA	12	1	1	0.0
chr17	15973478	15973839	cds_exonic_83037	+	15973478	NA	NA	NA	1	1	0.0
chr19	5219949	5220165	cds_exonic_97047	+	5220024	NA	NA	NA	1	1	0.0
chr3	5024520	5025374	cds_exonic_135722	+	5024933	NA	NA	NA	1	1	0.0
chr17	38652238	38652677	cds_exonic_86018	+	38652267	NA	NA	NA	1	1	0.0
chr3	9876777	9877170	cds_exonic_135977	+	9877084	19	AATAAA AAGAAA	21 27	1	1	0.0
chr5	140698564	140699611	cds_exonic_162637	+	140699157	NA	AATATA AAGAAA AATATA	23 5 9	1	1	0.0
chr15	63970043	63970564	cds_exonic_68000	+	63970415	NA	NA	NA	1	1	0.0
chrX	48772296	48772669	cds_exonic_204048	+	48772669	NA	NA	NA	1	1	0.0
chrX	48761869	48762759	cds_exonic_204040	+	48762116	NA	NA	NA	1	1	0.0
chr19	47290656	47291244	cds_exonic_104560	+	47290885	NA	NA	NA	1	1	0.0
chr10	43882087	43883332	cds_exonic_23695	+	43883325	NA	NA	NA	2	2	6.5192024052
chr12	80190974	80191175	cds_exonic_49255	+	80191091	NA	AAGAAA GATAAA	4 30	1	1	0.0
chr3	121206148	121209255	cds_exonic_143041	+	121208931	NA	AATAAA AATATA	31 13	1	1	0.0
chr2	111995636	111996086	cds_exonic_114626	+	111995813	NA	GATAAA	0	1	1	0.0
chr18	9211581	9211782	cds_exonic_92854	+	9211778	NA	NA	NA	1	1	0.0
chr21	37741285	37742174	cds_exonic_129664	+	37741614	NA	ACTAAA	5	1	1	0.0
chr21	37741285	37742174	cds_exonic_129664	+	37741792	NA	NA	NA	1	1	0.0
chr3	32030571	32032467	cds_exonic_137130	+	32030612	NA	AAGAAA	30	1	1	0.0
chr20	3777178	3777378	cds_exonic_124175	+	3777334	NA	NA	NA	1	1	0.0
chr6	147684470	147684840	cds_exonic_174635	+	147684591	NA	AAGAAA	27	1	1	0.0
chr15	44067919	44068121	cds_exonic_66287	+	44068121	NA	NA	NA	1	1	0.0
chrX	153195442	153195760	cds_exonic_208522	+	153195442	NA	NA	NA	2	1	0.0
chr6	26033406	26033796	cds_exonic_166676	+	26033406	NA	NA	NA	1	1	0.0
chr6	26031880	26032288	cds_exonic_166675	+	26032025	NA	NA	NA	1	1	0.0
chrM	14746	15887	cds_exonic_201824	+	14746	NA	NA	NA	2	2	0.707106781187
chrM	14746	15887	cds_exonic_201824	+	15143	NA	NA	NA	1	1	0.0
chrM	14746	15887	cds_exonic_201824	+	15554	NA	NA	NA	1	1	0.0
chrM	14746	15887	cds_exonic_201824	+	15695	NA	NA	NA	2	2	7.51664818919
chrM	14746	15887	cds_exonic_201824	+	15776	NA	NA	NA	1	1	0.0
chrM	14746	15887	cds_exonic_201824	+	15887	NA	NA	NA	4	1	0.0
chr15	76222224	76222424	cds_exonic_69486	+	76222318	NA	NA	NA	1	1	0.0
chr17	33456440	33456677	cds_exonic_84922	+	33456506	NA	NA	NA	1	1	0.0
chr17	46135656	46137000	cds_exonic_87789	+	46136406	NA	NA	NA	1	1	0.0
chr11	70281571	70281851	cds_exonic_37515	+	70281571	NA	NA	NA	3	1	0.0
chr12	30906277	30906697	cds_exonic_44796	+	30906297	NA	NA	NA	1	1	0.0
chr20	49507944	49511049	cds_exonic_127612	+	49508133	NA	NA	NA	1	1	0.0
chr10	101373452	101373681	cds_exonic_27489	+	101373516	NA	NA	NA	1	1	0.0
chr19	7614792	7614998	cds_exonic_97620	+	7614998	NA	NA	NA	1	1	0.0
chr8	29923453	29923655	cds_exonic_187808	+	29923496	NA	AGTAAA AATACA	28 5	1	1	0.0
chr7	75511146	75511554	cds_exonic_179979	+	75511173	NA	NA	NA	1	1	0.0
chrX	135313702	135314379	cds_exonic_207785	+	135313776	NA	NA	NA	3	1	0.0
chr11	66444138	66444550	cds_exonic_36852	+	66444206	NA	NA	NA	1	1	0.0
chr17	38512260	38513013	cds_exonic_85953	+	38513013	NA	AATAAA ATTAAA	14 9	1	1	0.0
chr19	49376490	49378155	cds_exonic_105057	+	49377319	NA	NA	NA	1	1	0.0
chr5	135496544	135496796	cds_exonic_162012	+	135496575	NA	NA	NA	1	1	0.0
chr5	135489449	135489852	cds_exonic_162011	+	135489559	NA	NA	NA	3	2	11.313708499
chr5	135489449	135489852	cds_exonic_162011	+	135489852	NA	NA	NA	1	1	0.0
chr12	123741359	123741575	cds_exonic_52980	+	123741527	NA	AAGAAA	5	1	1	0.0
chr4	56831809	56832025	cds_exonic_150800	+	56831912	NA	NA	NA	1	1	0.0
chr14	94545370	94546088	cds_exonic_62675	+	94545387	NA	NA	NA	1	1	0.0
chr14	94528442	94528967	cds_exonic_62674	+	94528794	NA	NA	NA	1	1	0.0
chr2	73612996	73613320	cds_exonic_112075	+	73613318	NA	NA	NA	1	1	0.0
chr19	10798021	10798384	cds_exonic_98570	+	10798314	NA	NA	NA	1	1	0.0
chr10	91479175	91479463	cds_exonic_26435	+	91479272	NA	NA	NA	1	1	0.0
chr7	142723289	142724219	cds_exonic_184961	+	142723513	NA	NA	NA	1	1	0.0
chr11	47765504	47765715	cds_exonic_34226	+	47765504	NA	NA	NA	1	1	0.0
chr14	31618102	31618366	cds_exonic_58877	+	31618233	NA	NA	NA	1	1	0.0
chr1	8716031	8716356	cds_exonic_1259	+	8716287	NA	NA	NA	1	1	0.0
chr6	27925018	27925957	cds_exonic_166820	+	27925597	NA	NA	NA	1	1	0.0
chr12	121783641	121783868	cds_exonic_52519	+	121783675	NA	NA	NA	4	3	5.19615242271
chr7	66103842	66104216	cds_exonic_179399	+	66104216	NA	NA	NA	1	1	0.0
chr1	218475635	218475901	cds_exonic_19320	+	218475876	NA	AAGAAA	24	1	1	0.0
chrX	47444603	47445414	cds_exonic_203795	+	47444732	NA	NA	NA	2	1	0.0
chr15	65107892	65108147	cds_exonic_68129	+	65107892	NA	NA	NA	3	1	0.0
chr1	94341823	94343439	cds_exonic_9698	+	94341933	NA	NA	NA	5	3	9.09945053286
chr14	23530506	23530831	cds_exonic_58094	+	23530528	NA	NA	NA	1	1	0.0
chr15	55632809	55633021	cds_exonic_67342	+	55632809	NA	NA	NA	3	1	0.0
chr15	55632809	55633021	cds_exonic_67342	+	55632874	NA	CATAAA	1	1	1	0.0
chr12	104714868	104715094	cds_exonic_50664	+	104715094	NA	TATAAA	20	1	1	0.0
chr15	55651699	55653142	cds_exonic_67348	+	55652713	NA	NA	NA	2	1	0.0
chr15	55651699	55653142	cds_exonic_67348	+	55652772	NA	NA	NA	1	1	0.0
chr15	55651699	55653142	cds_exonic_67348	+	55652891	NA	AAGAAA	12	1	1	0.0
chr3	64007993	64008199	cds_exonic_141211	+	64008199	NA	NA	NA	1	1	0.0
chr11	66963720	66963993	cds_exonic_36960	+	66963993	NA	NA	NA	1	1	0.0
chr15	51975415	51975631	cds_exonic_67103	+	51975488	NA	NA	NA	1	1	0.0
chr16	2285216	2285570	cds_exonic_72433	+	2285499	NA	NA	NA	1	1	0.0
chr4	155155690	155158311	cds_exonic_154984	+	155157711	NA	NA	NA	2	1	0.0
chr12	8211335	8212781	cds_exonic_43248	+	8212723	NA	NA	NA	1	1	0.0
chr17	65850055	65850878	cds_exonic_89833	+	65850791	NA	NA	NA	3	1	0.0
chr1	197111460	197112940	cds_exonic_17418	+	197112920	NA	AAGAAA	7	1	1	0.0
chr2	179447022	179447319	cds_exonic_118320	+	179447319	NA	NA	NA	1	1	0.0
chrX	48382159	48382460	cds_exonic_203934	+	48382169	NA	NA	NA	4	3	2.34520787991
chr18	32917198	32917734	cds_exonic_94012	+	32917198	NA	NA	NA	1	1	0.0
chrX	84525656	84526831	cds_exonic_205836	+	84525715	NA	NA	NA	2	1	0.0
chr1	205779197	205779569	cds_exonic_18442	+	205779271	NA	NA	NA	1	1	0.0
chr11	118967710	118968007	cds_exonic_40841	+	118968007	NA	NA	NA	2	1	0.0
chr11	118245610	118245944	cds_exonic_40594	+	118245913	NA	NA	NA	2	2	1.58113883008
chr11	118243800	118244003	cds_exonic_40592	+	118243892	NA	NA	NA	1	1	0.0
chr12	90049455	90049663	cds_exonic_49670	+	90049524	NA	AATACA	4	1	1	0.0
chr8	133854759	133855120	cds_exonic_192088	+	133854842	NA	NA	NA	1	1	0.0
chr3	47161671	47166038	cds_exonic_138561	+	47161957	NA	NA	NA	1	1	0.0
chr3	47161671	47166038	cds_exonic_138561	+	47164314	NA	NA	NA	1	1	0.0
chr3	47161671	47166038	cds_exonic_138561	+	47165290	NA	AAGAAA	33	1	1	0.0
chr2	234749254	234750851	cds_exonic_122747	+	234749842	NA	NA	NA	1	1	0.0
chr6	160504981	160505216	cds_exonic_175491	+	160505022	NA	NA	NA	1	1	0.0
chr1	55337022	55337286	cds_exonic_7624	+	55337117	NA	NA	NA	1	1	0.0
chr1	52703159	52705267	cds_exonic_7194	+	52704334	NA	ACTAAA	7	1	1	0.0
chr1	52703159	52705267	cds_exonic_7194	+	52704913	NA	NA	NA	1	1	0.0
chr3	156877580	156877883	cds_exonic_145663	+	156877601	NA	NA	NA	1	1	0.0
chr1	92789001	92789932	cds_exonic_9564	+	92789208	NA	NA	NA	1	1	0.0
chr12	100657274	100657671	cds_exonic_50195	+	100657404	NA	AAGAAA	6	1	1	0.0
chr9	94493191	94493437	cds_exonic_196601	+	94493216	NA	NA	NA	1	1	0.0
chr2	103299719	103299937	cds_exonic_114178	+	103299937	NA	NA	NA	1	1	0.0
chr5	149206235	149206448	cds_exonic_163244	+	149206264	NA	NA	NA	1	1	0.0
chr2	170591524	170592737	cds_exonic_117612	+	170591826	NA	NA	NA	1	1	0.0
chr2	170591524	170592737	cds_exonic_117612	+	170592409	NA	GATAAA	25	1	1	0.0
chr3	58303340	58303844	cds_exonic_140985	+	58303844	NA	NA	NA	1	1	0.0
chr7	158663832	158664253	cds_exonic_185999	+	158664117	NA	NA	NA	1	1	0.0
chr9	32630099	32635577	cds_exonic_194444	+	32632787	NA	AAGAAA	4	1	1	0.0
chr2	242195598	242195814	cds_exonic_123468	+	242195601	NA	NA	NA	3	2	1.41421356237
chr2	242195598	242195814	cds_exonic_123468	+	242195669	NA	NA	NA	5	3	1.67332005307
chr17	78268518	78268802	cds_exonic_91603	+	78268798	NA	NA	NA	1	1	0.0
chr2	223773490	223773868	cds_exonic_121753	+	223773561	NA	TATAAA	0	1	1	0.0
chr2	223773490	223773868	cds_exonic_121753	+	223773707	NA	NA	NA	1	1	0.0
chr1	155447676	155452240	cds_exonic_13923	+	155447778	NA	NA	NA	1	1	0.0
chr1	155447676	155452240	cds_exonic_13923	+	155448624	NA	AAGAAA	5	2	1	0.0
chr1	155447676	155452240	cds_exonic_13923	+	155449219	NA	AATGAA	8	2	1	0.0
chr1	155447676	155452240	cds_exonic_13923	+	155449760	NA	AATGAA	33	2	1	0.0
chr1	155447676	155452240	cds_exonic_13923	+	155450535	NA	AAGAAA AAGAAA ACTAAA	7 16 32	2	1	0.0
chr14	91942088	91942310	cds_exonic_62374	+	91942172	NA	NA	NA	2	1	0.0
chr7	152345729	152346448	cds_exonic_185711	+	152345754	NA	NA	NA	1	1	0.0
chr16	88709763	88709979	cds_exonic_79725	+	88709763	NA	NA	NA	6	1	0.0
chr2	97019920	97020126	cds_exonic_113389	+	97020126	NA	NA	NA	1	1	0.0
chr1	109241783	109242639	cds_exonic_10369	+	109241882	NA	NA	NA	1	1	0.0
chr1	109241783	109242639	cds_exonic_10369	+	109242379	NA	AGTAAA	30	1	1	0.0
chr2	230723487	230724290	cds_exonic_122139	+	230723723	NA	NA	NA	1	1	0.0
chr2	179411326	179411632	cds_exonic_118293	+	179411601	NA	NA	NA	1	1	0.0
chr2	179412133	179414200	cds_exonic_118295	+	179412302	NA	NA	NA	1	1	0.0
chr2	182766492	182767193	cds_exonic_118749	+	182766811	NA	AATAAA AAGAAA	17 6	2	1	0.0
chr2	231931617	231931825	cds_exonic_122276	+	231931680	NA	NA	NA	1	1	0.0
chr12	53295647	53295856	cds_exonic_46743	+	53295733	NA	NA	NA	1	1	0.0
chrX	77253974	77254181	cds_exonic_205667	+	77254079	NA	AATGAA ACTAAA TATAAA	0 12 27	1	1	0.0
chr5	98231929	98232146	cds_exonic_160526	+	98232146	NA	NA	NA	1	1	0.0
chr8	95538450	95539591	cds_exonic_190408	+	95539217	NA	NA	NA	1	1	0.0
chr17	76832192	76832445	cds_exonic_91413	+	76832401	NA	NA	NA	1	1	0.0
chr1	245021312	245021576	cds_exonic_21295	+	245021333	NA	NA	NA	1	1	0.0
chr1	110882027	110884890	cds_exonic_10778	+	110884257	NA	NA	NA	1	1	0.0
chr5	41929798	41930019	cds_exonic_157966	+	41930019	2	NA	NA	1	1	0.0
chr16	89345479	89352057	cds_exonic_79915	+	89350733	NA	AATAAA	1	1	1	0.0
chr16	89345479	89352057	cds_exonic_79915	+	89351580	NA	AAGAAA	5	3	2	5.22812904712
chr7	104745885	104746140	cds_exonic_182489	+	104745885	NA	NA	NA	1	1	0.0
chr7	104745885	104746140	cds_exonic_182489	+	104746088	NA	AGTAAA AATATA	17 26	2	1	0.0
chr16	3777721	3779875	cds_exonic_72857	+	3778497	NA	NA	NA	1	1	0.0
chr13	36909157	36909967	cds_exonic_54919	+	36909157	NA	NA	NA	1	1	0.0
chr15	49064683	49064888	cds_exonic_66776	+	49064704	NA	NA	NA	1	1	0.0
chr2	62449355	62450546	cds_exonic_111344	+	62449453	NA	AATAAA	26	1	1	0.0
chr20	2945506	2945848	cds_exonic_123954	+	2945773	NA	NA	NA	1	1	0.0
chrX	14882681	14883632	cds_exonic_202350	+	14883346	NA	AATAAA	8	1	1	0.0
chr19	3759686	3760262	cds_exonic_96644	+	3760227	NA	NA	NA	1	1	0.0
chr12	125270644	125271049	cds_exonic_53264	+	125271007	NA	NA	NA	1	1	0.0
chr4	123159246	123159505	cds_exonic_153979	+	123159392	NA	NA	NA	1	1	0.0
chr19	40580425	40582116	cds_exonic_103008	+	40580926	NA	NA	NA	1	1	0.0
chr11	10483061	10483287	cds_exonic_31968	+	10483215	NA	NA	NA	5	3	2.2803508502
chr11	10483061	10483287	cds_exonic_31968	+	10483282	NA	NA	NA	2	1	0.0
chr10	12070743	12071523	cds_exonic_22114	+	12071157	NA	NA	NA	1	1	0.0
chr10	12077057	12077422	cds_exonic_22115	+	12077127	NA	NA	NA	1	1	0.0
chr14	20781626	20781960	cds_exonic_57586	+	20781813	NA	AAGAAA AATACA	15 10	2	2	6.5192024052
chr6	86243316	86243518	cds_exonic_171837	+	86243378	NA	AATACA AAGAAA	6 8	3	2	1.91485421551
chr6	86243316	86243518	cds_exonic_171837	+	86243447	NA	NA	NA	4	1	0.0
chr5	149775844	149776405	cds_exonic_163406	+	149776405	NA	AAGAAA	24	1	1	0.0
chr4	174235108	174235327	cds_exonic_155649	+	174235214	NA	NA	NA	1	1	0.0
chr15	59323021	59323901	cds_exonic_67618	+	59323674	NA	NA	NA	1	1	0.0
chr15	59191667	59192136	cds_exonic_67611	+	59192045	NA	NA	NA	1	1	0.0
chr7	155473283	155473602	cds_exonic_185809	+	155473283	NA	NA	NA	2	1	0.0
chr3	49053185	49053519	cds_exonic_139151	+	49053383	-1	AATAAA AATAGA	18 25	11	4	2.77979724571
chrM	9206	9990	cds_exonic_201819	+	9519	NA	AAGAAA	31	2	2	18.0
chrM	9206	9990	cds_exonic_201819	+	9553	NA	NA	NA	1	1	0.0
chrM	9206	9990	cds_exonic_201819	+	9720	NA	AGTAAA	7	1	1	0.0
chrM	9206	9990	cds_exonic_201819	+	9802	NA	NA	NA	1	1	0.0
chrM	9206	9990	cds_exonic_201819	+	9990	NA	AATAGA	10	164	1	0.0
chrM	4469	5511	cds_exonic_201815	+	5403	NA	NA	NA	1	1	0.0
chrM	4469	5511	cds_exonic_201815	+	5511	NA	TATAAA	11	13	1	0.0
chrM	3306	4262	cds_exonic_201814	+	3306	NA	NA	NA	8	1	0.0
chrM	3306	4262	cds_exonic_201814	+	3452	NA	NA	NA	1	1	0.0
chrM	3306	4262	cds_exonic_201814	+	3615	NA	NA	NA	1	1	0.0
chrM	5903	7445	cds_exonic_201816	+	6314	NA	NA	NA	1	1	0.0
chrM	5903	7445	cds_exonic_201816	+	6364	NA	NA	NA	1	1	0.0
chrM	5903	7445	cds_exonic_201816	+	6625	NA	NA	NA	1	1	0.0
chrM	5903	7445	cds_exonic_201816	+	6688	NA	NA	NA	2	2	5.0
chr19	46214485	46214713	cds_exonic_104341	+	46214701	NA	AAGAAA	20	1	1	0.0
chr19	55525452	55526533	cds_exonic_106696	+	55525659	NA	NA	NA	1	1	0.0
chr7	6063499	6063745	cds_exonic_176688	+	6063499	NA	NA	NA	1	1	0.0
chr10	134144939	134145351	cds_exonic_29976	+	134144972	NA	NA	NA	1	1	0.0
chr10	134144939	134145351	cds_exonic_29976	+	134145133	NA	NA	NA	1	1	0.0
chr7	899764	900019	cds_exonic_176109	+	899830	NA	NA	NA	1	1	0.0
chr5	176734122	176734965	cds_exonic_164861	+	176734206	-2	AATGAA	18	3	1	0.0
chr1	154988695	154989158	cds_exonic_13666	+	154989133	NA	NA	NA	1	1	0.0
chr6	26156618	26157275	cds_exonic_166696	+	26156870	NA	NA	NA	1	1	0.0
chrX	120181538	120183212	cds_exonic_207168	+	120182097	NA	NA	NA	1	1	0.0
chrX	120181538	120183212	cds_exonic_207168	+	120182168	NA	NA	NA	1	1	0.0
chr9	139342535	139343031	cds_exonic_201135	+	139342619	NA	NA	NA	1	1	0.0
chr21	30338691	30339501	cds_exonic_129062	+	30339217	NA	NA	NA	1	1	0.0
chr2	8998811	8999034	cds_exonic_107688	+	8998975	NA	AAGAAA AATACA	13 20	5	2	4.0
chr11	122931300	122931506	cds_exonic_41231	+	122931506	NA	NA	NA	1	1	0.0
chrX	153663619	153663851	cds_exonic_208722	+	153663775	NA	NA	NA	1	1	0.0
chr8	124243539	124243997	cds_exonic_191653	+	124243552	NA	NA	NA	1	1	0.0
chr12	6646749	6647162	cds_exonic_42781	+	6646787	NA	NA	NA	1	1	0.0
chr17	20107645	20109225	cds_exonic_83743	+	20108903	NA	ATTAAA	23	1	1	0.0
chr1	25784881	25785383	cds_exonic_3719	+	25784989	NA	NA	NA	2	2	0.707106781187
chr1	59247749	59248742	cds_exonic_7823	+	59247749	NA	NA	NA	1	1	0.0
chr2	191745810	191746196	cds_exonic_119235	+	191746125	NA	NA	NA	1	1	0.0
chr11	93471274	93471665	cds_exonic_38992	+	93471463	NA	TATAAA AAGAAA	0 9	1	1	0.0
chr12	39726694	39726909	cds_exonic_45012	+	39726694	NA	NA	NA	1	1	0.0
chrX	102508556	102508907	cds_exonic_206262	+	102508556	NA	NA	NA	1	1	0.0
chr12	108127989	108128299	cds_exonic_50900	+	108127993	NA	NA	NA	1	1	0.0
chr6	30652184	30653795	cds_exonic_167176	+	30652184	NA	NA	NA	1	1	0.0
chr6	30652184	30653795	cds_exonic_167176	+	30652541	NA	NA	NA	1	1	0.0
chr1	90058329	90058599	cds_exonic_9394	+	90058383	NA	AGTAAA	1	1	1	0.0
chr1	90398627	90401201	cds_exonic_9399	+	90399008	NA	NA	NA	1	1	0.0
chr1	117086932	117087226	cds_exonic_11368	+	117087129	NA	GATAAA	13	2	1	0.0
chr22	38072862	38073072	cds_exonic_133581	+	38073045	NA	NA	NA	1	1	0.0
chr3	156866032	156866378	cds_exonic_145651	+	156866210	NA	NA	NA	1	1	0.0
chr1	16577167	16578280	cds_exonic_2348	+	16577167	NA	NA	NA	1	1	0.0
chr1	27057642	27058095	cds_exonic_3965	+	27057694	NA	NA	NA	1	1	0.0
chr3	186760491	186761098	cds_exonic_147314	+	186760491	NA	NA	NA	1	1	0.0
chr6	44222445	44223381	cds_exonic_170053	+	44223046	NA	NA	NA	1	1	0.0
chr11	108380266	108385602	cds_exonic_39785	+	108383722	NA	NA	NA	1	1	0.0
chr13	25479483	25481098	cds_exonic_54228	+	25480479	NA	NA	NA	1	1	0.0
chr6	64421481	64423601	cds_exonic_170931	+	64421622	NA	NA	NA	1	1	0.0
chr6	64421481	64423601	cds_exonic_170931	+	64421999	NA	AAGAAA TTTAAA TTTAAA	5 18 16	3	1	0.0
chr3	160141212	160141438	cds_exonic_145829	+	160141382	NA	NA	NA	1	1	0.0
chr3	93755395	93755598	cds_exonic_141735	+	93755598	NA	AAGAAA AAGAAA	0 33	2	1	0.0
chr21	34921781	34927697	cds_exonic_129463	+	34921800	NA	NA	NA	1	1	0.0
chr21	34921781	34927697	cds_exonic_129463	+	34921882	NA	CATAAA ACTAAA	25 7	2	2	4.0
chr21	34921781	34927697	cds_exonic_129463	+	34924352	NA	NA	NA	1	1	0.0
chr21	34921781	34927697	cds_exonic_129463	+	34926651	NA	AAGAAA	21	1	1	0.0
chr21	34921781	34927697	cds_exonic_129463	+	34926939	NA	NA	NA	1	1	0.0
chr21	34921781	34927697	cds_exonic_129463	+	34927243	NA	NA	NA	2	2	2.0
chr17	71197247	71198039	cds_exonic_90159	+	71197808	NA	NA	NA	1	1	0.0
chr1	197115270	197115567	cds_exonic_17420	+	197115325	NA	NA	NA	1	1	0.0
chr3	63898274	63898600	cds_exonic_141192	+	63898511	NA	NA	NA	1	1	0.0
chr10	93748910	93749337	cds_exonic_26567	+	93749137	NA	ATTAAA CATAAA	4 16	2	2	2.0
chr19	34712411	34712643	cds_exonic_101523	+	34712435	NA	NA	NA	1	1	0.0
chr11	68703704	68704559	cds_exonic_37376	+	68704534	NA	NA	NA	1	1	0.0
chr5	68669656	68669914	cds_exonic_158992	+	68669848	NA	CATAAA	5	1	1	0.0
chr6	42627393	42627593	cds_exonic_169543	+	42627562	NA	AATACA	4	1	1	0.0
chr14	93263782	93264326	cds_exonic_62530	+	93263875	NA	NA	NA	1	1	0.0
chr14	93263782	93264326	cds_exonic_62530	+	93264197	NA	AAGAAA	34	1	1	0.0
chr1	1322613	1322962	cds_exonic_314	+	1322719	NA	NA	NA	1	1	0.0
chr12	132209949	132210175	cds_exonic_53474	+	132210103	NA	NA	NA	2	1	0.0
chr12	132209949	132210175	cds_exonic_53474	+	132210162	NA	NA	NA	1	1	0.0
chrX	119004547	119005576	cds_exonic_207049	+	119004547	NA	NA	NA	1	1	0.0
chrX	41007621	41007828	cds_exonic_203434	+	41007621	NA	NA	NA	3	1	0.0
chrX	41007621	41007828	cds_exonic_203434	+	41007688	NA	NA	NA	2	1	0.0
chr7	151859201	151860911	cds_exonic_185668	+	151859842	NA	AAGAAA AAGAAA	1 8	1	1	0.0
chr10	51584615	51585599	cds_exonic_24265	+	51585198	NA	NA	NA	1	1	0.0
chr7	116869815	116870157	cds_exonic_183092	+	116870080	NA	ATTAAA	10	1	1	0.0
chr7	116869815	116870157	cds_exonic_183092	+	116870156	2	AATAAA AAGAAA AATACA	15 3 6	1	1	0.0
chr2	25141181	25141856	cds_exonic_108535	+	25141266	NA	NA	NA	1	1	0.0
chr10	119768511	119768736	cds_exonic_29111	+	119768511	NA	NA	NA	1	1	0.0
chr7	64291828	64292577	cds_exonic_179323	+	64292140	NA	AATAAA	9	1	1	0.0
chr19	59060697	59061017	cds_exonic_107412	+	59060976	NA	NA	NA	1	1	0.0
chr5	145849106	145849307	cds_exonic_162946	+	145849297	NA	NA	NA	1	1	0.0
chr2	27456875	27457094	cds_exonic_108946	+	27457094	NA	NA	NA	1	1	0.0
chr1	222800916	222803731	cds_exonic_19531	+	222801791	NA	NA	NA	1	1	0.0
chr17	78357476	78357728	cds_exonic_91654	+	78357476	NA	NA	NA	1	1	0.0
chr14	55618412	55618659	cds_exonic_59976	+	55618561	NA	NA	NA	1	1	0.0
chr14	35254982	35255207	cds_exonic_59024	+	35254982	NA	NA	NA	1	1	0.0
chr1	39903448	39903680	cds_exonic_5611	+	39903608	NA	NA	NA	1	1	0.0
chr1	179076855	179078576	cds_exonic_16397	+	179077353	NA	NA	NA	1	1	0.0
chr10	94454303	94454522	cds_exonic_26653	+	94454322	NA	NA	NA	1	1	0.0
chr9	133759355	133761067	cds_exonic_200174	+	133759490	NA	NA	NA	1	1	0.0
chr17	27613009	27614734	cds_exonic_84322	+	27614093	NA	NA	NA	1	1	0.0
chr13	23904277	23915829	cds_exonic_54064	+	23909740	NA	AATACA AGTAAA	24 17	1	1	0.0
chr13	23904277	23915829	cds_exonic_54064	+	23912383	NA	NA	NA	1	1	0.0
chr13	23904277	23915829	cds_exonic_54064	+	23915028	NA	AATAAA	13	1	1	0.0
chr9	35846813	35847187	cds_exonic_195131	+	35847187	NA	NA	NA	1	1	0.0
chr12	56552185	56552495	cds_exonic_47467	+	56552491	NA	NA	NA	1	1	0.0
chr17	73132099	73132347	cds_exonic_90481	+	73132099	NA	NA	NA	4	1	0.0
chr4	128564675	128565211	cds_exonic_154110	+	128564833	NA	NA	NA	1	1	0.0
chr2	11911497	11911805	cds_exonic_108016	+	11911665	NA	NA	NA	4	1	0.0
chrX	48649516	48649736	cds_exonic_203985	+	48649646	NA	AAGAAA	29	1	1	0.0
chrX	48652199	48652672	cds_exonic_203989	+	48652672	NA	NA	NA	3	1	0.0
chr1	235383616	235383860	cds_exonic_20660	+	235383652	NA	NA	NA	1	1	0.0
chr1	235383616	235383860	cds_exonic_20660	+	235383763	NA	AATAAA AAGAAA AATGAA	14 10 33	1	1	0.0
chr10	64973232	64974911	cds_exonic_24698	+	64973499	NA	NA	NA	1	1	0.0
chr14	102898132	102898465	cds_exonic_63234	+	102898438	NA	NA	NA	1	1	0.0
chr11	125453415	125453709	cds_exonic_41495	+	125453709	NA	NA	NA	1	1	0.0
chr7	104703797	104704027	cds_exonic_182475	+	104703867	NA	NA	NA	2	1	0.0
chr13	50586070	50587297	cds_exonic_55723	+	50587297	NA	TATAAA AATATA	28 26	1	1	0.0
chr6	137519170	137519776	cds_exonic_174179	+	137519776	NA	NA	NA	1	1	0.0
chr5	112862282	112862482	cds_exonic_160880	+	112862417	NA	AAGAAA	28	1	1	0.0
chr14	60581691	60582179	cds_exonic_60310	+	60581706	NA	NA	NA	2	2	15.5080624193
chr14	100705581	100706260	cds_exonic_63033	+	100706194	NA	NA	NA	2	1	0.0
chrX	70469295	70469529	cds_exonic_205332	+	70469380	NA	NA	NA	1	1	0.0
chr22	30165666	30165913	cds_exonic_132596	+	30165913	NA	ACTAAA	15	2	1	0.0
chr1	156712159	156712421	cds_exonic_14324	+	156712340	NA	TTTAAA AAGAAA TTTAAA	10 3 24	1	1	0.0
chr4	148594788	148595025	cds_exonic_154709	+	148595025	NA	CATAAA	33	1	1	0.0
chr10	70863626	70863873	cds_exonic_24954	+	70863626	NA	NA	NA	5	1	0.0
chr10	70863626	70863873	cds_exonic_24954	+	70863696	NA	NA	NA	1	1	0.0
chr3	14187443	14187659	cds_exonic_136452	+	14187504	NA	AAGAAA	19	1	1	0.0
chr10	76993723	76993983	cds_exonic_25777	+	76993731	NA	NA	NA	6	3	2.58198889747
chr11	61549044	61549296	cds_exonic_35123	+	61549216	NA	NA	NA	1	1	0.0
chr5	159437535	159437865	cds_exonic_163985	+	159437864	NA	AATAGA	1	1	1	0.0
chr1	51253671	51253877	cds_exonic_7045	+	51253671	NA	NA	NA	1	1	0.0
chr14	45431624	45433670	cds_exonic_59319	+	45433580	NA	NA	NA	1	1	0.0
chr8	37728795	37730697	cds_exonic_188075	+	37728941	NA	NA	NA	1	1	0.0
chr8	37728795	37730697	cds_exonic_188075	+	37729226	NA	NA	NA	1	1	0.0
chr8	37734626	37735069	cds_exonic_188077	+	37734817	NA	AAGAAA AAGAAA	7 13	1	1	0.0
chr1	241803183	241803556	cds_exonic_21125	+	241803300	NA	NA	NA	1	1	0.0
chrX	54836154	54836646	cds_exonic_204762	+	54836155	NA	NA	NA	1	1	0.0
chr1	101339500	101339986	cds_exonic_10080	+	101339513	NA	NA	NA	1	1	0.0
chr2	98408848	98409447	cds_exonic_113684	+	98409447	NA	NA	NA	1	1	0.0
chr2	190670377	190670605	cds_exonic_119171	+	190670540	NA	NA	NA	2	1	0.0
chr22	24480531	24480738	cds_exonic_132032	+	24480663	NA	NA	NA	1	1	0.0
chr17	26653559	26653816	cds_exonic_83934	+	26653804	NA	NA	NA	2	2	2.5495097568
chr13	45147298	45150210	cds_exonic_55339	+	45149901	NA	AAGAAA AATGAA	9 2	1	1	0.0
chr15	35192822	35193064	cds_exonic_64919	+	35192934	NA	NA	NA	1	1	0.0
chr12	98941350	98941633	cds_exonic_50081	+	98941619	NA	AGTAAA AAGAAA	5 10	1	1	0.0
chr4	69203289	69203618	cds_exonic_151118	+	69203448	NA	AAGAAA	11	1	1	0.0
chr7	75625660	75625917	cds_exonic_179999	+	75625662	-12	NA	NA	2	2	1.0
chr12	64815014	64815251	cds_exonic_48467	+	64815251	NA	NA	NA	1	1	0.0
chr21	18970934	18971142	cds_exonic_128891	+	18971122	NA	AATGAA AATAAA	32 23	1	1	0.0
chr5	175810969	175811375	cds_exonic_164657	+	175810969	NA	NA	NA	2	1	0.0
chr15	64017490	64017712	cds_exonic_68020	+	64017704	NA	NA	NA	2	1	0.0
chr1	155891165	155891419	cds_exonic_14011	+	155891165	NA	NA	NA	1	1	0.0
chr2	158622432	158622708	cds_exonic_116739	+	158622488	NA	NA	NA	1	1	0.0
chr19	5719714	5720143	cds_exonic_97147	+	5719714	NA	NA	NA	1	1	0.0
chr19	5719714	5720143	cds_exonic_97147	+	5719783	NA	NA	NA	1	1	0.0
chr10	74894343	74894571	cds_exonic_25442	+	74894343	NA	NA	NA	2	1	0.0
chr2	122522709	122522940	cds_exonic_115283	+	122522815	NA	NA	NA	1	1	0.0
chr1	231131505	231131730	cds_exonic_20430	+	231131567	NA	NA	NA	1	1	0.0
chrX	118123370	118123635	cds_exonic_206967	+	118123563	NA	NA	NA	1	1	0.0
chr4	39322002	39322289	cds_exonic_149963	+	39322132	NA	TATAAA AAGAAA AAGAAA AATAGA	22 3 26 30	1	1	0.0
chr16	23646182	23647655	cds_exonic_74745	+	23647101	NA	NA	NA	1	1	0.0
chr3	31663588	31663800	cds_exonic_137110	+	31663691	NA	NA	NA	1	1	0.0
chr3	31674426	31674639	cds_exonic_137115	+	31674480	NA	NA	NA	1	1	0.0
chr13	52593048	52593279	cds_exonic_55825	+	52593160	NA	AAGAAA	28	2	2	12.5099960032
chr13	52602940	52605238	cds_exonic_55828	+	52603520	NA	NA	NA	2	1	0.0
chr18	34376770	34377013	cds_exonic_94125	+	34376985	NA	NA	NA	1	1	0.0
chr12	109526013	109526317	cds_exonic_51021	+	109526013	NA	NA	NA	1	1	0.0
chr6	26188995	26189304	cds_exonic_166699	+	26189179	NA	CATAAA	8	1	1	0.0
chr6	26104175	26104484	cds_exonic_166692	+	26104196	NA	NA	NA	1	1	0.0
chr6	26104175	26104484	cds_exonic_166692	+	26104481	NA	NA	NA	13	2	8.80559262846
chr6	26124460	26124850	cds_exonic_166695	+	26124460	NA	NA	NA	1	1	0.0
chr7	148716083	148716289	cds_exonic_185211	+	148716223	NA	NA	NA	1	1	0.0
chr8	74462781	74464554	cds_exonic_189741	+	74463541	NA	NA	NA	1	1	0.0
chr8	17810478	17810695	cds_exonic_186749	+	17810566	NA	NA	NA	1	1	0.0
chr8	17810478	17810695	cds_exonic_186749	+	17810618	NA	NA	NA	1	1	0.0
chr8	126015417	126015670	cds_exonic_191835	+	126015431	NA	NA	NA	2	2	11.5108644332
chr8	126015417	126015670	cds_exonic_191835	+	126015496	NA	NA	NA	1	1	0.0
chr1	150525373	150525729	cds_exonic_12691	+	150525589	NA	NA	NA	1	1	0.0
chr16	77228231	77229051	cds_exonic_79084	+	77228842	NA	NA	NA	1	1	0.0
chr1	39796874	39802325	cds_exonic_5574	+	39802325	NA	NA	NA	1	1	0.0
chr16	85696949	85697220	cds_exonic_79555	+	85697009	NA	NA	NA	1	1	0.0
chr16	85696949	85697220	cds_exonic_79555	+	85697158	NA	NA	NA	1	1	0.0
chr1	154936568	154936844	cds_exonic_13639	+	154936787	NA	NA	NA	1	1	0.0
chr3	143704384	143704688	cds_exonic_145128	+	143704618	NA	NA	NA	1	1	0.0
chr3	143708351	143708680	cds_exonic_145129	+	143708680	NA	NA	NA	1	1	0.0
chr20	37580181	37581160	cds_exonic_126513	+	37580181	NA	NA	NA	1	1	0.0
chr20	37580181	37581160	cds_exonic_126513	+	37580871	NA	NA	NA	1	1	0.0
chr2	179463474	179463789	cds_exonic_118343	+	179463789	NA	GATAAA	16	1	1	0.0
chr6	79650412	79651047	cds_exonic_171508	+	79650648	NA	NA	NA	1	1	0.0
chr6	32945902	32946165	cds_exonic_168192	+	32945902	NA	NA	NA	1	1	0.0
chr5	94857757	94858011	cds_exonic_160294	+	94857793	8	TTTAAA	2	2	2	1.58113883008
chr15	28525213	28525433	cds_exonic_64339	+	28525213	NA	NA	NA	1	1	0.0
