chrm	beg	end	utr_ID	strand	polyA_coordinate	annotated_polyA_distance	nearby_PAS	PAS_distance	number_supporting_reads	number_unique_supporting_reads	unique_reads_spread
chr1	61547979	61548432	five_utr_exonic_1586	+	61548336	NA	NA	NA	3	2	1.15470053838
chr1	61547979	61548432	five_utr_exonic_1586	+	61548400	NA	NA	NA	2	1	0.0
chr15	99192199	99192810	five_utr_exonic_13780	+	99192779	NA	AAGAAA AAGAAA	23 33	1	1	0.0
chr9	86590426	86591023	five_utr_exonic_39187	+	86590820	NA	AATAAA	5	1	1	0.0
chr11	93479650	93480559	five_utr_exonic_7986	+	93480546	NA	AATAGA	18	1	1	0.0
chr19	53119970	53120675	five_utr_exonic_20043	+	53120040	NA	NA	NA	1	1	0.0
chr5	159848910	159849319	five_utr_exonic_32093	+	159849281	NA	NA	NA	1	1	0.0
chrX	100354797	100355054	five_utr_exonic_41151	+	100354840	NA	NA	NA	1	1	0.0
chr15	44089554	44090117	five_utr_exonic_13044	+	44089998	NA	NA	NA	1	1	0.0
chr17	26925964	26926297	five_utr_exonic_15991	+	26926022	NA	NA	NA	1	1	0.0
chr1	71546678	71546980	five_utr_exonic_1689	+	71546697	NA	NA	NA	1	1	0.0
chrX	48434055	48434573	five_utr_exonic_40696	+	48434188	NA	NA	NA	1	1	0.0
chr3	142744623	142745990	five_utr_exonic_28016	+	142744773	NA	NA	NA	1	1	0.0
chr17	35294771	35295494	five_utr_exonic_16198	+	35294771	NA	NA	NA	1	1	0.0
chr1	151030233	151033029	five_utr_exonic_2460	+	151030234	NA	NA	NA	1	1	0.0
chr1	151030233	151033029	five_utr_exonic_2460	+	151031753	NA	NA	NA	1	1	0.0
chr19	1969506	1969771	five_utr_exonic_18126	+	1969771	NA	NA	NA	1	1	0.0
chr4	15687858	15688600	five_utr_exonic_29035	+	15687858	NA	NA	NA	1	1	0.0
chr15	43802567	43802812	five_utr_exonic_13007	+	43802639	NA	NA	NA	1	1	0.0
chr2	66667228	66667477	five_utr_exonic_21209	+	66667228	NA	NA	NA	1	1	0.0
chr1	110887780	110888160	five_utr_exonic_2072	+	110887947	NA	NA	NA	1	1	0.0
chr12	2994327	2994532	five_utr_exonic_8761	+	2994532	NA	NA	NA	1	1	0.0
chr1	153949728	153950164	five_utr_exonic_2692	+	153949931	NA	NA	NA	1	1	0.0
chr13	37574677	37574942	five_utr_exonic_11094	+	37574889	NA	NA	NA	1	1	0.0
chr3	10289706	10290751	five_utr_exonic_26133	+	10290736	NA	NA	NA	1	1	0.0
chr11	96075059	96076382	five_utr_exonic_8028	+	96075321	NA	NA	NA	1	1	0.0
chr11	96075059	96076382	five_utr_exonic_8028	+	96075733	NA	ATTAAA	19	1	1	0.0
chr19	39384611	39384917	five_utr_exonic_19287	+	39384819	NA	NA	NA	1	1	0.0
chr6	144285923	144289975	five_utr_exonic_34310	+	144289620	NA	NA	NA	1	1	0.0
chr12	33592457	33592754	five_utr_exonic_9397	+	33592490	NA	NA	NA	1	1	0.0
chr1	150524563	150524764	five_utr_exonic_2425	+	150524720	NA	NA	NA	1	1	0.0
chr11	62437503	62438711	five_utr_exonic_7127	+	62438620	NA	NA	NA	1	1	0.0
chr21	47742652	47743789	five_utr_exonic_24988	+	47743320	NA	ACTAAA AAGAAA	9 9	2	1	0.0
chr11	9596233	9596922	five_utr_exonic_6249	+	9596491	NA	NA	NA	1	1	0.0
chr5	66300447	66300821	five_utr_exonic_31003	+	66300806	NA	ACTAAA	26	2	2	2.5495097568
chr4	140222608	140222931	five_utr_exonic_30048	+	140222680	NA	NA	NA	2	2	3.53553390593
chr9	3479752	3480236	five_utr_exonic_38620	+	3480083	NA	AAGAAA AAGAAA	3 14	1	1	0.0
chr19	58694395	58694809	five_utr_exonic_20397	+	58694472	NA	NA	NA	1	1	0.0
chr1	89149904	89150263	five_utr_exonic_1814	+	89150223	NA	NA	NA	3	3	0.816496580928
chr1	145438468	145438802	five_utr_exonic_2286	+	145438759	NA	NA	NA	1	1	0.0
chr1	145439305	145439507	five_utr_exonic_2287	+	145439461	NA	NA	NA	1	1	0.0
chr19	49588464	49588835	five_utr_exonic_19811	+	49588835	NA	NA	NA	1	1	0.0
chr11	124543604	124545160	five_utr_exonic_8507	+	124545149	NA	AATGAA ATTAAA	11 26	1	1	0.0
chr19	34790583	34791378	five_utr_exonic_19044	+	34791320	NA	TATAAA	17	1	1	0.0
chr7	65546461	65546789	five_utr_exonic_35391	+	65546509	NA	NA	NA	1	1	0.0
chr2	187350882	187351109	five_utr_exonic_22516	+	187351094	NA	NA	NA	1	1	0.0
chr22	22899252	22900174	five_utr_exonic_25180	+	22899852	NA	AAGAAA	2	1	1	0.0
chr11	33792376	33795893	five_utr_exonic_6585	+	33792819	NA	AATACA ACTAAA AATAAA	10 6 11	1	1	0.0
chr11	33792376	33795893	five_utr_exonic_6585	+	33794539	NA	NA	NA	1	1	0.0
chr5	134369571	134369988	five_utr_exonic_31614	+	134369680	NA	NA	NA	1	1	0.0
chr1	172411762	172413230	five_utr_exonic_3200	+	172412220	NA	NA	NA	1	1	0.0
chr12	132195992	132198615	five_utr_exonic_10800	+	132196968	NA	AAGAAA	5	1	1	0.0
chr5	142782775	142783265	five_utr_exonic_31843	+	142782890	NA	AATATA AATATA	21 11	1	1	0.0
chr2	219433302	219433677	five_utr_exonic_22960	+	219433602	NA	NA	NA	1	1	0.0
chr11	10529773	10530723	five_utr_exonic_6265	+	10530519	NA	NA	NA	1	1	0.0
chr7	111201906	111202347	five_utr_exonic_36095	+	111201956	NA	NA	NA	1	1	0.0
chr17	73085032	73085399	five_utr_exonic_17120	+	73085249	NA	NA	NA	1	1	0.0
chr7	44613494	44614650	five_utr_exonic_35219	+	44614213	NA	NA	NA	1	1	0.0
chr2	215595647	215595869	five_utr_exonic_22880	+	215595799	NA	AATAAA	10	1	1	0.0
chr7	84121775	84122040	five_utr_exonic_35601	+	84122017	NA	AATAGA	34	1	1	0.0
chr7	120629104	120629675	five_utr_exonic_36182	+	120629579	NA	NA	NA	1	1	0.0
chr1	156566964	156567591	five_utr_exonic_2848	+	156567417	NA	NA	NA	1	1	0.0
chr7	39663484	39664026	five_utr_exonic_35162	+	39663974	NA	NA	NA	4	3	1.58113883008
chr4	76649761	76650003	five_utr_exonic_29497	+	76650003	NA	NA	NA	2	1	0.0
chr12	27090590	27091259	five_utr_exonic_9297	+	27090726	NA	NA	NA	5	1	0.0
chr3	178976737	178977679	five_utr_exonic_28363	+	178977521	NA	AAGAAA AAGAAA	1 7	1	1	0.0
chr6	35995487	35995934	five_utr_exonic_33242	+	35995861	NA	NA	NA	1	1	0.0
chr15	52338026	52338657	five_utr_exonic_13160	+	52338158	NA	AATAAA AATATA	25 29	1	1	0.0
chr12	110025665	110028575	five_utr_exonic_10387	+	110026624	NA	NA	NA	1	1	0.0
chr11	46142485	46142985	five_utr_exonic_6730	+	46142721	NA	NA	NA	1	1	0.0
chr21	18985016	18985265	five_utr_exonic_24520	+	18985016	NA	NA	NA	1	1	0.0
chr10	62538088	62538426	five_utr_exonic_4814	+	62538247	NA	NA	NA	1	1	0.0
chr3	122927168	122928045	five_utr_exonic_27609	+	122927567	NA	NA	NA	1	1	0.0
chr19	7069470	7069784	five_utr_exonic_18341	+	7069719	NA	NA	NA	1	1	0.0
chr15	72559163	72559815	five_utr_exonic_13407	+	72559601	NA	AAGAAA	12	1	1	0.0
chr1	227504883	227506175	five_utr_exonic_3890	+	227505296	NA	NA	NA	1	1	0.0
chr1	227504883	227506175	five_utr_exonic_3890	+	227505377	NA	AAGAAA	3	2	2	15.0
chr21	38453895	38456631	five_utr_exonic_24728	+	38454651	NA	AATAAA	19	1	1	0.0
chr7	112090482	112090743	five_utr_exonic_36105	+	112090700	NA	AGTAAA	13	1	1	0.0
chr16	18937363	18937776	five_utr_exonic_14322	+	18937705	NA	NA	NA	1	1	0.0
chr5	138630218	138630686	five_utr_exonic_31716	+	138630226	NA	NA	NA	1	1	0.0
chr20	61847244	61847586	five_utr_exonic_24411	+	61847285	NA	NA	NA	1	1	0.0
chr5	180669620	180670285	five_utr_exonic_32438	+	180670244	NA	NA	NA	1	1	0.0
chr18	3596576	3596839	five_utr_exonic_17546	+	3596580	NA	NA	NA	1	1	0.0
chr13	53196123	53196399	five_utr_exonic_11309	+	53196123	NA	NA	NA	1	1	0.0
chr6	158499313	158500388	five_utr_exonic_34464	+	158500364	NA	NA	NA	1	1	0.0
chr5	122881108	122881357	five_utr_exonic_31464	+	122881357	NA	ATTAAA	4	1	1	0.0
chr9	100745637	100745837	five_utr_exonic_39388	+	100745775	NA	NA	NA	1	1	0.0
chr19	5978093	5978320	five_utr_exonic_18300	+	5978144	NA	NA	NA	1	1	0.0
chr5	138940750	138941376	five_utr_exonic_31734	+	138941087	NA	NA	NA	1	1	0.0
chr2	192542852	192543340	five_utr_exonic_22610	+	192543203	NA	NA	NA	2	2	18.0
chr21	40685417	40685745	five_utr_exonic_24762	+	40685532	NA	NA	NA	1	1	0.0
chrX	80064970	80065187	five_utr_exonic_41085	+	80065182	NA	NA	NA	1	1	0.0
chrX	48334548	48334784	five_utr_exonic_40685	+	48334627	NA	NA	NA	2	2	0.707106781187
chr3	56697600	56698359	five_utr_exonic_27051	+	56698066	NA	CATAAA	10	1	1	0.0
chr14	21730759	21733675	five_utr_exonic_11678	+	21731017	NA	AATGAA TTTAAA AATAAA TTTAAA	33 18 31 16	3	2	13.2161517344
chr6	53213614	53213947	five_utr_exonic_33598	+	53213730	NA	NA	NA	1	1	0.0
chr1	42655075	42655480	five_utr_exonic_1206	+	42655272	NA	NA	NA	1	1	0.0
chr11	65270288	65271093	five_utr_exonic_7322	+	65270292	NA	NA	NA	3	2	2.82842712475
chr11	65270288	65271093	five_utr_exonic_7322	+	65270380	NA	TTTAAA TTTAAA	6 28	4	1	0.0
chr11	65270288	65271093	five_utr_exonic_7322	+	65270457	NA	NA	NA	31	5	3.03740126615
chr11	65270288	65271093	five_utr_exonic_7322	+	65270502	NA	AAGAAA AATGAA	2 6	6	4	4.98330546258
chr11	65270288	65271093	five_utr_exonic_7322	+	65271039	NA	NA	NA	2	2	19.0
chr11	65270288	65271093	five_utr_exonic_7322	+	65271079	NA	ATTAAA	18	3	3	7.7888809637
chr7	110731061	110731560	five_utr_exonic_36089	+	110731177	NA	NA	NA	1	1	0.0
chr20	34329862	34330234	five_utr_exonic_23913	+	34329970	NA	NA	NA	1	1	0.0
chr3	57742274	57743378	five_utr_exonic_27079	+	57742929	NA	NA	NA	1	1	0.0
chr1	182359631	182361341	five_utr_exonic_3318	+	182360494	NA	NA	NA	1	1	0.0
chr11	62609040	62609281	five_utr_exonic_7154	+	62609261	NA	ATTAAA	2	6	4	6.23163969861
chr14	35591165	35591519	five_utr_exonic_11885	+	35591178	NA	NA	NA	1	1	0.0
chr15	96873945	96875334	five_utr_exonic_13774	+	96874997	NA	NA	NA	1	1	0.0
chr8	116680771	116681228	five_utr_exonic_38137	+	116681110	NA	NA	NA	1	1	0.0
chr6	150023262	150023490	five_utr_exonic_34361	+	150023324	NA	AATAAA	19	1	1	0.0
chr9	95055727	95056038	five_utr_exonic_39269	+	95055791	NA	AAGAAA	31	1	1	0.0
chr3	24536142	24536496	five_utr_exonic_26329	+	24536246	NA	NA	NA	1	1	0.0
chr22	36877610	36878077	five_utr_exonic_25537	+	36877845	NA	NA	NA	1	1	0.0
chr14	81686862	81687294	five_utr_exonic_12366	+	81686864	NA	NA	NA	1	1	0.0
chr2	86332899	86333278	five_utr_exonic_21494	+	86332902	NA	NA	NA	1	1	0.0
chr4	103747665	103748279	five_utr_exonic_29803	+	103748061	NA	NA	NA	1	1	0.0
chr5	88178771	88179302	five_utr_exonic_31239	+	88178820	NA	AAGAAA	1	3	1	0.0
chr2	44586854	44587815	five_utr_exonic_21003	+	44587045	NA	ACTAAA	30	1	1	0.0
chr2	42396489	42396751	five_utr_exonic_20972	+	42396723	NA	AATGAA	18	1	1	0.0
chr11	3011092	3012265	five_utr_exonic_5982	+	3011365	NA	NA	NA	2	1	0.0
chr21	36259409	36260987	five_utr_exonic_24694	+	36260803	NA	AAGAAA	23	1	1	0.0
chr3	9975505	9976122	five_utr_exonic_26122	+	9976046	NA	NA	NA	1	1	0.0
chr4	57333080	57333783	five_utr_exonic_29346	+	57333514	NA	NA	NA	1	1	0.0
chr12	109915067	109915914	five_utr_exonic_10378	+	109915848	NA	NA	NA	1	1	0.0
chr14	74226465	74227001	five_utr_exonic_12266	+	74226783	NA	NA	NA	1	1	0.0
chr7	143599053	143599291	five_utr_exonic_36531	+	143599193	NA	NA	NA	2	1	0.0
chr2	9563696	9563902	five_utr_exonic_20505	+	9563811	NA	NA	NA	1	1	0.0
chr11	9602773	9603078	five_utr_exonic_6251	+	9603016	NA	AAGAAA	33	1	1	0.0
chr5	216964	217333	five_utr_exonic_30516	+	217190	NA	NA	NA	1	1	0.0
chr6	163844165	163844624	five_utr_exonic_34525	+	163844624	NA	NA	NA	1	1	0.0
chr1	47183759	47184824	five_utr_exonic_1399	+	47184779	NA	NA	NA	1	1	0.0
chr2	201983213	201983624	five_utr_exonic_22714	+	201983624	NA	NA	NA	1	1	0.0
chr2	201980826	201981204	five_utr_exonic_22711	+	201981169	NA	NA	NA	1	1	0.0
chr6	47445524	47445980	five_utr_exonic_33530	+	47445806	NA	NA	NA	1	1	0.0
chrX	149106410	149107029	five_utr_exonic_41768	+	149106681	NA	NA	NA	1	1	0.0
chr6	74229749	74231444	five_utr_exonic_33701	+	74229753	NA	NA	NA	1	1	0.0
chr4	88312222	88312538	five_utr_exonic_29657	+	88312325	NA	NA	NA	1	1	0.0
chr1	40041623	40042462	five_utr_exonic_1129	+	40041928	NA	NA	NA	1	1	0.0
chr22	22896250	22896603	five_utr_exonic_25179	+	22896475	NA	NA	NA	1	1	0.0
chr18	48405418	48405678	five_utr_exonic_17847	+	48405613	NA	NA	NA	1	1	0.0
chr22	31480981	31481370	five_utr_exonic_25414	+	31481339	NA	NA	NA	1	1	0.0
chrX	109246728	109247002	five_utr_exonic_41383	+	109246728	NA	NA	NA	1	1	0.0
chr6	86298622	86299411	five_utr_exonic_33768	+	86299253	NA	AAGAAA	2	1	1	0.0
chr8	102214560	102217557	five_utr_exonic_38009	+	102215792	NA	AATACA	5	1	1	0.0
chrX	11777670	11777911	five_utr_exonic_40333	+	11777757	NA	NA	NA	1	1	0.0
chr19	9878964	9879410	five_utr_exonic_18463	+	9879105	NA	TTTAAA TTTAAA	11 23	1	1	0.0
chr7	99674980	99675462	five_utr_exonic_35831	+	99675204	NA	AATAAA AATAAA AAGAAA	4 14 9	1	1	0.0
chr3	171526965	171527714	five_utr_exonic_28310	+	171527163	NA	NA	NA	2	1	0.0
chr17	26369181	26369899	five_utr_exonic_15965	+	26369744	NA	NA	NA	5	3	6.27694193059
chr5	96077898	96078182	five_utr_exonic_31293	+	96078054	NA	AGTAAA	20	1	1	0.0
chr12	133617685	133618053	five_utr_exonic_10874	+	133617936	NA	AAGAAA	11	1	1	0.0
chr3	152017193	152017982	five_utr_exonic_28126	+	152017453	NA	NA	NA	1	1	0.0
chr3	152017193	152017982	five_utr_exonic_28126	+	152017909	NA	NA	NA	2	1	0.0
chrX	134475692	134478012	five_utr_exonic_41625	+	134476893	NA	NA	NA	1	1	0.0
chr4	186299340	186300172	five_utr_exonic_30459	+	186299366	NA	NA	NA	1	1	0.0
chr15	81293294	81294612	five_utr_exonic_13589	+	81294155	NA	NA	NA	2	1	0.0
chr6	116446655	116447063	five_utr_exonic_34030	+	116446674	NA	NA	NA	1	1	0.0
chr6	24720129	24721064	five_utr_exonic_32698	+	24720740	NA	NA	NA	1	1	0.0
chr6	24718896	24720087	five_utr_exonic_32697	+	24719341	NA	NA	NA	1	1	0.0
chr7	140174289	140174569	five_utr_exonic_36441	+	140174291	NA	NA	NA	1	1	0.0
chr7	140177934	140178866	five_utr_exonic_36443	+	140178133	NA	NA	NA	1	1	0.0
chr17	5015117	5015646	five_utr_exonic_15535	+	5015612	NA	NA	NA	1	1	0.0
chr4	76439496	76440201	five_utr_exonic_29482	+	76439977	NA	NA	NA	1	1	0.0
chr3	14444075	14444355	five_utr_exonic_26221	+	14444082	NA	NA	NA	1	1	0.0
chr21	35467161	35467497	five_utr_exonic_24674	+	35467283	NA	NA	NA	1	1	0.0
chr11	118958212	118958788	five_utr_exonic_8369	+	118958720	NA	NA	NA	42	2	1.0
chr3	123675642	123677747	five_utr_exonic_27633	+	123675747	NA	AATAAA ATTAAA AAGAAA	7 26 12	1	1	0.0
chr3	123675642	123677747	five_utr_exonic_27633	+	123676409	NA	TTTAAA AAGAAA TTTAAA	13 27 21	2	2	18.5067555233
chr3	123675642	123677747	five_utr_exonic_27633	+	123677319	NA	NA	NA	1	1	0.0
chr3	123675642	123677747	five_utr_exonic_27633	+	123677641	NA	NA	NA	1	1	0.0
chr16	24550907	24551947	five_utr_exonic_14428	+	24550917	NA	NA	NA	1	1	0.0
chr16	23652478	23652678	five_utr_exonic_14421	+	23652478	NA	NA	NA	1	1	0.0
chr8	41906495	41906820	five_utr_exonic_37374	+	41906644	NA	NA	NA	1	1	0.0
chr1	11863571	11864589	five_utr_exonic_315	+	11864512	NA	NA	NA	1	1	0.0
chr4	141445311	141445815	five_utr_exonic_30064	+	141445368	NA	NA	NA	5	3	1.26491106407
chr4	141445311	141445815	five_utr_exonic_30064	+	141445815	NA	NA	NA	1	1	0.0
chr1	243418341	243418708	five_utr_exonic_4069	+	243418441	NA	NA	NA	1	1	0.0
chr2	241499470	241500101	five_utr_exonic_23327	+	241499896	NA	NA	NA	1	1	0.0
chr16	3451189	3452004	five_utr_exonic_14099	+	3451706	NA	ATTAAA	9	1	1	0.0
chr6	30584254	30584775	five_utr_exonic_32907	+	30584286	NA	NA	NA	1	1	0.0
chr20	11898425	11898923	five_utr_exonic_23621	+	11898690	NA	CATAAA	4	1	1	0.0
chr7	142552791	142553147	five_utr_exonic_36487	+	142553079	NA	NA	NA	1	1	0.0
chr12	94071492	94071804	five_utr_exonic_10182	+	94071804	NA	NA	NA	1	1	0.0
chr1	12677353	12677737	five_utr_exonic_337	+	12677480	NA	NA	NA	1	1	0.0
chr13	41933098	41933855	five_utr_exonic_11130	+	41933229	NA	CATAAA AATAAA AATGAA	8 12 18	2	1	0.0
chr21	38791206	38792676	five_utr_exonic_24734	+	38792600	NA	AAGAAA	7	2	1	0.0
chr4	48833014	48833548	five_utr_exonic_29285	+	48833307	NA	NA	NA	1	1	0.0
chr6	30687977	30688283	five_utr_exonic_32922	+	30688264	NA	AAGAAA	26	1	1	0.0
chr7	55433140	55433718	five_utr_exonic_35320	+	55433140	NA	NA	NA	1	1	0.0
chr1	230778556	230778786	five_utr_exonic_3947	+	230778556	NA	NA	NA	1	1	0.0
chr9	100365089	100365437	five_utr_exonic_39374	+	100365291	NA	AGTAAA	13	1	1	0.0
chr6	10887063	10887359	five_utr_exonic_32585	+	10887300	NA	NA	NA	13	3	1.03774904333
chr2	197036056	197036299	five_utr_exonic_22627	+	197036277	NA	NA	NA	1	1	0.0
chr1	203767973	203772144	five_utr_exonic_3551	+	203771863	NA	AATGAA TTTAAA TTTAAA	10 6 28	1	1	0.0
chr11	122932295	122932541	five_utr_exonic_8468	+	122932399	NA	NA	NA	1	1	0.0
chr2	162164548	162165297	five_utr_exonic_22226	+	162165121	NA	NA	NA	1	1	0.0
chr9	86322594	86323118	five_utr_exonic_39175	+	86322677	NA	NA	NA	1	1	0.0
