chrm	beg	end	utr_ID	strand	polyA_coordinate	annotated_polyA_distance	nearby_PAS	PAS_distance	number_supporting_reads	number_unique_supporting_reads	unique_reads_spread
chrX	151139789	151141132	noncoding_exonic_97142	+	151139966	NA	AATAAA ATTAAA	17 5	1	1	0.0
chr7	75362777	75363118	noncoding_exonic_80481	+	75362777	NA	NA	NA	1	1	0.0
chr7	26242229	26242590	noncoding_exonic_78293	+	26242590	NA	NA	NA	2	1	0.0
chr7	26237486	26240191	noncoding_exonic_78291	+	26239654	NA	NA	NA	1	1	0.0
chr7	26245655	26245987	noncoding_exonic_78294	+	26245987	NA	AATAAA AAGAAA	3 23	3	1	0.0
chr1	46775568	46775826	noncoding_exonic_3133	+	46775812	NA	NA	NA	1	1	0.0
chr8	74203487	74203786	noncoding_exonic_86884	+	74203505	NA	NA	NA	1	1	0.0
chr10	5785809	5786030	noncoding_exonic_11470	+	5785894	NA	NA	NA	4	2	1.0
chr4	48385801	48387687	noncoding_exonic_62149	+	48387666	NA	AAGAAA AATGAA	9 27	1	1	0.0
chr7	139187198	139188558	noncoding_exonic_82989	+	139187757	NA	NA	NA	1	1	0.0
chr7	139059418	139060807	noncoding_exonic_82985	+	139059503	NA	TTTAAA TTTAAA	15 19	1	1	0.0
chr3	186505671	186506098	noncoding_exonic_59968	+	186506073	NA	AATAAA	7	1	1	0.0
chr3	186506205	186506913	noncoding_exonic_59969	+	186506297	NA	AATACA AATAGA	13 1	1	1	0.0
chr3	186505373	186505591	noncoding_exonic_59967	+	186505475	NA	AGTAAA	33	2	2	6.5192024052
chrX	79827369	79830106	noncoding_exonic_95809	+	79827880	NA	NA	NA	1	1	0.0
chr6	34247481	34254545	noncoding_exonic_74043	+	34247481	NA	NA	NA	1	1	0.0
chr1	1661684	1663343	noncoding_exonic_367	+	1663295	NA	NA	NA	1	1	0.0
chr15	55609381	55610065	noncoding_exonic_31060	+	55609885	NA	ATTAAA AAGAAA	8 13	1	1	0.0
chr7	91670227	91671095	noncoding_exonic_80974	+	91670381	NA	AATAAA AATATA	3 20	1	1	0.0
chr7	91721302	91722410	noncoding_exonic_80977	+	91721833	NA	TTTAAA TTTAAA	21 13	1	1	0.0
chr6	52860417	52860748	noncoding_exonic_74682	+	52860437	NA	NA	NA	1	1	0.0
chr6	52860417	52860748	noncoding_exonic_74682	+	52860679	NA	NA	NA	1	1	0.0
chr17	20827671	20828146	noncoding_exonic_34038	+	20828139	NA	NA	NA	1	1	0.0
chrX	27536909	27537876	noncoding_exonic_94449	+	27537814	NA	NA	NA	1	1	0.0
chr11	93268633	93268982	noncoding_exonic_20962	+	93268928	NA	NA	NA	1	1	0.0
chr11	93454678	93455032	noncoding_exonic_20967	+	93455032	NA	NA	NA	1	1	0.0
chr13	113200795	113201933	noncoding_exonic_28752	+	113200798	NA	NA	NA	1	1	0.0
chr9	95002570	95002924	noncoding_exonic_91899	+	95002860	NA	ATTAAA	2	1	1	0.0
chr3	37317309	37318089	noncoding_exonic_54770	+	37317730	NA	AAGAAA	25	2	2	14.5086181285
chr10	32570786	32573625	noncoding_exonic_12275	+	32573515	NA	AATAAA	1	1	1	0.0
chr8	130363936	130365226	noncoding_exonic_88615	+	130364936	NA	NA	NA	1	1	0.0
chr7	105915772	105917468	noncoding_exonic_81878	+	105917290	NA	NA	NA	1	1	0.0
chr1	155696626	155696829	noncoding_exonic_7294	+	155696814	NA	CATAAA	6	1	1	0.0
chr3	141105779	141106488	noncoding_exonic_58282	+	141106450	NA	NA	NA	1	1	0.0
chr3	141106729	141108679	noncoding_exonic_58283	+	141106811	NA	NA	NA	1	1	0.0
chrX	147279533	147280398	noncoding_exonic_97021	+	147280294	NA	NA	NA	1	1	0.0
chr2	102477448	102478702	noncoding_exonic_41965	+	102478702	NA	NA	NA	1	1	0.0
chr20	55946189	55948530	noncoding_exonic_48818	+	55948530	NA	AATAAA	9	1	1	0.0
chr11	62619459	62620153	noncoding_exonic_19018	+	62619461	NA	NA	NA	8	2	0.707106781187
chr5	172447730	172447931	noncoding_exonic_71727	+	172447931	NA	NA	NA	1	1	0.0
chr20	10366426	10368454	noncoding_exonic_47229	+	10366877	NA	NA	NA	1	1	0.0
chr5	76586092	76587625	noncoding_exonic_68463	+	76586221	NA	NA	NA	1	1	0.0
chr7	156808582	156809120	noncoding_exonic_83848	+	156809120	NA	AATACA	11	1	1	0.0
chr6	30022377	30025494	noncoding_exonic_73375	+	30022591	NA	NA	NA	1	1	0.0
chr12	120719939	120720632	noncoding_exonic_25639	+	120720440	NA	AGTAAA	25	1	1	0.0
chr21	38739235	38739878	noncoding_exonic_50217	+	38739637	NA	NA	NA	1	1	0.0
chrX	69157015	69157867	noncoding_exonic_95484	+	69157230	NA	NA	NA	2	2	0.707106781187
chrX	43888577	43890167	noncoding_exonic_94685	+	43889225	NA	NA	NA	1	1	0.0
chr2	71606645	71607351	noncoding_exonic_40552	+	71606762	NA	NA	NA	2	1	0.0
chr2	71601959	71602662	noncoding_exonic_40551	+	71602180	NA	AATAAA AGTAAA	16 8	1	1	0.0
chr2	159518753	159519408	noncoding_exonic_43764	+	159519291	NA	NA	NA	1	1	0.0
chr6	134494704	134495142	noncoding_exonic_76303	+	134494709	NA	NA	NA	1	1	0.0
chrX	136067061	136067864	noncoding_exonic_96863	+	136067157	NA	NA	NA	1	1	0.0
chr7	16308481	16310229	noncoding_exonic_77944	+	16309527	NA	NA	NA	1	1	0.0
chr19	12247720	12248089	noncoding_exonic_36550	+	12248071	NA	NA	NA	1	1	0.0
chrY	5205785	5207005	noncoding_exonic_97608	+	5205909	NA	NA	NA	1	1	0.0
chr1	16767660	16768114	noncoding_exonic_1185	+	16768075	NA	AGTAAA	33	1	1	0.0
chr3	25666294	25666529	noncoding_exonic_54434	+	25666468	NA	NA	NA	1	1	0.0
chr1	16776736	16778332	noncoding_exonic_1188	+	16776796	NA	NA	NA	1	1	0.0
chr11	34117706	34118025	noncoding_exonic_17679	+	34117906	NA	AATAAA AAGAAA	30 13	1	1	0.0
chr2	275201	275611	noncoding_exonic_37932	+	275606	NA	NA	NA	1	1	0.0
chr20	6194345	6196028	noncoding_exonic_47155	+	6195187	NA	TATAAA	16	1	1	0.0
chr1	246797312	246797774	noncoding_exonic_11095	+	246797313	NA	NA	NA	2	1	0.0
chr7	11054533	11054846	noncoding_exonic_77832	+	11054588	NA	ACTAAA	8	1	1	0.0
chr9	77630660	77630953	noncoding_exonic_91446	+	77630700	NA	NA	NA	1	1	0.0
chr3	69818638	69818923	noncoding_exonic_56368	+	69818638	NA	NA	NA	4	1	0.0
chr3	69818638	69818923	noncoding_exonic_56368	+	69818695	NA	NA	NA	1	1	0.0
chr1	6298280	6299504	noncoding_exonic_629	+	6298473	NA	NA	NA	1	1	0.0
chr1	114946947	114948031	noncoding_exonic_5614	+	114947450	NA	NA	NA	1	1	0.0
chr1	35836228	35836454	noncoding_exonic_2398	+	35836390	NA	NA	NA	1	1	0.0
chr16	31199172	31199645	noncoding_exonic_32594	+	31199174	NA	NA	NA	1	1	0.0
chr16	31199172	31199645	noncoding_exonic_32594	+	31199645	NA	ACTAAA	33	1	1	0.0
chr8	104440945	104442839	noncoding_exonic_87957	+	104440945	NA	NA	NA	1	1	0.0
chr4	10452510	10456428	noncoding_exonic_61251	+	10454053	NA	NA	NA	1	1	0.0
chr21	40718454	40719172	noncoding_exonic_50299	+	40719011	NA	AATAAA TTTAAA TTTAAA	34 6 28	1	1	0.0
chr11	581606	581961	noncoding_exonic_15994	+	581710	NA	NA	NA	2	1	0.0
chr9	123625027	123625304	noncoding_exonic_92755	+	123625284	NA	NA	NA	1	1	0.0
chr6	27704353	27706273	noncoding_exonic_73142	+	27705771	NA	GATAAA	15	1	1	0.0
chr6	170107123	170110331	noncoding_exonic_77243	+	170109169	NA	NA	NA	1	1	0.0
chr17	48213332	48213562	noncoding_exonic_35064	+	48213340	NA	NA	NA	1	1	0.0
chr10	103547280	103547722	noncoding_exonic_14808	+	103547452	NA	AAGAAA	2	1	1	0.0
chr10	103547280	103547722	noncoding_exonic_14808	+	103547549	NA	NA	NA	2	1	0.0
chrM	576	3304	noncoding_exonic_93870	+	1019	NA	NA	NA	1	1	0.0
chrM	576	3304	noncoding_exonic_93870	+	1227	NA	GATAAA	31	1	1	0.0
chrM	576	3304	noncoding_exonic_93870	+	1423	NA	NA	NA	1	1	0.0
chrM	576	3304	noncoding_exonic_93870	+	1796	NA	AATAGA	17	3	3	5.0
chrM	576	3304	noncoding_exonic_93870	+	2077	NA	TTTAAA TTTAAA	11 23	18	9	10.0443461155
chrM	576	3304	noncoding_exonic_93870	+	2117	NA	NA	NA	3	3	10.4083299973
chrM	576	3304	noncoding_exonic_93870	+	2158	NA	AGTAAA	31	11	6	6.01513243261
chrM	576	3304	noncoding_exonic_93870	+	2231	NA	AAGAAA	5	16	9	12.0467838032
chrM	576	3304	noncoding_exonic_93870	+	2280	NA	NA	NA	9	5	12.1837779217
chrM	576	3304	noncoding_exonic_93870	+	2327	NA	NA	NA	4	4	8.91627725006
chrM	576	3304	noncoding_exonic_93870	+	2389	NA	NA	NA	17	9	8.8650005806
chrM	576	3304	noncoding_exonic_93870	+	2414	NA	NA	NA	2	1	0.0
chrM	576	3304	noncoding_exonic_93870	+	2455	NA	NA	NA	57	6	4.61880215352
chrM	576	3304	noncoding_exonic_93870	+	2568	NA	NA	NA	4	4	20.0437022528
chrM	576	3304	noncoding_exonic_93870	+	2636	NA	NA	NA	6	4	10.5908765769
chrM	576	3304	noncoding_exonic_93870	+	2688	NA	NA	NA	8	4	9.57209485954
chrM	576	3304	noncoding_exonic_93870	+	2739	NA	NA	NA	10	7	12.4056438769
chrM	576	3304	noncoding_exonic_93870	+	2774	NA	AATAAA ATTAAA	25 30	4	4	8.68907359849
chrM	576	3304	noncoding_exonic_93870	+	2815	NA	ATTAAA	24	7	6	9.68061391206
chrM	576	3304	noncoding_exonic_93870	+	2860	NA	NA	NA	2	2	11.5108644332
chrM	576	3304	noncoding_exonic_93870	+	3008	NA	NA	NA	4	3	10.7238052948
chrM	576	3304	noncoding_exonic_93870	+	3052	NA	ATTAAA	14	9	7	11.874342087
chrM	576	3304	noncoding_exonic_93870	+	3079	NA	ATTAAA	10	2	2	4.0
chrM	576	3304	noncoding_exonic_93870	+	3127	NA	NA	NA	28	4	4.19608661221
chrM	576	3304	noncoding_exonic_93870	+	3230	NA	NA	NA	86	19	10.5714622429
chrM	576	3304	noncoding_exonic_93870	+	3252	NA	NA	NA	1	1	0.0
chrM	576	3304	noncoding_exonic_93870	+	692	NA	AATAGA	16	1	1	0.0
chrM	576	3304	noncoding_exonic_93870	+	883	NA	NA	NA	1	1	0.0
chrM	576	3304	noncoding_exonic_93870	+	952	NA	AATAGA	12	1	1	0.0
chr21	48073469	48073934	noncoding_exonic_50822	+	48073921	NA	CATAAA	10	1	1	0.0
chr3	20383959	20385528	noncoding_exonic_54342	+	20385053	NA	AATAAA	7	2	1	0.0
chr3	136045752	136045996	noncoding_exonic_58126	+	136045802	NA	NA	NA	1	1	0.0
chr6	146256577	146256978	noncoding_exonic_76595	+	146256799	NA	NA	NA	1	1	0.0
chr20	17941782	17942638	noncoding_exonic_47401	+	17942638	NA	ATTAAA	18	1	1	0.0
chr20	17943352	17943589	noncoding_exonic_47403	+	17943578	NA	GATAAA	28	1	1	0.0
chr20	17948561	17948932	noncoding_exonic_47404	+	17948583	NA	NA	NA	1	1	0.0
chr1	245008359	245008646	noncoding_exonic_11013	+	245008406	NA	AATACA AATGAA	30 11	1	1	0.0
chr21	34903190	34903588	noncoding_exonic_50015	+	34903367	NA	NA	NA	1	1	0.0
chr5	43042194	43043157	noncoding_exonic_67399	+	43042587	NA	NA	NA	1	1	0.0
chr3	33892988	33893229	noncoding_exonic_54684	+	33893142	NA	NA	NA	1	1	0.0
chr1	24304279	24304763	noncoding_exonic_1692	+	24304307	NA	CATAAA	8	2	2	2.0
chr1	24304279	24304763	noncoding_exonic_1692	+	24304362	NA	NA	NA	2	1	0.0
chr1	24304279	24304763	noncoding_exonic_1692	+	24304625	NA	AATAAA AAGAAA AAGAAA	10 3 14	1	1	0.0
chr1	24301567	24304142	noncoding_exonic_1691	+	24302099	NA	AATAAA AAGAAA	26 13	2	1	0.0
chr1	24301567	24304142	noncoding_exonic_1691	+	24302676	NA	AAGAAA	13	1	1	0.0
chr1	24301567	24304142	noncoding_exonic_1691	+	24303951	NA	NA	NA	1	1	0.0
chr12	124066766	124067714	noncoding_exonic_25925	+	124066998	NA	NA	NA	1	1	0.0
chr3	197681018	197681322	noncoding_exonic_60555	+	197681218	NA	NA	NA	1	1	0.0
chr6	141082665	141083396	noncoding_exonic_76495	+	141083396	NA	NA	NA	1	1	0.0
chr5	145518333	145518571	noncoding_exonic_70799	+	145518571	NA	NA	NA	1	1	0.0
chr5	132239552	132239872	noncoding_exonic_70131	+	132239865	NA	NA	NA	2	1	0.0
chr4	68586139	68588223	noncoding_exonic_62627	+	68587160	NA	CATAAA	30	1	1	0.0
chr22	38884535	38888056	noncoding_exonic_52855	+	38886514	NA	ACTAAA	33	1	1	0.0
chr22	38884535	38888056	noncoding_exonic_52855	+	38887348	NA	AATACA	17	1	1	0.0
chr3	132386101	132387661	noncoding_exonic_57980	+	132387254	NA	GATAAA AATGAA	23 27	1	1	0.0
chr9	130272166	130272424	noncoding_exonic_93004	+	130272239	NA	NA	NA	1	1	0.0
chr2	160260882	160261359	noncoding_exonic_43794	+	160260900	NA	NA	NA	1	1	0.0
chr2	162264038	162265347	noncoding_exonic_43864	+	162264925	NA	AATAGA	4	1	1	0.0
chr1	202147238	202147520	noncoding_exonic_9238	+	202147418	NA	NA	NA	1	1	0.0
chr14	55749013	55749361	noncoding_exonic_29403	+	55749156	NA	NA	NA	1	1	0.0
chr14	56024689	56026492	noncoding_exonic_29406	+	56026433	NA	NA	NA	1	1	0.0
chr22	37581495	37582086	noncoding_exonic_52721	+	37582025	NA	NA	NA	1	1	0.0
chr3	186296086	186299159	noncoding_exonic_59932	+	186296885	NA	NA	NA	1	1	0.0
chr7	153097004	153097631	noncoding_exonic_83745	+	153097004	NA	NA	NA	1	1	0.0
chr7	152507826	152511634	noncoding_exonic_83743	+	152511631	NA	AATATA ACTAAA AAGAAA	19 15 1	2	1	0.0
chr8	17782289	17785462	noncoding_exonic_84771	+	17785448	NA	AATATA AATGAA	20 14	1	1	0.0
chr12	25956136	25957460	noncoding_exonic_24149	+	25957221	NA	NA	NA	1	1	0.0
chr21	35494473	35497640	noncoding_exonic_50051	+	35495018	NA	NA	NA	2	1	0.0
chr21	35494473	35497640	noncoding_exonic_50051	+	35495793	NA	NA	NA	1	1	0.0
chr21	35494473	35497640	noncoding_exonic_50051	+	35495859	NA	NA	NA	1	1	0.0
chr1	40207703	40208887	noncoding_exonic_2646	+	40208223	NA	NA	NA	1	1	0.0
chr10	17451319	17452630	noncoding_exonic_11821	+	17452457	NA	NA	NA	1	1	0.0
chr8	91399794	91400373	noncoding_exonic_87362	+	91399794	NA	NA	NA	1	1	0.0
chr6	85996761	85997393	noncoding_exonic_75244	+	85997269	NA	AATACA	2	1	1	0.0
chr12	58005900	58006712	noncoding_exonic_24765	+	58006222	NA	AATAGA	3	1	1	0.0
chr1	71531435	71532458	noncoding_exonic_4135	+	71532327	NA	NA	NA	1	1	0.0
chr6	146239552	146240483	noncoding_exonic_76593	+	146240483	NA	AGTAAA	9	1	1	0.0
chr7	64464046	64465572	noncoding_exonic_79735	+	64464746	NA	NA	NA	1	1	0.0
chr5	134688735	134696186	noncoding_exonic_70271	+	134694308	NA	NA	NA	1	1	0.0
chr5	134688735	134696186	noncoding_exonic_70271	+	134695144	NA	AAGAAA	3	1	1	0.0
chr5	134696470	134698591	noncoding_exonic_70272	+	134696554	NA	NA	NA	1	1	0.0
chr4	68528933	68529602	noncoding_exonic_62623	+	68529602	NA	AATAAA	2	1	1	0.0
chr4	99807697	99808229	noncoding_exonic_63571	+	99807800	NA	NA	NA	1	1	0.0
chr5	110089001	110090819	noncoding_exonic_69422	+	110090032	NA	AAGAAA	0	2	2	10.0
chr5	110089001	110090819	noncoding_exonic_69422	+	110090084	NA	AGTAAA AAGAAA AATGAA	0 10 18	1	1	0.0
chr5	110089001	110090819	noncoding_exonic_69422	+	110090176	NA	NA	NA	1	1	0.0
chr6	28557005	28559524	noncoding_exonic_73198	+	28557692	NA	NA	NA	2	2	9.0
chr2	190437246	190437571	noncoding_exonic_44749	+	190437483	NA	ATTAAA	19	1	1	0.0
chr1	165877607	165880855	noncoding_exonic_8032	+	165880855	NA	AATAAA	19	1	1	0.0
chr8	19681555	19682003	noncoding_exonic_84859	+	19681947	NA	NA	NA	1	1	0.0
chr10	65928714	65930611	noncoding_exonic_13361	+	65929753	NA	AAGAAA	10	1	1	0.0
chr10	65928714	65930611	noncoding_exonic_13361	+	65930019	NA	NA	NA	1	1	0.0
chr10	65928714	65930611	noncoding_exonic_13361	+	65930545	NA	NA	NA	2	1	0.0
chr3	47721712	47721926	noncoding_exonic_55275	+	47721738	NA	NA	NA	1	1	0.0
chr3	47711839	47712147	noncoding_exonic_55272	+	47711846	NA	NA	NA	1	1	0.0
chr6	42924082	42924503	noncoding_exonic_74365	+	42924265	NA	AAGAAA	3	1	1	0.0
chr5	109189281	109190840	noncoding_exonic_69397	+	109189631	NA	NA	NA	1	1	0.0
chr5	109035200	109035535	noncoding_exonic_69393	+	109035535	NA	NA	NA	1	1	0.0
chr4	139096814	139099331	noncoding_exonic_64714	+	139098579	NA	AATATA	29	1	1	0.0
chr6	116967097	116967421	noncoding_exonic_75942	+	116967309	NA	AATGAA AATGAA ACTAAA	4 31 21	1	1	0.0
chr9	79186648	79186950	noncoding_exonic_91470	+	79186718	NA	NA	NA	4	4	9.63068014213
chr3	179115404	179115710	noncoding_exonic_59483	+	179115543	NA	AAGAAA	4	1	1	0.0
chrX	70764485	70767756	noncoding_exonic_95579	+	70766579	NA	AATGAA	10	2	2	4.52769256907
chrX	70764485	70767756	noncoding_exonic_95579	+	70767123	NA	NA	NA	1	1	0.0
chrX	70764485	70767756	noncoding_exonic_95579	+	70767371	NA	NA	NA	1	1	0.0
chrX	70764485	70767756	noncoding_exonic_95579	+	70767749	NA	AATGAA	6	2	2	0.707106781187
chr1	220382748	220383729	noncoding_exonic_9991	+	220383066	NA	NA	NA	1	1	0.0
chr1	220382748	220383729	noncoding_exonic_9991	+	220383594	NA	AATAGA AGTAAA AATATA	26 22 1	1	1	0.0
chr2	192547321	192547861	noncoding_exonic_44836	+	192547490	NA	TTTAAA TTTAAA	7 27	1	1	0.0
chr8	43125340	43127105	noncoding_exonic_85911	+	43126882	NA	NA	NA	1	1	0.0
chr1	24973280	24975349	noncoding_exonic_1740	+	24973739	NA	NA	NA	1	1	0.0
chr1	24973280	24975349	noncoding_exonic_1740	+	24974536	NA	ATTAAA GATAAA	32 17	1	1	0.0
chrX	36980268	36981498	noncoding_exonic_94528	+	36981085	NA	NA	NA	3	1	0.0
chr21	15868020	15868724	noncoding_exonic_49421	+	15868231	NA	AAGAAA AAGAAA	4 14	1	1	0.0
chr3	14984290	14987661	noncoding_exonic_54178	+	14985515	NA	TATAAA	9	1	1	0.0
chr8	1824216	1824736	noncoding_exonic_83994	+	1824361	NA	NA	NA	1	1	0.0
chr2	148683255	148683599	noncoding_exonic_43518	+	148683591	NA	AATGAA AATAAA ATTAAA AGTAAA AAGAAA	11 12 26 7 1	1	1	0.0
chr8	95871860	95872575	noncoding_exonic_87559	+	95872450	NA	NA	NA	1	1	0.0
chr12	121765034	121766118	noncoding_exonic_25727	+	121766027	NA	NA	NA	1	1	0.0
chr2	178107102	178109023	noncoding_exonic_44436	+	178108668	NA	AGTAAA	33	1	1	0.0
chr3	194310496	194310989	noncoding_exonic_60248	+	194310988	NA	AATAAA AGTAAA	5 4	1	1	0.0
chr9	139006426	139008870	noncoding_exonic_93588	+	139006435	NA	NA	NA	1	1	0.0
chr6	126119001	126119311	noncoding_exonic_76077	+	126119172	NA	NA	NA	1	1	0.0
chr17	16120861	16121473	noncoding_exonic_33513	+	16121473	NA	TATAAA AATGAA	3 7	2	1	0.0
chr4	141448648	141449105	noncoding_exonic_64795	+	141448704	NA	NA	NA	1	1	0.0
chr4	141445815	141446573	noncoding_exonic_64794	+	141445817	NA	NA	NA	1	1	0.0
chr7	56127557	56127961	noncoding_exonic_79390	+	56127624	NA	NA	NA	1	1	0.0
chr8	99055003	99055555	noncoding_exonic_87658	+	99055429	NA	NA	NA	1	1	0.0
chr17	47013064	47013492	noncoding_exonic_34933	+	47013450	NA	NA	NA	1	1	0.0
chr13	39613848	39615954	noncoding_exonic_27256	+	39614325	NA	NA	NA	1	1	0.0
chr1	26764775	26765225	noncoding_exonic_1854	+	26765052	NA	NA	NA	1	1	0.0
chr6	58446018	58447307	noncoding_exonic_74836	+	58447245	NA	AAGAAA CATAAA	9 5	1	1	0.0
chr5	154334758	154335930	noncoding_exonic_71213	+	154335009	NA	AAGAAA	24	1	1	0.0
chr5	94995001	94995340	noncoding_exonic_69050	+	94995001	NA	NA	NA	1	1	0.0
chr19	17516580	17516804	noncoding_exonic_36676	+	17516595	NA	NA	NA	2	1	0.0
chr21	37711219	37711825	noncoding_exonic_50151	+	37711219	NA	NA	NA	2	1	0.0
chr1	197514696	197515051	noncoding_exonic_9038	+	197515051	NA	CATAAA	5	1	1	0.0
chr11	9859585	9861044	noncoding_exonic_16802	+	9859585	NA	NA	NA	1	1	0.0
chr4	9032011	9032792	noncoding_exonic_61142	+	9032792	NA	NA	NA	1	1	0.0
chr13	27829491	27829993	noncoding_exonic_26913	+	27829727	NA	NA	NA	1	1	0.0
chrX	18912522	18913255	noncoding_exonic_94303	+	18912817	NA	AATGAA	4	1	1	0.0
chr1	78186890	78187423	noncoding_exonic_4304	+	78187113	NA	AATAAA	1	1	1	0.0
chr7	158801044	158802129	noncoding_exonic_83910	+	158801341	NA	NA	NA	1	1	0.0
chr2	24241104	24241603	noncoding_exonic_38738	+	24241569	NA	NA	NA	1	1	0.0
chr6	170057854	170058142	noncoding_exonic_77236	+	170058047	NA	NA	NA	1	1	0.0
chr11	5489943	5490652	noncoding_exonic_16484	+	5490380	NA	NA	NA	7	3	0.654653670708
chr11	5489943	5490652	noncoding_exonic_16484	+	5490448	NA	NA	NA	2	1	0.0
chr8	4644853	4646106	noncoding_exonic_84067	+	4644868	NA	NA	NA	2	2	15.5080624193
chr8	4644853	4646106	noncoding_exonic_84067	+	4645434	NA	NA	NA	1	1	0.0
chr1	212531257	212531695	noncoding_exonic_9785	+	212531326	NA	AATAAA AATAAA	7 13	1	1	0.0
chr3	171944737	171945053	noncoding_exonic_59312	+	171944913	NA	AAGAAA	23	1	1	0.0
chr1	201931343	201932743	noncoding_exonic_9207	+	201931493	NA	AATAAA AATAAA	5 14	2	1	0.0
chr1	201931343	201932743	noncoding_exonic_9207	+	201932072	NA	AGTAAA AATAGA	23 13	1	1	0.0
chr3	38556938	38557321	noncoding_exonic_54855	+	38556994	NA	NA	NA	1	1	0.0
chr1	1340488	1341188	noncoding_exonic_302	+	1340550	NA	AATACA	4	1	1	0.0
chr1	11140606	11140820	noncoding_exonic_892	+	11140606	NA	NA	NA	1	1	0.0
chr5	179044111	179044514	noncoding_exonic_72212	+	179044457	NA	AATAGA	1	2	1	0.0
chr5	179045324	179046269	noncoding_exonic_72215	+	179045387	NA	TATAAA AATGAA	2 7	1	1	0.0
chr5	179045324	179046269	noncoding_exonic_72215	+	179045524	NA	AATAAA TATAAA	8 2	1	1	0.0
chr7	53833175	53833920	noncoding_exonic_79294	+	53833422	NA	NA	NA	1	1	0.0
chr11	124077889	124078822	noncoding_exonic_22191	+	124078125	NA	AATGAA	29	1	1	0.0
chr1	231669865	231672958	noncoding_exonic_10543	+	231672598	NA	AAGAAA	7	1	1	0.0
chr4	120986605	120986826	noncoding_exonic_64312	+	120986709	NA	TATAAA AAGAAA AAGAAA AATATA AATACA	14 2 24 10 28	1	1	0.0
chr4	57285779	57289623	noncoding_exonic_62416	+	57288717	NA	CATAAA	18	2	2	0.707106781187
chr3	37211823	37212557	noncoding_exonic_54759	+	37212266	NA	AAGAAA	13	1	1	0.0
chr2	118867604	118868573	noncoding_exonic_42668	+	118867695	NA	AATGAA	8	1	1	0.0
chr10	92654648	92655210	noncoding_exonic_14313	+	92654794	NA	NA	NA	1	1	0.0
chr2	216992397	216992713	noncoding_exonic_45677	+	216992713	NA	ATTAAA	13	1	1	0.0
chr5	180667956	180668418	noncoding_exonic_72391	+	180668065	NA	NA	NA	1	1	0.0
chr2	66670180	66670904	noncoding_exonic_40290	+	66670212	NA	NA	NA	1	1	0.0
chr11	64540494	64540901	noncoding_exonic_19205	+	64540731	NA	AATAAA	11	1	1	0.0
chr11	64533885	64534371	noncoding_exonic_19201	+	64534220	NA	NA	NA	1	1	0.0
chr17	49072894	49073321	noncoding_exonic_35208	+	49073207	NA	TTTAAA TTTAAA	27 7	2	1	0.0
chr3	146258639	146258920	noncoding_exonic_58446	+	146258920	NA	TATAAA	24	1	1	0.0
chr5	174936205	174936406	noncoding_exonic_71837	+	174936406	NA	ACTAAA	9	1	1	0.0
chr8	42254198	42255117	noncoding_exonic_85860	+	42254681	NA	NA	NA	1	1	0.0
chr1	76253289	76254843	noncoding_exonic_4250	+	76254824	NA	TATAAA	31	1	1	0.0
chr6	42848704	42850746	noncoding_exonic_74355	+	42850083	NA	NA	NA	1	1	0.0
chr19	10222779	10223131	noncoding_exonic_36478	+	10222888	NA	NA	NA	1	1	0.0
chr14	73577863	73578235	noncoding_exonic_29617	+	73577932	NA	AATACA	8	1	1	0.0
chr11	63713407	63714196	noncoding_exonic_19074	+	63713479	NA	TATAAA	17	1	1	0.0
chr1	568914	570302	noncoding_exonic_103	+	569982	NA	NA	NA	1	1	0.0
chrX	70511844	70512891	noncoding_exonic_95548	+	70512065	NA	NA	NA	1	1	0.0
chr6	33219413	33219636	noncoding_exonic_73963	+	33219590	NA	AAGAAA AATGAA	3 9	1	1	0.0
chr11	10827594	10828366	noncoding_exonic_16855	+	10828065	NA	AATAAA AATAAA	4 11	1	1	0.0
chr8	6603275	6603762	noncoding_exonic_84104	+	6603286	NA	NA	NA	2	2	11.5108644332
chr8	28556957	28558836	noncoding_exonic_85273	+	28558453	NA	NA	NA	1	1	0.0
chr1	46074971	46078840	noncoding_exonic_3064	+	46075136	NA	AAGAAA	19	2	1	0.0
chr1	46074971	46078840	noncoding_exonic_3064	+	46077713	NA	NA	NA	1	1	0.0
chr20	47905581	47905797	noncoding_exonic_48582	+	47905770	NA	NA	NA	1	1	0.0
chr16	89584808	89588625	noncoding_exonic_33111	+	89586777	NA	TATAAA	0	1	1	0.0
chr17	74426498	74427206	noncoding_exonic_35610	+	74426498	NA	NA	NA	1	1	0.0
chr4	75059756	75061555	noncoding_exonic_62944	+	75061063	NA	AATAGA	12	1	1	0.0
chr11	43470152	43471631	noncoding_exonic_17898	+	43470182	NA	NA	NA	1	1	0.0
chr10	95430605	95431688	noncoding_exonic_14393	+	95431058	NA	NA	NA	1	1	0.0
chr11	406538	406842	noncoding_exonic_15935	+	406606	NA	NA	NA	1	1	0.0
chr22	20927964	20929399	noncoding_exonic_51379	+	20928597	NA	NA	NA	1	1	0.0
chr8	56806153	56806663	noncoding_exonic_86204	+	56806368	NA	AATAAA	27	1	1	0.0
chr1	28835417	28836588	noncoding_exonic_1984	+	28836147	NA	AATAAA ATTAAA AATACA CATAAA	23 18 27 23	4	2	2.17944947177
chr1	28836616	28837404	noncoding_exonic_1985	+	28837403	NA	AGTAAA	19	1	1	0.0
chr1	28835070	28835274	noncoding_exonic_1983	+	28835096	NA	NA	NA	1	1	0.0
chr1	28832862	28834639	noncoding_exonic_1981	+	28832869	NA	NA	NA	1	1	0.0
chr1	28832862	28834639	noncoding_exonic_1981	+	28833462	NA	NA	NA	1	1	0.0
chr1	28832862	28834639	noncoding_exonic_1981	+	28833597	NA	NA	NA	1	1	0.0
chr1	28832862	28834639	noncoding_exonic_1981	+	28833895	NA	CATAAA	33	2	2	6.5192024052
chr1	28832862	28834639	noncoding_exonic_1981	+	28833947	NA	NA	NA	1	1	0.0
chr1	28832862	28834639	noncoding_exonic_1981	+	28834047	NA	NA	NA	3	1	0.0
chr1	28832862	28834639	noncoding_exonic_1981	+	28834078	NA	NA	NA	10	4	5.02991053598
chr1	33099673	33100368	noncoding_exonic_2273	+	33099837	NA	AATAAA AATAAA AAGAAA	2 9 15	1	1	0.0
chr3	24496626	24496922	noncoding_exonic_54414	+	24496665	NA	NA	NA	1	1	0.0
chr1	233097648	233105654	noncoding_exonic_10579	+	233098722	NA	NA	NA	1	1	0.0
chr2	75186237	75186467	noncoding_exonic_40782	+	75186467	NA	ACTAAA AGTAAA	12 5	1	1	0.0
chr5	147792802	147793698	noncoding_exonic_70903	+	147793698	NA	ATTAAA	15	1	1	0.0
chr6	31500688	31502262	noncoding_exonic_73591	+	31501632	NA	ATTAAA	1	1	1	0.0
chr6	31500688	31502262	noncoding_exonic_73591	+	31501966	NA	NA	NA	1	1	0.0
chr4	86643125	86643539	noncoding_exonic_63316	+	86643485	NA	NA	NA	1	1	0.0
chr2	15761240	15761511	noncoding_exonic_38494	+	15761361	NA	AATAAA ATTAAA	30 10	1	1	0.0
chr11	14695151	14696101	noncoding_exonic_17032	+	14695663	NA	AGTAAA	32	1	1	0.0
chr1	180956860	180957231	noncoding_exonic_8655	+	180956935	NA	AATAAA	28	1	1	0.0
chr5	32591353	32591668	noncoding_exonic_67048	+	32591668	NA	CATAAA	29	1	1	0.0
chr2	182781732	182783324	noncoding_exonic_44612	+	182783109	NA	AAGAAA AATAGA	2 6	1	1	0.0
chr10	6625637	6626261	noncoding_exonic_11522	+	6626261	NA	AATAAA	19	1	1	0.0
chr9	139722316	139722945	noncoding_exonic_93672	+	139722939	NA	NA	NA	1	1	0.0
chrX	13330353	13330766	noncoding_exonic_94135	+	13330584	NA	NA	NA	1	1	0.0
chr8	133827134	133829132	noncoding_exonic_88704	+	133828639	NA	TATAAA TATAAA	6 30	1	1	0.0
chrX	67991164	67992421	noncoding_exonic_95464	+	67991627	NA	NA	NA	2	1	0.0
chr2	113409846	113410278	noncoding_exonic_42450	+	113410064	NA	NA	NA	1	1	0.0
chrX	106594884	106596073	noncoding_exonic_96226	+	106595720	NA	AAGAAA	24	4	2	0.707106781187
chr7	96764326	96764873	noncoding_exonic_81172	+	96764453	NA	NA	NA	2	2	1.0
chr7	75616173	75617128	noncoding_exonic_80497	+	75616303	NA	NA	NA	1	1	0.0
chr6	170858201	170859529	noncoding_exonic_77269	+	170858616	NA	AAGAAA AATGAA	10 2	1	1	0.0
chr16	81110923	81111481	noncoding_exonic_33018	+	81111243	NA	NA	NA	1	1	0.0
chr5	65460725	65465878	noncoding_exonic_67916	+	65461245	NA	NA	NA	1	1	0.0
chr5	65460725	65465878	noncoding_exonic_67916	+	65461622	NA	NA	NA	2	1	0.0
chr5	65460725	65465878	noncoding_exonic_67916	+	65461724	NA	AGTAAA	25	2	2	12.5099960032
chr5	65460725	65465878	noncoding_exonic_67916	+	65462690	NA	AATACA	34	1	1	0.0
chr5	65451892	65454636	noncoding_exonic_67912	+	65454551	NA	AAGAAA AAGAAA	7 13	1	1	0.0
chr8	146015855	146016062	noncoding_exonic_89356	+	146015855	NA	NA	NA	1	1	0.0
chr5	98190907	98191385	noncoding_exonic_69187	+	98190925	NA	NA	NA	1	1	0.0
chr4	127483773	127484285	noncoding_exonic_64438	+	127484285	NA	NA	NA	1	1	0.0
chr10	111635357	111637547	noncoding_exonic_15013	+	111636086	NA	NA	NA	1	1	0.0
chr10	111635357	111637547	noncoding_exonic_15013	+	111637426	NA	AATAAA AATGAA	4 3	1	1	0.0
chr3	136617917	136618918	noncoding_exonic_58143	+	136618276	NA	AAGAAA AATGAA	13 22	1	1	0.0
chrX	73040485	73047819	noncoding_exonic_95671	+	73040838	NA	GATAAA	13	1	1	0.0
chrX	73040485	73047819	noncoding_exonic_95671	+	73042226	NA	AAGAAA	31	1	1	0.0
chrX	73040485	73047819	noncoding_exonic_95671	+	73043693	NA	AATATA AATGAA	16 8	1	1	0.0
chrX	73040485	73047819	noncoding_exonic_95671	+	73045660	NA	AATACA	8	1	1	0.0
chrX	73040485	73047819	noncoding_exonic_95671	+	73047700	NA	NA	NA	1	1	0.0
chr2	89100446	89104394	noncoding_exonic_41289	+	89102148	NA	NA	NA	1	1	0.0
chr4	151500755	151502874	noncoding_exonic_65095	+	151501457	NA	NA	NA	1	1	0.0
chr11	118942741	118944661	noncoding_exonic_21922	+	118943016	NA	NA	NA	1	1	0.0
chrX	79972381	79973071	noncoding_exonic_95811	+	79972825	NA	AAGAAA AATACA	6 14	1	1	0.0
chr14	95999691	95999966	noncoding_exonic_29803	+	95999758	NA	NA	NA	1	1	0.0
chr14	95999691	95999966	noncoding_exonic_29803	+	95999951	NA	NA	NA	1	1	0.0
chr9	95048121	95048413	noncoding_exonic_91905	+	95048401	NA	NA	NA	1	1	0.0
chrX	62519125	62519552	noncoding_exonic_95372	+	62519547	NA	AAGAAA ACTAAA	17 7	1	1	0.0
chr1	175986412	175986705	noncoding_exonic_8487	+	175986679	NA	AATAAA AATAAA	6 16	1	1	0.0
chr14	102729953	102730988	noncoding_exonic_30009	+	102730502	NA	NA	NA	1	1	0.0
chr1	224600610	224600954	noncoding_exonic_10178	+	224600920	NA	NA	NA	1	1	0.0
chr2	86385498	86385704	noncoding_exonic_41092	+	86385618	NA	AATAAA	1	2	2	0.707106781187
chr5	74028923	74029213	noncoding_exonic_68347	+	74029153	NA	NA	NA	1	1	0.0
chr5	74028923	74029213	noncoding_exonic_68347	+	74029207	NA	NA	NA	1	1	0.0
chr10	51075117	51075480	noncoding_exonic_13054	+	51075133	NA	NA	NA	1	1	0.0
chr8	125506200	125507712	noncoding_exonic_88427	+	125507560	NA	NA	NA	1	1	0.0
chr11	46842178	46842725	noncoding_exonic_18148	+	46842534	NA	AAGAAA	7	1	1	0.0
chr2	36816783	36817320	noncoding_exonic_39250	+	36816788	NA	NA	NA	1	1	0.0
chr10	52219700	52219912	noncoding_exonic_13132	+	52219912	NA	ATTAAA GATAAA	32 25	1	1	0.0
chr3	93794755	93796019	noncoding_exonic_56707	+	93795918	NA	NA	NA	1	1	0.0
chr4	146296692	146297405	noncoding_exonic_64940	+	146297388	NA	NA	NA	1	1	0.0
chrX	73498208	73500329	noncoding_exonic_95702	+	73499066	NA	NA	NA	1	1	0.0
chr8	26236774	26239382	noncoding_exonic_85167	+	26238154	NA	AAGAAA AAGAAA	1 16	1	1	0.0
chr8	26222613	26223830	noncoding_exonic_85166	+	26222830	NA	AAGAAA	13	1	1	0.0
chr6	26195793	26195999	noncoding_exonic_73043	+	26195810	NA	NA	NA	2	2	17.0
chr16	71955006	71955245	noncoding_exonic_32939	+	71955106	NA	NA	NA	1	1	0.0
chr6	6695026	6697395	noncoding_exonic_72602	+	6695027	NA	NA	NA	1	1	0.0
chrX	154009588	154009871	noncoding_exonic_97417	+	154009588	NA	NA	NA	1	1	0.0
chr11	62650819	62651460	noncoding_exonic_19026	+	62651282	NA	NA	NA	1	1	0.0
chr11	62621272	62623386	noncoding_exonic_19020	+	62622897	NA	AAGAAA	15	1	1	0.0
chr10	89046654	89048252	noncoding_exonic_14152	+	89047636	NA	ATTAAA	31	1	1	0.0
chr1	173832363	173834685	noncoding_exonic_8406	+	173832387	NA	NA	NA	1	1	0.0
chr1	173832363	173834685	noncoding_exonic_8406	+	173833566	NA	AATATA AATGAA	13 8	2	2	6.0
chr1	173832363	173834685	noncoding_exonic_8406	+	173834333	NA	NA	NA	2	1	0.0
chr1	173834955	173835934	noncoding_exonic_8408	+	173835122	NA	ACTAAA	14	1	1	0.0
chr3	39449277	39449686	noncoding_exonic_54902	+	39449414	NA	AATGAA	5	1	1	0.0
chr3	39450230	39450477	noncoding_exonic_54904	+	39450281	NA	AATAAA	9	1	1	0.0
chr3	39452490	39453139	noncoding_exonic_54906	+	39452629	NA	NA	NA	2	1	0.0
chrX	119066179	119066715	noncoding_exonic_96454	+	119066257	NA	AAGAAA	4	1	1	0.0
chr2	84659441	84659960	noncoding_exonic_40944	+	84659441	NA	NA	NA	1	1	0.0
chr7	157170818	157174939	noncoding_exonic_83870	+	157173752	NA	NA	NA	1	1	0.0
chr7	157170818	157174939	noncoding_exonic_83870	+	157174073	NA	GATAAA	21	1	1	0.0
chr1	109965122	109966941	noncoding_exonic_5261	+	109966321	NA	NA	NA	2	1	0.0
chr2	207655410	207656406	noncoding_exonic_45387	+	207655416	NA	NA	NA	2	1	0.0
chr2	96937383	96939087	noncoding_exonic_41631	+	96937777	NA	AATACA	28	1	1	0.0
chr11	94703152	94704651	noncoding_exonic_21025	+	94703195	NA	ATTAAA AAGAAA	7 14	1	1	0.0
chr3	180671628	180671893	noncoding_exonic_59544	+	180671630	NA	NA	NA	2	1	0.0
chr8	20072479	20073923	noncoding_exonic_84872	+	20073694	NA	NA	NA	1	1	0.0
chr7	94058742	94059558	noncoding_exonic_81084	+	94058743	NA	NA	NA	1	1	0.0
chrY	15398517	15399258	noncoding_exonic_98077	+	15398636	NA	NA	NA	9	3	1.20185042515
chr15	85154919	85155390	noncoding_exonic_31444	+	85154919	NA	NA	NA	1	1	0.0
chr4	39458158	39459205	noncoding_exonic_61911	+	39458920	NA	NA	NA	1	1	0.0
chr2	234184372	234184648	noncoding_exonic_46450	+	234184383	NA	NA	NA	3	3	1.82574185835
chr2	234184372	234184648	noncoding_exonic_46450	+	234184623	NA	NA	NA	5	3	3.34664010614
chr2	234197321	234197586	noncoding_exonic_46452	+	234197576	NA	NA	NA	4	1	0.0
chr1	179842840	179845312	noncoding_exonic_8609	+	179843909	NA	AAGAAA	32	1	1	0.0
chr2	27544825	27545314	noncoding_exonic_38964	+	27544831	NA	NA	NA	1	1	0.0
chr15	21936559	21937408	noncoding_exonic_30285	+	21937135	NA	NA	NA	1	1	0.0
chr20	34326939	34327314	noncoding_exonic_48082	+	34326939	NA	NA	NA	2	1	0.0
chr20	34326939	34327314	noncoding_exonic_48082	+	34327144	NA	NA	NA	1	1	0.0
chr7	123194748	123196801	noncoding_exonic_82318	+	123196633	NA	AGTAAA AAGAAA	28 32	1	1	0.0
chr3	156876453	156876654	noncoding_exonic_58891	+	156876489	NA	NA	NA	1	1	0.0
chr3	156870945	156872455	noncoding_exonic_58890	+	156872447	NA	AGTAAA AAGAAA	0 1	3	1	0.0
chr11	65190244	65213011	noncoding_exonic_19346	+	65191398	NA	NA	NA	1	1	0.0
chr11	65190244	65213011	noncoding_exonic_19346	+	65193477	NA	NA	NA	1	1	0.0
chr11	65190244	65213011	noncoding_exonic_19346	+	65193997	NA	AATAAA	16	1	1	0.0
chr11	65190244	65213011	noncoding_exonic_19346	+	65196306	NA	TTTAAA AATGAA TTTAAA	7 15 27	1	1	0.0
chr11	65190244	65213011	noncoding_exonic_19346	+	65200135	NA	AAGAAA	7	2	1	0.0
chr11	65190244	65213011	noncoding_exonic_19346	+	65200305	NA	TATAAA	5	1	1	0.0
chr11	65190244	65213011	noncoding_exonic_19346	+	65200428	NA	NA	NA	1	1	0.0
chr11	65190244	65213011	noncoding_exonic_19346	+	65200470	NA	NA	NA	2	1	0.0
chr11	65190244	65213011	noncoding_exonic_19346	+	65200521	NA	NA	NA	1	1	0.0
chr11	65190244	65213011	noncoding_exonic_19346	+	65207141	NA	NA	NA	1	1	0.0
chr11	65190244	65213011	noncoding_exonic_19346	+	65207209	NA	AATATA	17	1	1	0.0
chr11	65190244	65213011	noncoding_exonic_19346	+	65207664	NA	NA	NA	2	1	0.0
chr11	65190244	65213011	noncoding_exonic_19346	+	65207913	NA	NA	NA	2	2	18.5067555233
chr11	65265232	65269504	noncoding_exonic_19347	+	65266368	NA	NA	NA	1	1	0.0
chr11	65265232	65269504	noncoding_exonic_19347	+	65266529	NA	NA	NA	1	1	0.0
chr11	65265232	65269504	noncoding_exonic_19347	+	65266738	NA	NA	NA	1	1	0.0
chr11	65265232	65269504	noncoding_exonic_19347	+	65266811	NA	AGTAAA	28	16	2	6.09815545883
chr11	65265232	65269504	noncoding_exonic_19347	+	65266967	NA	ATTAAA TTTAAA TTTAAA	9 33 1	2	2	3.0
chr11	65265232	65269504	noncoding_exonic_19347	+	65266999	NA	ATTAAA ATTAAA TTTAAA TTTAAA	12 27 1 33	1	1	0.0
chr11	65265232	65269504	noncoding_exonic_19347	+	65267065	NA	TTTAAA ACTAAA AGTAAA TTTAAA	4 27 10 30	3	3	2.16024689947
chr11	65265232	65269504	noncoding_exonic_19347	+	65267100	NA	NA	NA	3	1	0.0
chr11	65265232	65269504	noncoding_exonic_19347	+	65267162	NA	NA	NA	26	3	2.57950502109
chr11	65265232	65269504	noncoding_exonic_19347	+	65267186	NA	AAGAAA AATAGA	16 24	3	2	0.57735026919
chr11	65265232	65269504	noncoding_exonic_19347	+	65267214	NA	GATAAA	21	11	2	1.0
chr11	65265232	65269504	noncoding_exonic_19347	+	65267255	NA	GATAAA TTTAAA TTTAAA	8 14 20	3	3	2.08166599947
chr11	65265232	65269504	noncoding_exonic_19347	+	65267311	NA	NA	NA	6	3	4.33973885543
chr11	65265232	65269504	noncoding_exonic_19347	+	65267345	NA	AAGAAA	4	1	1	0.0
chr11	65265232	65269504	noncoding_exonic_19347	+	65267408	NA	AATGAA	4	3	2	1.15470053838
chr11	65265232	65269504	noncoding_exonic_19347	+	65267456	NA	TATAAA AATATA GATAAA	7 5 24	2	1	0.0
chr11	65265232	65269504	noncoding_exonic_19347	+	65267492	NA	AATAAA	3	1	1	0.0
chr11	65265232	65269504	noncoding_exonic_19347	+	65267573	NA	NA	NA	1	1	0.0
chr11	65265232	65269504	noncoding_exonic_19347	+	65267659	NA	ACTAAA	17	1	1	0.0
chr11	65265232	65269504	noncoding_exonic_19347	+	65267784	NA	NA	NA	4	1	0.0
chr11	65265232	65269504	noncoding_exonic_19347	+	65267834	NA	TTTAAA TTTAAA	34 0	3	3	1.63299316186
chr11	65265232	65269504	noncoding_exonic_19347	+	65267990	NA	NA	NA	7	2	6.32455532034
chr11	65265232	65269504	noncoding_exonic_19347	+	65268039	NA	NA	NA	9	4	9.62057979311
chr11	65265232	65269504	noncoding_exonic_19347	+	65268079	NA	NA	NA	1	1	0.0
chr11	65265232	65269504	noncoding_exonic_19347	+	65268162	NA	NA	NA	2	1	0.0
chr11	65265232	65269504	noncoding_exonic_19347	+	65268307	NA	AATAAA	5	2	1	0.0
chr11	65265232	65269504	noncoding_exonic_19347	+	65268439	NA	NA	NA	1	1	0.0
chr11	65265232	65269504	noncoding_exonic_19347	+	65268494	NA	NA	NA	7	2	4.89897948557
chr11	65265232	65269504	noncoding_exonic_19347	+	65268703	NA	NA	NA	5	4	16.4924225025
chr11	65265232	65269504	noncoding_exonic_19347	+	65268764	NA	NA	NA	28	11	11.0937562877
chr11	65265232	65269504	noncoding_exonic_19347	+	65268791	NA	NA	NA	3	2	2.44948974278
chr11	65265232	65269504	noncoding_exonic_19347	+	65268925	NA	NA	NA	1	1	0.0
chr11	65265232	65269504	noncoding_exonic_19347	+	65269048	NA	NA	NA	9	3	1.0
chr11	65265232	65269504	noncoding_exonic_19347	+	65269114	NA	NA	NA	1	1	0.0
chr11	65265232	65269504	noncoding_exonic_19347	+	65269259	NA	NA	NA	1	1	0.0
chr11	65265232	65269504	noncoding_exonic_19347	+	65269397	NA	ACTAAA	3	1	1	0.0
chr11	65265232	65269504	noncoding_exonic_19347	+	65269443	NA	GATAAA	2	30	4	2.2360679775
chr11	65265232	65269504	noncoding_exonic_19347	+	65269492	NA	NA	NA	1	1	0.0
chr11	65271093	65273940	noncoding_exonic_19348	+	65271099	NA	NA	NA	3	2	8.48528137424
chr11	65271093	65273940	noncoding_exonic_19348	+	65271181	NA	NA	NA	1	1	0.0
chr11	65271093	65273940	noncoding_exonic_19348	+	65271271	NA	NA	NA	1	1	0.0
chr11	65271093	65273940	noncoding_exonic_19348	+	65271348	NA	AATAGA	25	1	1	0.0
chr11	65271093	65273940	noncoding_exonic_19348	+	65271491	NA	NA	NA	1	1	0.0
chr11	65271093	65273940	noncoding_exonic_19348	+	65271664	NA	NA	NA	1	1	0.0
chr11	65271093	65273940	noncoding_exonic_19348	+	65271792	NA	NA	NA	42	2	1.09108945118
chr11	65271093	65273940	noncoding_exonic_19348	+	65271960	NA	NA	NA	2	1	0.0
chr11	65271093	65273940	noncoding_exonic_19348	+	65272085	NA	AATACA	24	3	2	5.65685424949
chr11	65271093	65273940	noncoding_exonic_19348	+	65272294	NA	NA	NA	2	2	17.0
chr11	65271093	65273940	noncoding_exonic_19348	+	65272343	NA	NA	NA	14	4	2.0
chr11	65271093	65273940	noncoding_exonic_19348	+	65272658	NA	NA	NA	3	3	3.91578004149
chr11	65271093	65273940	noncoding_exonic_19348	+	65272831	NA	NA	NA	1	1	0.0
chr11	65271093	65273940	noncoding_exonic_19348	+	65272906	NA	TATAAA	16	2	2	18.5067555233
chr11	65271093	65273940	noncoding_exonic_19348	+	65273035	NA	NA	NA	2	2	8.51469318296
chr11	65271093	65273940	noncoding_exonic_19348	+	65273230	NA	ATTAAA	27	1	1	0.0
chr11	65271093	65273940	noncoding_exonic_19348	+	65273569	NA	NA	NA	1	1	0.0
chr11	65271093	65273940	noncoding_exonic_19348	+	65273634	NA	NA	NA	1	1	0.0
chr11	65271093	65273940	noncoding_exonic_19348	+	65273938	NA	AATAAA	19	1	1	0.0
chrX	149904171	149905066	noncoding_exonic_97103	+	149905011	NA	ACTAAA	23	1	1	0.0
chr2	86718398	86719161	noncoding_exonic_41112	+	86718853	NA	AATGAA	8	1	1	0.0
chr8	109486079	109488110	noncoding_exonic_88072	+	109486732	NA	ATTAAA	0	1	1	0.0
chr11	118888763	118888991	noncoding_exonic_21897	+	118888881	NA	NA	NA	1	1	0.0
chr5	75987263	75987538	noncoding_exonic_68429	+	75987538	NA	NA	NA	1	1	0.0
chr5	37209465	37212483	noncoding_exonic_67206	+	37210167	NA	ATTAAA TTTAAA TTTAAA	25 1 33	1	1	0.0
chr10	103340173	103341982	noncoding_exonic_14797	+	103341508	NA	AAGAAA	22	1	1	0.0
chr3	6673375	6674266	noncoding_exonic_53740	+	6674266	NA	CATAAA AAGAAA	1 6	1	1	0.0
chr1	52251558	52252197	noncoding_exonic_3405	+	52251790	NA	AGTAAA	6	1	1	0.0
chr2	145184371	145187335	noncoding_exonic_43430	+	145185613	NA	ATTAAA	27	2	1	0.0
chr2	145218678	145221247	noncoding_exonic_43433	+	145219751	NA	AATAAA	31	1	1	0.0
chr2	145218678	145221247	noncoding_exonic_43433	+	145219992	NA	NA	NA	1	1	0.0
chr2	145268955	145271364	noncoding_exonic_43437	+	145269808	NA	NA	NA	1	1	0.0
chr2	145268955	145271364	noncoding_exonic_43437	+	145270144	NA	ATTAAA	29	1	1	0.0
chr2	145268955	145271364	noncoding_exonic_43437	+	145271298	NA	NA	NA	1	1	0.0
chr6	5788578	5788932	noncoding_exonic_72576	+	5788729	NA	NA	NA	1	1	0.0
chr1	245025079	245025762	noncoding_exonic_11020	+	245025643	NA	ATTAAA	2	3	3	1.41421356237
chr6	125330428	125330635	noncoding_exonic_76054	+	125330561	NA	NA	NA	1	1	0.0
chr17	16344387	16345327	noncoding_exonic_33533	+	16345327	NA	AATAAA	20	7	1	0.0
chr17	16342288	16343567	noncoding_exonic_33532	+	16343169	NA	NA	NA	1	1	0.0
chr17	16342288	16343567	noncoding_exonic_33532	+	16343221	NA	NA	NA	1	1	0.0
chr8	12394587	12396574	noncoding_exonic_84588	+	12396254	NA	NA	NA	1	1	0.0
chr11	118923541	118924832	noncoding_exonic_21911	+	118924481	NA	NA	NA	1	1	0.0
chr11	85195011	85195304	noncoding_exonic_20666	+	85195032	NA	NA	NA	10	3	10.3537432844
chr11	85195011	85195304	noncoding_exonic_20666	+	85195077	NA	NA	NA	7	7	12.8619038804
chr11	85195011	85195304	noncoding_exonic_20666	+	85195134	NA	NA	NA	23	6	6.23803201966
chr11	85195011	85195304	noncoding_exonic_20666	+	85195170	NA	NA	NA	3	3	7.7888809637
chr9	101609510	101609773	noncoding_exonic_92235	+	101609648	NA	AATACA	34	1	1	0.0
chr12	9220435	9220778	noncoding_exonic_23408	+	9220763	NA	NA	NA	1	1	0.0
chr1	26580469	26580855	noncoding_exonic_1837	+	26580517	NA	ATTAAA	12	1	1	0.0
chr4	189030422	189030757	noncoding_exonic_66058	+	189030449	NA	NA	NA	1	1	0.0
chr3	33724470	33725096	noncoding_exonic_54673	+	33724808	NA	TTTAAA TTTAAA	0 34	1	1	0.0
chr12	124092209	124093226	noncoding_exonic_25936	+	124092567	NA	NA	NA	1	1	0.0
chr11	123468653	123470160	noncoding_exonic_22171	+	123469460	NA	NA	NA	2	1	0.0
chr2	112697878	112698613	noncoding_exonic_42407	+	112698087	NA	NA	NA	2	1	0.0
chr3	9435633	9438752	noncoding_exonic_53859	+	9436770	NA	NA	NA	1	1	0.0
chr2	274572	275139	noncoding_exonic_37931	+	274660	NA	AATAAA	2	1	1	0.0
chr2	36783203	36785580	noncoding_exonic_39245	+	36783237	NA	NA	NA	1	1	0.0
chr3	44960284	44960830	noncoding_exonic_55129	+	44960299	NA	NA	NA	1	1	0.0
chr1	71535045	71535283	noncoding_exonic_4138	+	71535211	NA	TTTAAA TTTAAA ACTAAA	18 16 0	1	1	0.0
chr1	59158077	59158532	noncoding_exonic_3721	+	59158110	NA	NA	NA	1	1	0.0
chr2	136362586	136364246	noncoding_exonic_43270	+	136364031	NA	NA	NA	1	1	0.0
chr8	17764701	17764903	noncoding_exonic_84767	+	17764816	NA	AATAAA AAGAAA	16 12	1	1	0.0
chr5	104135006	104135473	noncoding_exonic_69325	+	104135006	NA	NA	NA	1	1	0.0
chr12	25098364	25098750	noncoding_exonic_24132	+	25098539	NA	NA	NA	1	1	0.0
chr5	138650425	138651385	noncoding_exonic_70493	+	138650854	NA	NA	NA	1	1	0.0
chr6	133593942	133594166	noncoding_exonic_76267	+	133594074	NA	NA	NA	1	1	0.0
chr1	223945325	223946964	noncoding_exonic_10120	+	223946412	NA	NA	NA	1	1	0.0
chr6	105233194	105235289	noncoding_exonic_75514	+	105233245	NA	TTTAAA TTTAAA	10 24	1	1	0.0
chr6	105233194	105235289	noncoding_exonic_75514	+	105234427	NA	NA	NA	1	1	0.0
chr15	64665968	64666601	noncoding_exonic_31164	+	64666454	NA	AATGAA	15	1	1	0.0
chr3	185652216	185655208	noncoding_exonic_59887	+	185654477	NA	NA	NA	1	1	0.0
chr3	185641772	185643251	noncoding_exonic_59884	+	185643018	NA	NA	NA	1	1	0.0
chr5	112319670	112320348	noncoding_exonic_69515	+	112320348	NA	ATTAAA	21	1	1	0.0
chr2	3608906	3609324	noncoding_exonic_38097	+	3609085	NA	NA	NA	2	1	0.0
chr13	111556377	111556689	noncoding_exonic_28718	+	111556687	NA	NA	NA	2	2	2.0
chr2	58687426	58689167	noncoding_exonic_39941	+	58688584	NA	NA	NA	1	1	0.0
chr1	207941168	207943665	noncoding_exonic_9614	+	207941714	NA	AGTAAA	6	1	1	0.0
chr1	207941168	207943665	noncoding_exonic_9614	+	207941888	NA	AATAAA	13	1	1	0.0
chr1	207941168	207943665	noncoding_exonic_9614	+	207941930	NA	TATAAA GATAAA	3 27	1	1	0.0
chr1	207941168	207943665	noncoding_exonic_9614	+	207942997	NA	NA	NA	1	1	0.0
chr1	207956675	207957073	noncoding_exonic_9615	+	207957007	NA	NA	NA	1	1	0.0
chr16	61089348	61089818	noncoding_exonic_32795	+	61089814	NA	NA	NA	1	1	0.0
chr5	134681747	134683296	noncoding_exonic_70268	+	134683226	NA	TTTAAA TTTAAA	33 1	1	1	0.0
chr5	72798426	72798740	noncoding_exonic_68292	+	72798580	NA	AATAAA CATAAA	22 14	1	1	0.0
chr4	99996375	99997442	noncoding_exonic_63585	+	99997323	NA	AATAGA	17	1	1	0.0
chr11	96113700	96116432	noncoding_exonic_21071	+	96114605	NA	TATAAA TATAAA AATAAA	18 32 21	1	1	0.0
chr17	26674035	26675257	noncoding_exonic_34130	+	26674796	NA	NA	NA	1	1	0.0
chr17	26674035	26675257	noncoding_exonic_34130	+	26675165	NA	NA	NA	1	1	0.0
chr8	124251879	124252222	noncoding_exonic_88355	+	124251879	NA	NA	NA	1	1	0.0
chr8	124214447	124214983	noncoding_exonic_88351	+	124214896	NA	AATAAA AATGAA	17 9	1	1	0.0
chr1	65450288	65451772	noncoding_exonic_3951	+	65451719	NA	NA	NA	1	1	0.0
chr11	71776244	71779124	noncoding_exonic_20064	+	71777290	NA	NA	NA	1	1	0.0
chr12	122700635	122701034	noncoding_exonic_25808	+	122701003	NA	NA	NA	1	1	0.0
chr2	238991363	238991633	noncoding_exonic_46644	+	238991576	NA	AAGAAA CATAAA AATAGA	13 26 30	1	1	0.0
chr7	66019571	66019824	noncoding_exonic_79912	+	66019824	NA	NA	NA	1	1	0.0
chr22	29671617	29674018	noncoding_exonic_52228	+	29671935	NA	NA	NA	1	1	0.0
chr22	29671617	29674018	noncoding_exonic_52228	+	29671981	NA	AATGAA	8	1	1	0.0
chr20	5273033	5273477	noncoding_exonic_47112	+	5273255	NA	AAGAAA	4	1	1	0.0
chr6	118320137	118320611	noncoding_exonic_75975	+	118320137	NA	NA	NA	1	1	0.0
chr7	108208725	108209022	noncoding_exonic_81977	+	108208974	NA	NA	NA	2	2	2.0
chr4	109541868	109542786	noncoding_exonic_63956	+	109542187	NA	NA	NA	2	1	0.0
chr20	56817425	56818567	noncoding_exonic_48852	+	56818345	NA	NA	NA	1	1	0.0
chr12	127650452	127650987	noncoding_exonic_26110	+	127650483	NA	NA	NA	2	2	2.5495097568
chr12	127650452	127650987	noncoding_exonic_26110	+	127650534	NA	NA	NA	2	2	15.5080624193
chr12	127650452	127650987	noncoding_exonic_26110	+	127650663	NA	NA	NA	1	1	0.0
chr12	127650452	127650987	noncoding_exonic_26110	+	127650894	NA	NA	NA	1	1	0.0
chr12	127650452	127650987	noncoding_exonic_26110	+	127650974	NA	NA	NA	1	1	0.0
chr5	71146739	71146942	noncoding_exonic_68215	+	71146801	NA	NA	NA	4	3	11.1242977306
chr5	71146739	71146942	noncoding_exonic_68215	+	71146844	NA	NA	NA	5	1	0.0
chr5	71146739	71146942	noncoding_exonic_68215	+	71146877	NA	NA	NA	14	5	1.792842914
chr3	42642572	42644548	noncoding_exonic_55006	+	42643429	NA	TATAAA TATAAA AATATA AATAGA	23 30 21 16	3	1	0.0
chr3	42642572	42644548	noncoding_exonic_55006	+	42643974	NA	NA	NA	1	1	0.0
chr11	73948832	73950177	noncoding_exonic_20235	+	73949289	NA	TATAAA	27	1	1	0.0
chr9	94870441	94871021	noncoding_exonic_91857	+	94870728	NA	TTTAAA TTTAAA	11 23	1	1	0.0
chr9	94793426	94794280	noncoding_exonic_91852	+	94793427	NA	NA	NA	2	1	0.0
chr13	113839874	113842922	noncoding_exonic_28800	+	113840348	NA	NA	NA	1	1	0.0
chr3	116364591	116365574	noncoding_exonic_57288	+	116365170	NA	NA	NA	1	1	0.0
chr1	155027884	155028265	noncoding_exonic_7146	+	155028017	NA	NA	NA	1	1	0.0
chr8	57083748	57083983	noncoding_exonic_86220	+	57083967	NA	AATAAA AATAAA CATAAA	6 18 14	1	1	0.0
chr11	18686596	18687095	noncoding_exonic_17240	+	18687083	NA	NA	NA	1	1	0.0
chr12	10862713	10863252	noncoding_exonic_23640	+	10862951	NA	GATAAA	4	1	1	0.0
chr12	10868382	10868747	noncoding_exonic_23642	+	10868694	NA	NA	NA	1	1	0.0
chr2	54096675	54098097	noncoding_exonic_39829	+	54097162	NA	NA	NA	1	1	0.0
chr2	54092710	54093221	noncoding_exonic_39828	+	54092959	NA	AATACA GATAAA	14 4	1	1	0.0
chr10	112666236	112667437	noncoding_exonic_15076	+	112666681	NA	NA	NA	1	1	0.0
chrX	122753368	122754225	noncoding_exonic_96511	+	122753501	NA	ATTAAA ACTAAA	18 13	1	1	0.0
chrX	122757134	122757494	noncoding_exonic_96513	+	122757365	NA	NA	NA	1	1	0.0
chr3	99979915	99980389	noncoding_exonic_56834	+	99979915	NA	NA	NA	4	1	0.0
chr3	194365475	194366130	noncoding_exonic_60252	+	194365719	NA	AAGAAA	8	1	1	0.0
chr1	93802933	93805093	noncoding_exonic_4760	+	93804593	NA	NA	NA	1	1	0.0
chr8	100436494	100436760	noncoding_exonic_87720	+	100436509	NA	NA	NA	1	1	0.0
chr3	129565892	129566402	noncoding_exonic_57823	+	129565895	NA	NA	NA	1	1	0.0
chr7	56046599	56047452	noncoding_exonic_79383	+	56047379	NA	AATACA	24	1	1	0.0
chr3	176908452	176909923	noncoding_exonic_59415	+	176908453	NA	NA	NA	1	1	0.0
chr8	75515478	75516479	noncoding_exonic_86939	+	75516392	NA	AAGAAA	3	1	1	0.0
chr21	37415698	37415946	noncoding_exonic_50120	+	37415837	NA	AATAAA AAGAAA AATACA	24 1 28	1	1	0.0
chr1	196709922	196711004	noncoding_exonic_9022	+	196710728	NA	NA	NA	1	1	0.0
chr5	1589142	1589483	noncoding_exonic_66271	+	1589362	NA	NA	NA	1	1	0.0
chr10	5741410	5741700	noncoding_exonic_11465	+	5741486	NA	AATACA	1	1	1	0.0
chr10	5741410	5741700	noncoding_exonic_11465	+	5741700	NA	CATAAA AATGAA	14 26	1	1	0.0
chr15	90815440	90816463	noncoding_exonic_31506	+	90815444	NA	NA	NA	1	1	0.0
chr6	144325473	144329226	noncoding_exonic_76559	+	144328581	NA	AATAAA AATAGA	1 14	1	1	0.0
chr7	150833312	150833647	noncoding_exonic_83629	+	150833647	NA	CATAAA	15	1	1	0.0
chr12	7084857	7085347	noncoding_exonic_23177	+	7085140	NA	GATAAA	23	2	2	3.53553390593
chr12	7076411	7076769	noncoding_exonic_23170	+	7076516	NA	NA	NA	1	1	0.0
chr6	56979708	56980056	noncoding_exonic_74798	+	56979973	NA	NA	NA	1	1	0.0
chr17	57707644	57709331	noncoding_exonic_35292	+	57709331	NA	NA	NA	1	1	0.0
chr16	20690479	20693496	noncoding_exonic_32238	+	20693058	NA	TATAAA	1	1	1	0.0
chr10	72149181	72150382	noncoding_exonic_13541	+	72149358	NA	NA	NA	1	1	0.0
chr7	10977493	10977716	noncoding_exonic_77826	+	10977519	NA	NA	NA	1	1	0.0
chr3	186509111	186509513	noncoding_exonic_59972	+	186509469	NA	NA	NA	1	1	0.0
chr4	24538796	24540773	noncoding_exonic_61587	+	24539263	NA	NA	NA	1	1	0.0
chr3	150283582	150284893	noncoding_exonic_58647	+	150284144	NA	NA	NA	1	1	0.0
chr10	91483332	91483720	noncoding_exonic_14283	+	91483720	NA	AATAAA TATAAA GATAAA	33 25 14	1	1	0.0
chr3	71619405	71621981	noncoding_exonic_56397	+	71619438	NA	NA	NA	1	1	0.0
chr1	156165995	156169625	noncoding_exonic_7385	+	156169178	NA	NA	NA	1	1	0.0
chr20	34298204	34298488	noncoding_exonic_48075	+	34298408	NA	NA	NA	1	1	0.0
chr2	153550576	153551055	noncoding_exonic_43657	+	153550879	NA	AAGAAA	34	3	2	10.3923048454
chr8	105507437	105508370	noncoding_exonic_87990	+	105508106	NA	NA	NA	1	1	0.0
chr8	105507437	105508370	noncoding_exonic_87990	+	105508370	NA	GATAAA	16	1	1	0.0
chr8	105516471	105521166	noncoding_exonic_87991	+	105518128	NA	NA	NA	1	1	0.0
chr8	38107321	38109429	noncoding_exonic_85594	+	38108158	NA	AATAAA AATAAA	5 13	1	1	0.0
chr11	108206910	108207135	noncoding_exonic_21362	+	108207035	NA	NA	NA	1	1	0.0
chr11	93469470	93469859	noncoding_exonic_20974	+	93469732	NA	NA	NA	1	1	0.0
chr11	93467826	93468732	noncoding_exonic_20973	+	93468416	NA	NA	NA	3	1	0.0
chr11	93466287	93466515	noncoding_exonic_20971	+	93466394	NA	AATAAA	17	2	1	0.0
chr5	64865189	64865458	noncoding_exonic_67880	+	64865458	NA	NA	NA	1	1	0.0
chr5	96271878	96273470	noncoding_exonic_69128	+	96273360	NA	TTTAAA	17	1	1	0.0
chr11	118657227	118661068	noncoding_exonic_21872	+	118659967	NA	AATAGA	4	1	1	0.0
chr11	18418515	18418945	noncoding_exonic_17204	+	18418945	NA	NA	NA	1	1	0.0
chr10	97915953	97923517	noncoding_exonic_14541	+	97916916	NA	NA	NA	1	1	0.0
chr10	97915953	97923517	noncoding_exonic_14541	+	97920546	NA	NA	NA	1	1	0.0
chr22	20041074	20043465	noncoding_exonic_51219	+	20042717	NA	NA	NA	1	1	0.0
chr3	101400059	101400885	noncoding_exonic_56882	+	101400801	NA	NA	NA	1	1	0.0
chr2	188391548	188392007	noncoding_exonic_44707	+	188391829	NA	AATAAA AATGAA AATGAA AATAGA	24 3 34 19	1	1	0.0
chr22	39926559	39928399	noncoding_exonic_52958	+	39926736	NA	NA	NA	1	1	0.0
chr4	56265089	56265420	noncoding_exonic_62364	+	56265261	NA	TATAAA	24	1	1	0.0
chr4	56263285	56263572	noncoding_exonic_62363	+	56263513	NA	AAGAAA	15	1	1	0.0
chr4	56281437	56282324	noncoding_exonic_62369	+	56282270	NA	NA	NA	1	1	0.0
chr2	3625364	3627699	noncoding_exonic_38103	+	3626416	NA	ACTAAA	0	1	1	0.0
chr2	11956278	11959609	noncoding_exonic_38433	+	11957538	NA	AATAAA AATGAA ATTAAA CATAAA	15 9 28 7	1	1	0.0
chr4	76807175	76807697	noncoding_exonic_63014	+	76807189	NA	NA	NA	1	1	0.0
chr1	23631180	23636275	noncoding_exonic_1624	+	23634065	NA	NA	NA	1	1	0.0
chr1	23631180	23636275	noncoding_exonic_1624	+	23636268	NA	AATAAA	6	1	1	0.0
chr11	105962204	105965309	noncoding_exonic_21297	+	105963928	NA	NA	NA	1	1	0.0
chr11	105962204	105965309	noncoding_exonic_21297	+	105964872	NA	TTTAAA TTTAAA	20 14	1	1	0.0
chr8	61850263	61852430	noncoding_exonic_86427	+	61850724	NA	AAGAAA	1	1	1	0.0
chr2	171608220	171609562	noncoding_exonic_44128	+	171608354	NA	NA	NA	1	1	0.0
chr2	85866597	85866945	noncoding_exonic_41039	+	85866597	NA	NA	NA	1	1	0.0
chr7	156985061	156985526	noncoding_exonic_83853	+	156985526	NA	NA	NA	1	1	0.0
chr4	99300314	99300641	noncoding_exonic_63555	+	99300317	NA	NA	NA	1	1	0.0
chr11	126137230	126137443	noncoding_exonic_22351	+	126137277	NA	GATAAA	21	1	1	0.0
chr17	75085353	75086180	noncoding_exonic_35627	+	75085579	NA	NA	NA	1	1	0.0
chr13	21893230	21895005	noncoding_exonic_26691	+	21893773	NA	NA	NA	1	1	0.0
chr13	114240280	114240498	noncoding_exonic_28831	+	114240476	NA	AATAAA ATTAAA TTTAAA TTTAAA	20 33 16 18	2	2	3.0
chr8	56986327	56986618	noncoding_exonic_86214	+	56986327	NA	NA	NA	1	1	0.0
chr2	220249307	220250145	noncoding_exonic_45974	+	220249367	NA	NA	NA	1	1	0.0
chr1	28906044	28908384	noncoding_exonic_1999	+	28907503	NA	NA	NA	1	1	0.0
chr7	86821792	86822513	noncoding_exonic_80828	+	86822207	NA	TTTAAA TTTAAA	3 31	1	1	0.0
chr7	86815311	86817354	noncoding_exonic_80827	+	86815748	NA	NA	NA	2	1	0.0
chr7	16735495	16735705	noncoding_exonic_77950	+	16735705	NA	NA	NA	1	1	0.0
chr4	85068885	85069283	noncoding_exonic_63285	+	85068885	NA	NA	NA	1	1	0.0
chr5	175585866	175586199	noncoding_exonic_71882	+	175585877	NA	NA	NA	1	1	0.0
chr3	139098852	139102139	noncoding_exonic_58216	+	139099034	NA	AATACA	4	1	1	0.0
chr3	139069904	139071488	noncoding_exonic_58212	+	139069998	NA	AATGAA	12	1	1	0.0
chr12	69042561	69043821	noncoding_exonic_25061	+	69043310	NA	AATGAA	0	1	1	0.0
chr1	16931912	16934186	noncoding_exonic_1246	+	16933635	NA	AAGAAA	28	1	1	0.0
chr13	42850618	42851124	noncoding_exonic_27355	+	42850857	NA	AATATA CATAAA	29 15	1	1	0.0
chr11	62433418	62433867	noncoding_exonic_18975	+	62433653	NA	NA	NA	1	1	0.0
chr11	62435580	62435968	noncoding_exonic_18976	+	62435902	NA	NA	NA	1	1	0.0
chr1	27527324	27527964	noncoding_exonic_1898	+	27527787	NA	NA	NA	1	1	0.0
chr5	2787564	2788663	noncoding_exonic_66306	+	2788541	NA	AAGAAA	10	1	1	0.0
chr10	131904272	131907095	noncoding_exonic_15690	+	131904572	NA	NA	NA	1	1	0.0
chr1	114438660	114438879	noncoding_exonic_5599	+	114438879	NA	NA	NA	1	1	0.0
chr12	124215188	124218472	noncoding_exonic_25954	+	124215312	NA	AATAGA ATTAAA AGTAAA	28 9 31	1	1	0.0
chr9	35657750	35658014	noncoding_exonic_90336	+	35657769	NA	NA	NA	19	13	10.394836775
chr9	35657750	35658014	noncoding_exonic_90336	+	35657805	NA	NA	NA	6	3	7.37111479583
chr9	35657750	35658014	noncoding_exonic_90336	+	35657994	NA	NA	NA	58	25	12.5608861976
chrX	73061216	73072588	noncoding_exonic_95676	+	73063649	NA	NA	NA	2	2	14.5086181285
chrX	73061216	73072588	noncoding_exonic_95676	+	73066923	NA	AGTAAA	6	1	1	0.0
chrX	73061216	73072588	noncoding_exonic_95676	+	73067309	NA	NA	NA	5	4	1.41421356237
chrX	73061216	73072588	noncoding_exonic_95676	+	73071846	NA	CATAAA	15	3	1	0.0
chrX	73061216	73072588	noncoding_exonic_95676	+	73071889	NA	NA	NA	1	1	0.0
chrX	73061216	73072588	noncoding_exonic_95676	+	73072024	NA	AAGAAA TTTAAA TTTAAA	0 9 25	2	1	0.0
chrX	73061216	73072588	noncoding_exonic_95676	+	73072102	NA	NA	NA	2	2	11.5108644332
chrX	73061216	73072588	noncoding_exonic_95676	+	73072220	NA	AATAAA	6	2	1	0.0
chr21	33078867	33079177	noncoding_exonic_49918	+	33078966	NA	NA	NA	1	1	0.0
chr1	150541446	150541745	noncoding_exonic_6731	+	150541489	NA	NA	NA	1	1	0.0
chr17	25635018	25636125	noncoding_exonic_34093	+	25635171	NA	NA	NA	1	1	0.0
chr17	25629460	25630392	noncoding_exonic_34092	+	25630073	NA	NA	NA	1	1	0.0
chr1	182355537	182356265	noncoding_exonic_8709	+	182355918	NA	AATAAA AATGAA	11 4	1	1	0.0
chr1	182355022	182355390	noncoding_exonic_8708	+	182355297	NA	AGTAAA AATACA	15 10	1	1	0.0
chr11	13001081	13002546	noncoding_exonic_16960	+	13001082	NA	NA	NA	1	1	0.0
chr11	13001081	13002546	noncoding_exonic_16960	+	13001606	NA	NA	NA	1	1	0.0
chr1	230398751	230400718	noncoding_exonic_10474	+	230399427	NA	NA	NA	1	1	0.0
chr5	70790291	70791076	noncoding_exonic_68200	+	70790296	NA	NA	NA	1	1	0.0
chr1	32525763	32526451	noncoding_exonic_2201	+	32526244	NA	NA	NA	1	1	0.0
chr8	21860495	21860729	noncoding_exonic_84924	+	21860531	NA	NA	NA	1	1	0.0
chr8	106810318	106810670	noncoding_exonic_88019	+	106810670	NA	NA	NA	1	1	0.0
chr5	98221353	98221935	noncoding_exonic_69196	+	98221353	NA	NA	NA	1	1	0.0
chr5	98221353	98221935	noncoding_exonic_69196	+	98221409	NA	CATAAA	10	1	1	0.0
chr11	67795216	67796744	noncoding_exonic_19799	+	67796742	NA	AATAAA	18	1	1	0.0
chr6	28875340	28876584	noncoding_exonic_73217	+	28875504	NA	TATAAA TATAAA AATGAA	18 30 34	1	1	0.0
chr21	40719409	40720217	noncoding_exonic_50301	+	40720059	NA	TATAAA	22	1	1	0.0
chr5	149827296	149828395	noncoding_exonic_71029	+	149827296	NA	NA	NA	1	1	0.0
chr3	141762464	141763040	noncoding_exonic_58316	+	141762464	NA	NA	NA	1	1	0.0
chr8	117782605	117783088	noncoding_exonic_88203	+	117783073	NA	NA	NA	1	1	0.0
chr8	117670487	117671051	noncoding_exonic_88201	+	117670487	NA	NA	NA	1	1	0.0
chr11	85687725	85688048	noncoding_exonic_20684	+	85687885	NA	NA	NA	1	1	0.0
chr4	64215831	64217190	noncoding_exonic_62559	+	64215854	NA	NA	NA	2	2	0.707106781187
chr2	204055112	204056058	noncoding_exonic_45296	+	204056021	NA	NA	NA	2	2	16.5075740192
chr10	61564278	61565334	noncoding_exonic_13282	+	61565157	NA	AATAAA	2	1	1	0.0
chr10	61819791	61820501	noncoding_exonic_13288	+	61820338	NA	AAGAAA ATTAAA	30 17	1	1	0.0
chr1	40033518	40034080	noncoding_exonic_2633	+	40033873	NA	NA	NA	1	1	0.0
chr22	35654075	35654581	noncoding_exonic_52596	+	35654378	NA	AATAGA AATATA	34 13	1	1	0.0
chr7	5028664	5028999	noncoding_exonic_77554	+	5028754	NA	NA	NA	1	1	0.0
chr2	86359547	86360300	noncoding_exonic_41087	+	86359805	NA	NA	NA	2	2	0.707106781187
chr7	119390868	119392229	noncoding_exonic_82231	+	119391498	NA	AATAAA	22	2	2	1.0
chr7	119390868	119392229	noncoding_exonic_82231	+	119392229	NA	AATAGA	26	1	1	0.0
chr2	160080903	160082198	noncoding_exonic_43789	+	160082198	NA	NA	NA	1	1	0.0
chr2	162357395	162364216	noncoding_exonic_43872	+	162362760	NA	AATGAA	1	1	1	0.0
chr2	162357395	162364216	noncoding_exonic_43872	+	162363249	NA	NA	NA	1	1	0.0
chr11	88029432	88032923	noncoding_exonic_20760	+	88031621	NA	ATTAAA AAGAAA AAGAAA	3 7 14	1	1	0.0
chr11	88029432	88032923	noncoding_exonic_20760	+	88032911	NA	ACTAAA TATAAA	20 3	1	1	0.0
chrX	100792471	100794237	noncoding_exonic_96019	+	100794015	NA	CATAAA	11	1	1	0.0
chr21	46193602	46194481	noncoding_exonic_50652	+	46193874	NA	NA	NA	1	1	0.0
chr11	120280159	120282546	noncoding_exonic_22051	+	120282528	NA	AATAGA	0	1	1	0.0
chr11	118893719	118893992	noncoding_exonic_21901	+	118893743	NA	NA	NA	1	1	0.0
chrX	74960540	74966749	noncoding_exonic_95737	+	74964448	NA	NA	NA	1	1	0.0
chrX	74960540	74966749	noncoding_exonic_95737	+	74966049	NA	AAGAAA AATGAA AATGAA	30 4 14	1	1	0.0
chr20	33864804	33865735	noncoding_exonic_47999	+	33864880	NA	NA	NA	1	1	0.0
chr11	9599442	9602773	noncoding_exonic_16777	+	9600536	NA	NA	NA	1	1	0.0
chr11	9599442	9602773	noncoding_exonic_16777	+	9602078	NA	NA	NA	2	2	0.707106781187
chr11	9599442	9602773	noncoding_exonic_16777	+	9602424	NA	AATGAA CATAAA	14 2	1	1	0.0
chr22	50692212	50693625	noncoding_exonic_53488	+	50692213	NA	NA	NA	1	1	0.0
chr5	177398316	177399282	noncoding_exonic_72092	+	177398582	NA	NA	NA	1	1	0.0
chr4	108991585	108991818	noncoding_exonic_63932	+	108991816	NA	NA	NA	1	1	0.0
chr5	38966916	38967262	noncoding_exonic_67300	+	38966920	NA	NA	NA	1	1	0.0
chr13	47279439	47279755	noncoding_exonic_27495	+	47279439	NA	NA	NA	1	1	0.0
chr12	129597609	129597839	noncoding_exonic_26174	+	129597839	NA	AATAAA	19	1	1	0.0
chr1	173836128	173836953	noncoding_exonic_8410	+	173836589	NA	NA	NA	1	1	0.0
chr1	173836128	173836953	noncoding_exonic_8410	+	173836650	NA	NA	NA	1	1	0.0
chr1	173836128	173836953	noncoding_exonic_8410	+	173836816	NA	NA	NA	2	1	0.0
chr1	173836128	173836953	noncoding_exonic_8410	+	173836881	NA	NA	NA	2	2	2.0
chr3	3195759	3196430	noncoding_exonic_53646	+	3196321	NA	ATTAAA	31	1	1	0.0
chr19	52646295	52646589	noncoding_exonic_37528	+	52646496	NA	NA	NA	1	1	0.0
chr10	70097090	70097614	noncoding_exonic_13414	+	70097429	NA	NA	NA	1	1	0.0
chr10	70097090	70097614	noncoding_exonic_13414	+	70097502	NA	AATACA AATGAA	24 30	1	1	0.0
chr12	8242895	8243202	noncoding_exonic_23286	+	8243202	NA	NA	NA	1	1	0.0
chr13	77559002	77563104	noncoding_exonic_28084	+	77561020	NA	AATGAA	13	4	2	0.866025403784
chr1	109954806	109955689	noncoding_exonic_5258	+	109955252	NA	NA	NA	1	1	0.0
chr3	15838028	15839691	noncoding_exonic_54245	+	15838704	NA	NA	NA	1	1	0.0
chr5	21882693	21884419	noncoding_exonic_66845	+	21883200	NA	NA	NA	2	2	0.707106781187
chr9	91943801	91945360	noncoding_exonic_91786	+	91944812	NA	NA	NA	1	1	0.0
chr13	115007755	115008150	noncoding_exonic_28865	+	115008150	NA	TTTAAA TTTAAA	0 33	1	1	0.0
chr3	98619565	98619833	noncoding_exonic_56799	+	98619684	NA	NA	NA	2	1	0.0
chr5	90088597	90089022	noncoding_exonic_68919	+	90089017	NA	NA	NA	1	1	0.0
chr8	97244168	97245383	noncoding_exonic_87620	+	97245286	NA	NA	NA	1	1	0.0
chr11	95522111	95522555	noncoding_exonic_21055	+	95522162	NA	NA	NA	1	1	0.0
chr1	8937566	8938066	noncoding_exonic_768	+	8937704	NA	NA	NA	1	1	0.0
chr11	2973039	2973999	noncoding_exonic_16264	+	2973406	NA	NA	NA	1	1	0.0
chr11	2979774	2980164	noncoding_exonic_16268	+	2979774	NA	NA	NA	1	1	0.0
chr19	59092611	59095764	noncoding_exonic_37911	+	59095482	NA	NA	NA	1	1	0.0
chr9	116172008	116172334	noncoding_exonic_92566	+	116172251	NA	NA	NA	1	1	0.0
chr15	25618668	25620611	noncoding_exonic_30497	+	25620244	NA	NA	NA	1	1	0.0
chr5	84742791	84743576	noncoding_exonic_68764	+	84743186	NA	NA	NA	1	1	0.0
chr8	17882459	17882869	noncoding_exonic_84784	+	17882662	NA	NA	NA	1	1	0.0
chr5	115387606	115387986	noncoding_exonic_69606	+	115387606	NA	NA	NA	2	1	0.0
chr5	14639534	14641127	noncoding_exonic_66652	+	14640660	NA	ACTAAA	6	2	1	0.0
chr1	156107656	156108278	noncoding_exonic_7375	+	156107657	NA	NA	NA	2	1	0.0
chr13	38627834	38628306	noncoding_exonic_27223	+	38628060	NA	NA	NA	1	1	0.0
chr11	3781370	3781617	noncoding_exonic_16382	+	3781370	NA	NA	NA	1	1	0.0
chr10	7838568	7838858	noncoding_exonic_11569	+	7838568	NA	NA	NA	1	1	0.0
chr6	138182118	138182628	noncoding_exonic_76439	+	138182122	NA	NA	NA	1	1	0.0
chr9	19026889	19028127	noncoding_exonic_89844	+	19027055	NA	NA	NA	1	1	0.0
chr3	156868170	156869274	noncoding_exonic_58886	+	156868278	NA	AATAAA AAGAAA	20 10	1	1	0.0
chr8	38001904	38002739	noncoding_exonic_85579	+	38002204	NA	NA	NA	1	1	0.0
chr15	41590238	41594168	noncoding_exonic_30801	+	41593176	NA	ATTAAA	23	1	1	0.0
chr2	242013401	242015097	noncoding_exonic_46789	+	242014964	NA	CATAAA	3	1	1	0.0
chrX	65238665	65240264	noncoding_exonic_95429	+	65239252	NA	NA	NA	1	1	0.0
chrX	65238665	65240264	noncoding_exonic_95429	+	65240264	NA	AATAAA AATATA	16 20	1	1	0.0
chr20	29638245	29638813	noncoding_exonic_47780	+	29638452	NA	ATTAAA	18	1	1	0.0
chr2	38973889	38974186	noncoding_exonic_39350	+	38974037	NA	NA	NA	1	1	0.0
chr2	220097405	220097800	noncoding_exonic_45929	+	220097785	NA	NA	NA	1	1	0.0
chr2	220079804	220080607	noncoding_exonic_45921	+	220080463	NA	NA	NA	1	1	0.0
chrX	151124332	151125754	noncoding_exonic_97135	+	151124420	NA	NA	NA	1	1	0.0
chrX	151125958	151127435	noncoding_exonic_97136	+	151126087	NA	AATAAA ATTAAA AATAGA	2 12 17	2	2	1.0
chrX	151125958	151127435	noncoding_exonic_97136	+	151127158	NA	NA	NA	4	1	0.0
chr2	86843553	86845889	noncoding_exonic_41127	+	86844311	NA	AATAAA	4	1	1	0.0
chr18	33716340	33716595	noncoding_exonic_36020	+	33716380	NA	AAGAAA TATAAA	22 21	1	1	0.0
chr8	108306265	108307769	noncoding_exonic_88045	+	108307375	NA	NA	NA	1	1	0.0
chr8	95546165	95546619	noncoding_exonic_87543	+	95546165	NA	NA	NA	1	1	0.0
chr6	99850586	99851704	noncoding_exonic_75462	+	99850680	NA	AAGAAA AAGAAA AATGAA	18 5 9	1	1	0.0
chr6	99850586	99851704	noncoding_exonic_75462	+	99851192	NA	AATATA	32	1	1	0.0
chr6	99872797	99873090	noncoding_exonic_75467	+	99873090	NA	NA	NA	1	1	0.0
chr6	99862566	99864224	noncoding_exonic_75466	+	99864070	NA	NA	NA	1	1	0.0
chr6	99859611	99860426	noncoding_exonic_75465	+	99859744	NA	NA	NA	1	1	0.0
chr10	14886741	14889017	noncoding_exonic_11751	+	14887939	NA	AATACA	33	1	1	0.0
chr2	70069831	70070280	noncoding_exonic_40434	+	70070185	NA	AAGAAA AAGAAA	2 11	1	1	0.0
chr2	200233430	200233666	noncoding_exonic_44994	+	200233531	NA	TATAAA AAGAAA	27 3	1	1	0.0
chr20	37056322	37057973	noncoding_exonic_48198	+	37056738	NA	NA	NA	1	1	0.0
chr20	37056322	37057973	noncoding_exonic_48198	+	37057834	NA	NA	NA	1	1	0.0
chr20	37049234	37049547	noncoding_exonic_48192	+	37049236	NA	NA	NA	1	1	0.0
chr7	30819151	30821592	noncoding_exonic_78533	+	30821171	NA	NA	NA	1	1	0.0
chr3	178977679	178979061	noncoding_exonic_59477	+	178977733	NA	AAGAAA	13	1	1	0.0
chr3	178977679	178979061	noncoding_exonic_59477	+	178978962	NA	NA	NA	1	1	0.0
chr5	176942362	176942685	noncoding_exonic_72027	+	176942376	NA	NA	NA	2	2	14.5086181285
chr3	33543260	33546943	noncoding_exonic_54665	+	33546621	NA	TTTAAA TTTAAA	32 2	1	1	0.0
chr9	128035813	128036159	noncoding_exonic_92910	+	128036159	NA	NA	NA	1	1	0.0
chr10	127436581	127437665	noncoding_exonic_15579	+	127436800	NA	NA	NA	1	1	0.0
chr2	177065635	177065980	noncoding_exonic_44388	+	177065696	NA	AAGAAA	4	2	2	2.0
chr2	177065635	177065980	noncoding_exonic_44388	+	177065760	NA	NA	NA	1	1	0.0
chr10	11936180	11936699	noncoding_exonic_11657	+	11936589	NA	NA	NA	1	1	0.0
chr22	31320715	31322537	noncoding_exonic_52363	+	31321119	NA	AAGAAA AGTAAA	21 19	1	1	0.0
chr11	31436496	31438885	noncoding_exonic_17558	+	31437829	NA	AATAAA AATACA	5 9	1	1	0.0
chr11	43413126	43413338	noncoding_exonic_17888	+	43413165	NA	NA	NA	1	1	0.0
chr1	44680570	44683982	noncoding_exonic_2957	+	44681168	NA	TTTAAA TTTAAA	16 18	1	1	0.0
chr1	44680570	44683982	noncoding_exonic_2957	+	44682149	NA	NA	NA	1	1	0.0
chr9	139619685	139621538	noncoding_exonic_93632	+	139620560	NA	NA	NA	1	1	0.0
chr11	65835804	65836144	noncoding_exonic_19483	+	65835804	NA	NA	NA	4	2	1.0
chr4	80229426	80229952	noncoding_exonic_63147	+	80229529	NA	NA	NA	1	1	0.0
chr13	33223017	33224754	noncoding_exonic_27078	+	33224515	NA	TATAAA	29	1	1	0.0
chr3	15067071	15068516	noncoding_exonic_54182	+	15067212	NA	NA	NA	1	1	0.0
chr6	148058452	148058692	noncoding_exonic_76638	+	148058683	NA	AATAAA	7	1	1	0.0
chr6	147710197	147711601	noncoding_exonic_76632	+	147710435	NA	NA	NA	1	1	0.0
chr6	147710197	147711601	noncoding_exonic_76632	+	147711295	NA	NA	NA	1	1	0.0
chrX	108297360	108297792	noncoding_exonic_96262	+	108297363	NA	NA	NA	3	2	4.72581562625
chrX	108297360	108297792	noncoding_exonic_96262	+	108297407	NA	NA	NA	1	1	0.0
chrX	108297360	108297792	noncoding_exonic_96262	+	108297763	NA	NA	NA	12	1	0.0
chrX	108297360	108297792	noncoding_exonic_96262	+	108297792	NA	NA	NA	3	1	0.0
chr11	47753384	47754088	noncoding_exonic_18237	+	47753385	NA	NA	NA	2	1	0.0
chr7	45145363	45147063	noncoding_exonic_79110	+	45145704	NA	NA	NA	1	1	0.0
chr7	158695286	158697974	noncoding_exonic_83908	+	158697893	NA	NA	NA	1	1	0.0
chr11	124246772	124247697	noncoding_exonic_22205	+	124247667	NA	NA	NA	1	1	0.0
chr11	124235529	124236447	noncoding_exonic_22204	+	124236251	NA	NA	NA	1	1	0.0
chr8	182694	183049	noncoding_exonic_83927	+	182999	NA	NA	NA	1	1	0.0
chr4	84378111	84379498	noncoding_exonic_63261	+	84378674	NA	NA	NA	1	1	0.0
chr22	19492576	19492884	noncoding_exonic_51179	+	19492884	NA	NA	NA	1	1	0.0
chr8	64122240	64125346	noncoding_exonic_86520	+	64125344	NA	AATAAA ATTAAA	21 32	1	1	0.0
chr7	99167821	99168884	noncoding_exonic_81338	+	99168140	NA	TATAAA TATAAA	19 17	1	1	0.0
chr5	104435173	104435799	noncoding_exonic_69333	+	104435539	NA	NA	NA	1	1	0.0
chr14	20811233	20811566	noncoding_exonic_28915	+	20811317	NA	NA	NA	1	1	0.0
chr14	20811233	20811566	noncoding_exonic_28915	+	20811536	NA	NA	NA	1	1	0.0
chr7	53255080	53256631	noncoding_exonic_79283	+	53256335	NA	NA	NA	1	1	0.0
chr15	59341597	59341933	noncoding_exonic_31114	+	59341631	NA	NA	NA	1	1	0.0
chr15	59191051	59191667	noncoding_exonic_31110	+	59191358	NA	AATGAA AATGAA	4 34	1	1	0.0
chr3	183867491	183868223	noncoding_exonic_59730	+	183867885	NA	NA	NA	1	1	0.0
chr6	86340432	86340841	noncoding_exonic_75263	+	86340629	NA	GATAAA AATAGA	4 9	2	1	0.0
chr11	74630577	74631067	noncoding_exonic_20284	+	74630998	NA	NA	NA	1	1	0.0
chr2	47397903	47399552	noncoding_exonic_39683	+	47398255	NA	NA	NA	1	1	0.0
chr2	47397903	47399552	noncoding_exonic_39683	+	47398941	NA	AATAAA TATAAA AATGAA	13 9 17	1	1	0.0
chr13	111315865	111316208	noncoding_exonic_28702	+	111315865	NA	NA	NA	1	1	0.0
chr1	227786127	227786795	noncoding_exonic_10332	+	227786211	NA	AAGAAA AAGAAA	15 30	1	1	0.0
chr1	227786127	227786795	noncoding_exonic_10332	+	227786264	NA	AAGAAA	20	1	1	0.0
chr1	227844818	227847594	noncoding_exonic_10334	+	227845153	NA	AATAAA AATATA	6 12	1	1	0.0
chr1	227844818	227847594	noncoding_exonic_10334	+	227847549	NA	ATTAAA	7	1	1	0.0
chr9	130211987	130213009	noncoding_exonic_92994	+	130212997	NA	NA	NA	1	1	0.0
chr7	64021323	64021651	noncoding_exonic_79711	+	64021403	NA	NA	NA	1	1	0.0
chr2	66666219	66666452	noncoding_exonic_40285	+	66666267	NA	CATAAA	29	2	2	3.53553390593
chr6	109700865	109701719	noncoding_exonic_75710	+	109701121	NA	NA	NA	1	1	0.0
chr6	109700865	109701719	noncoding_exonic_75710	+	109701346	NA	NA	NA	1	1	0.0
chr7	104702364	104702610	noncoding_exonic_81823	+	104702559	NA	ATTAAA ATTAAA GATAAA	27 11 19	1	1	0.0
chr18	14183924	14185368	noncoding_exonic_35899	+	14184562	NA	NA	NA	1	1	0.0
chr1	186310521	186312457	noncoding_exonic_8876	+	186311421	NA	AATATA	8	1	1	0.0
chr10	48927372	48930366	noncoding_exonic_12926	+	48927720	NA	NA	NA	1	1	0.0
chr7	65993424	65996858	noncoding_exonic_79908	+	65993610	NA	NA	NA	1	1	0.0
chr1	76252383	76253181	noncoding_exonic_4249	+	76252476	NA	AATACA	24	2	1	0.0
chr1	76252383	76253181	noncoding_exonic_4249	+	76252958	NA	NA	NA	1	1	0.0
chr3	47328709	47328948	noncoding_exonic_55252	+	47328879	NA	NA	NA	1	1	0.0
chr6	7600008	7601568	noncoding_exonic_72641	+	7601453	NA	NA	NA	1	1	0.0
chr4	109543774	109544488	noncoding_exonic_63960	+	109544488	NA	NA	NA	1	1	0.0
chr3	169482397	169482835	noncoding_exonic_59205	+	169482754	NA	NA	NA	1	1	0.0
chr4	126731	127532	noncoding_exonic_60603	+	126759	NA	NA	NA	1	1	0.0
chr3	42661200	42661507	noncoding_exonic_55010	+	42661507	NA	TATAAA	0	1	1	0.0
chr3	42668719	42672037	noncoding_exonic_55014	+	42668798	NA	ATTAAA GATAAA	26 34	2	2	6.0
chr3	42668719	42672037	noncoding_exonic_55014	+	42669593	NA	NA	NA	1	1	0.0
chr3	42668719	42672037	noncoding_exonic_55014	+	42670507	NA	AATAAA	28	2	1	0.0
chr3	42668719	42672037	noncoding_exonic_55014	+	42671692	NA	GATAAA ATTAAA	13 33	1	1	0.0
chr8	27967955	27968430	noncoding_exonic_85242	+	27967955	NA	NA	NA	1	1	0.0
chr16	89985565	89987375	noncoding_exonic_33124	+	89987375	NA	AATAAA	20	1	1	0.0
chr11	73589864	73591748	noncoding_exonic_20200	+	73590686	NA	NA	NA	2	1	0.0
chr1	109642814	109643234	noncoding_exonic_5220	+	109642829	NA	NA	NA	13	10	5.67043615199
chr1	109642814	109643234	noncoding_exonic_5220	+	109642852	NA	NA	NA	1	1	0.0
chr1	109642814	109643234	noncoding_exonic_5220	+	109642972	NA	NA	NA	3	3	1.82574185835
chr1	109642814	109643234	noncoding_exonic_5220	+	109643017	NA	NA	NA	5	4	7.93725393319
chr1	109642814	109643234	noncoding_exonic_5220	+	109643068	NA	AATGAA	12	7	5	3.46410161514
chr3	128628264	128628708	noncoding_exonic_57746	+	128628678	NA	NA	NA	1	1	0.0
chr6	135623510	135623849	noncoding_exonic_76356	+	135623526	NA	NA	NA	1	1	0.0
chr6	43555966	43556483	noncoding_exonic_74447	+	43556231	NA	AATAAA AAGAAA	27 31	1	1	0.0
chr3	139301768	139302435	noncoding_exonic_58231	+	139301967	NA	NA	NA	1	1	0.0
chr7	116555509	116556113	noncoding_exonic_82163	+	116555714	NA	AATACA	0	1	1	0.0
chr6	82882229	82883083	noncoding_exonic_75183	+	82882814	NA	NA	NA	1	1	0.0
chr12	11311383	11312293	noncoding_exonic_23678	+	11311871	NA	CATAAA	21	1	1	0.0
chr4	164438223	164438585	noncoding_exonic_65445	+	164438438	NA	ATTAAA AAGAAA	34 22	1	1	0.0
chr11	33739017	33741157	noncoding_exonic_17649	+	33741014	NA	AATATA	32	1	1	0.0
chr9	35147406	35149181	noncoding_exonic_90293	+	35149010	NA	NA	NA	1	1	0.0
chr15	37110136	37110707	noncoding_exonic_30751	+	37110476	NA	NA	NA	1	1	0.0
chr15	37110136	37110707	noncoding_exonic_30751	+	37110537	NA	NA	NA	1	1	0.0
chr10	79553301	79553765	noncoding_exonic_13854	+	79553301	NA	NA	NA	1	1	0.0
chr5	148876423	148878856	noncoding_exonic_70970	+	148877416	NA	AAGAAA AAGAAA ACTAAA	8 24 19	1	1	0.0
chr9	75782471	75782785	noncoding_exonic_91418	+	75782663	NA	AATAAA	6	1	1	0.0
chr9	75780125	75780460	noncoding_exonic_91417	+	75780398	NA	AGTAAA	24	1	1	0.0
chrX	89367691	89368753	noncoding_exonic_95887	+	89368391	NA	NA	NA	1	1	0.0
chr4	6676719	6677774	noncoding_exonic_61042	+	6676786	NA	NA	NA	1	1	0.0
chr8	68045788	68048146	noncoding_exonic_86667	+	68048146	NA	AATGAA	21	1	1	0.0
chr13	98653899	98654720	noncoding_exonic_28410	+	98654319	NA	NA	NA	1	1	0.0
chr2	182757387	182758119	noncoding_exonic_44609	+	182757898	NA	AGTAAA	16	1	1	0.0
chr2	224765571	224765899	noncoding_exonic_46114	+	224765571	NA	NA	NA	1	1	0.0
chr21	34127664	34129105	noncoding_exonic_49974	+	34128986	NA	NA	NA	1	1	0.0
chr12	23334267	23335557	noncoding_exonic_24089	+	23334960	NA	AATACA	18	2	1	0.0
chr1	78412261	78413137	noncoding_exonic_4327	+	78413119	NA	NA	NA	2	1	0.0
chr1	78411190	78411580	noncoding_exonic_4326	+	78411374	NA	AATGAA AAGAAA	4 5	1	1	0.0
chr7	11100911	11101417	noncoding_exonic_77836	+	11101414	NA	NA	NA	1	1	0.0
