chrm	beg	end	utr_ID	strand	polyA_coordinate	annotated_polyA_distance	nearby_PAS	PAS_distance	number_supporting_reads	number_unique_supporting_reads	unique_reads_spread
chr12	100593864	100594629	five_utr_exonic_10230	+	100594621	NA	NA	NA	1	1	0.0
chr5	61708487	61708756	five_utr_exonic_30965	+	61708603	NA	NA	NA	1	1	0.0
chr13	41634973	41635809	five_utr_exonic_11121	+	41635702	NA	NA	NA	1	1	0.0
chr6	42531799	42532057	five_utr_exonic_33399	+	42531873	NA	NA	NA	1	1	0.0
chr8	120844804	120845103	five_utr_exonic_38169	+	120844834	NA	NA	NA	1	1	0.0
chr14	24583931	24584803	five_utr_exonic_11784	+	24584017	NA	NA	NA	1	1	0.0
chr2	3518680	3521518	five_utr_exonic_20471	+	3519604	NA	AATAAA TATAAA	2 17	1	1	0.0
chr12	57118745	57120981	five_utr_exonic_9869	+	57119120	NA	NA	NA	1	1	0.0
chr11	93478994	93479646	five_utr_exonic_7985	+	93479357	NA	NA	NA	1	1	0.0
chr1	22050655	22051612	five_utr_exonic_583	+	22050655	NA	NA	NA	1	1	0.0
chr14	76127117	76127532	five_utr_exonic_12317	+	76127408	NA	NA	NA	1	1	0.0
chr14	105259463	105260865	five_utr_exonic_12641	+	105259798	NA	NA	NA	1	1	0.0
chr6	160209175	160209471	five_utr_exonic_34495	+	160209192	NA	NA	NA	1	1	0.0
chr6	160210500	160210781	five_utr_exonic_34497	+	160210544	NA	NA	NA	1	1	0.0
chr5	159848910	159849319	five_utr_exonic_32093	+	159849161	NA	NA	NA	1	1	0.0
chr19	48752779	48753135	five_utr_exonic_19733	+	48752779	NA	NA	NA	1	1	0.0
chr19	48752779	48753135	five_utr_exonic_19733	+	48752846	NA	NA	NA	2	2	1.58113883008
chr11	207510	208854	five_utr_exonic_5776	+	208407	NA	NA	NA	1	1	0.0
chr17	26925964	26926297	five_utr_exonic_15991	+	26926021	NA	NA	NA	1	1	0.0
chr5	170814651	170814952	five_utr_exonic_32154	+	170814884	NA	NA	NA	2	2	3.53553390593
chr17	74553859	74555122	five_utr_exonic_17265	+	74554578	NA	NA	NA	1	1	0.0
chr1	71546678	71546980	five_utr_exonic_1689	+	71546696	NA	NA	NA	14	2	0.801783725737
chrX	48433339	48433568	five_utr_exonic_40695	+	48433552	NA	NA	NA	3	1	0.0
chrX	48434055	48434573	five_utr_exonic_40696	+	48434268	NA	NA	NA	1	1	0.0
chr1	70697253	70697541	five_utr_exonic_1683	+	70697450	NA	NA	NA	1	1	0.0
chr1	70697253	70697541	five_utr_exonic_1683	+	70697541	NA	TATAAA	0	1	1	0.0
chr1	143912295	143913143	five_utr_exonic_2268	+	143912512	NA	AATAAA	31	1	1	0.0
chr4	17812069	17812381	five_utr_exonic_29057	+	17812228	NA	NA	NA	1	1	0.0
chr4	17805764	17806394	five_utr_exonic_29055	+	17805766	NA	NA	NA	2	2	2.0
chr3	142744623	142745990	five_utr_exonic_28016	+	142745331	NA	TATAAA	29	1	1	0.0
chr3	142744623	142745990	five_utr_exonic_28016	+	142745373	NA	AATAGA	31	1	1	0.0
chr3	142744623	142745990	five_utr_exonic_28016	+	142745433	NA	AATAAA ATTAAA	14 23	1	1	0.0
chr6	31802384	31802724	five_utr_exonic_33037	+	31802699	NA	CATAAA ACTAAA	2 8	1	1	0.0
chr2	170429505	170430385	five_utr_exonic_22317	+	170429824	NA	AAGAAA	13	1	1	0.0
chr2	170429505	170430385	five_utr_exonic_22317	+	170430156	NA	AAGAAA	26	1	1	0.0
chr15	59279861	59280267	five_utr_exonic_13218	+	59280118	NA	NA	NA	1	1	0.0
chr11	313852	314155	five_utr_exonic_5790	+	314049	NA	AATACA	9	4	1	0.0
chr10	25010828	25011208	five_utr_exonic_4443	+	25010887	NA	NA	NA	1	1	0.0
chr17	34890587	34891305	five_utr_exonic_16191	+	34891026	NA	NA	NA	1	1	0.0
chr1	151030233	151033029	five_utr_exonic_2460	+	151032032	NA	NA	NA	1	1	0.0
chr4	120987889	120988229	five_utr_exonic_29955	+	120987930	NA	NA	NA	1	1	0.0
chr4	120987889	120988229	five_utr_exonic_29955	+	120988141	NA	NA	NA	1	1	0.0
chr11	85779822	85780144	five_utr_exonic_7911	+	85779837	NA	NA	NA	1	1	0.0
chr14	103978959	103979394	five_utr_exonic_12609	+	103978982	NA	AATAAA	3	1	1	0.0
chr17	7589618	7589928	five_utr_exonic_15659	+	7589633	NA	NA	NA	1	1	0.0
chr14	50087713	50087980	five_utr_exonic_11957	+	50087805	NA	NA	NA	1	1	0.0
chr4	15687858	15688600	five_utr_exonic_29035	+	15688230	NA	AATAAA	18	4	2	3.0
chr19	36726560	36727342	five_utr_exonic_19147	+	36726719	NA	NA	NA	1	1	0.0
chr15	43802567	43802812	five_utr_exonic_13007	+	43802701	NA	NA	NA	1	1	0.0
chr7	100075661	100075930	five_utr_exonic_35885	+	100075703	NA	NA	NA	1	1	0.0
chr6	31704077	31704349	five_utr_exonic_33019	+	31704131	NA	NA	NA	4	4	3.20156211872
chr6	31704077	31704349	five_utr_exonic_33019	+	31704237	NA	NA	NA	2	2	19.0
chr6	31704077	31704349	five_utr_exonic_33019	+	31704282	NA	NA	NA	1	1	0.0
chr2	170681107	170681441	five_utr_exonic_22335	+	170681123	NA	TTTAAA	5	1	1	0.0
chr2	170648442	170650342	five_utr_exonic_22331	+	170649211	NA	AATAAA	18	1	1	0.0
chr7	107204434	107205121	five_utr_exonic_36050	+	107205121	NA	NA	NA	1	1	0.0
chr8	17104031	17104753	five_utr_exonic_36949	+	17104247	NA	NA	NA	1	1	0.0
chr20	277736	278227	five_utr_exonic_23419	+	277741	NA	NA	NA	1	1	0.0
chr3	10289706	10290751	five_utr_exonic_26133	+	10289771	NA	NA	NA	1	1	0.0
chr16	48396387	48397793	five_utr_exonic_14720	+	48397280	NA	NA	NA	1	1	0.0
chr17	37820454	37821612	five_utr_exonic_16276	+	37820455	NA	NA	NA	1	1	0.0
chr2	68693275	68693602	five_utr_exonic_21224	+	68693373	NA	TATAAA AATACA	20 1	1	1	0.0
chr2	152146106	152146571	five_utr_exonic_22133	+	152146258	NA	NA	NA	1	1	0.0
chr6	144285923	144289975	five_utr_exonic_34310	+	144288848	NA	NA	NA	2	1	0.0
chr22	38884120	38884535	five_utr_exonic_25663	+	38884197	NA	NA	NA	5	3	4.9799598392
chr22	38884120	38884535	five_utr_exonic_25663	+	38884267	NA	NA	NA	3	1	0.0
chr22	38884120	38884535	five_utr_exonic_25663	+	38884535	NA	NA	NA	1	1	0.0
chr17	75315596	75316408	five_utr_exonic_17285	+	75316157	NA	NA	NA	1	1	0.0
chr3	9860605	9862229	five_utr_exonic_26114	+	9861686	NA	NA	NA	1	1	0.0
chr11	62433118	62433351	five_utr_exonic_7126	+	62433183	NA	AATAAA	18	1	1	0.0
chr20	62492565	62492893	five_utr_exonic_24457	+	62492567	NA	NA	NA	4	3	1.11803398875
chr21	47706250	47706657	five_utr_exonic_24983	+	47706657	NA	NA	NA	1	1	0.0
chr21	47742652	47743789	five_utr_exonic_24988	+	47742652	NA	NA	NA	1	1	0.0
chr21	47742652	47743789	five_utr_exonic_24988	+	47743378	NA	NA	NA	1	1	0.0
chr8	101733811	101735037	five_utr_exonic_37997	+	101734084	NA	NA	NA	2	2	1.58113883008
chr9	139997799	139998781	five_utr_exonic_40172	+	139998698	NA	NA	NA	1	1	0.0
chr9	139997799	139998781	five_utr_exonic_40172	+	139998763	NA	NA	NA	1	1	0.0
chr14	24105543	24105981	five_utr_exonic_11768	+	24105768	NA	AATGAA	20	1	1	0.0
chr6	29595568	29595829	five_utr_exonic_32862	+	29595749	NA	NA	NA	1	1	0.0
chr20	10394162	10394579	five_utr_exonic_23609	+	10394177	NA	NA	NA	2	2	1.0
chr20	10394162	10394579	five_utr_exonic_23609	+	10394351	NA	ATTAAA CATAAA	2 29	4	3	12.0104121495
chr5	66300447	66300821	five_utr_exonic_31003	+	66300784	NA	AAGAAA ACTAAA	32 4	3	3	15.3405779987
chr12	125398317	125399894	five_utr_exonic_10750	+	125398326	NA	NA	NA	3	1	0.0
chrX	53254071	53254604	five_utr_exonic_40845	+	53254328	NA	NA	NA	1	1	0.0
chr1	113497897	113498975	five_utr_exonic_2154	+	113498839	NA	NA	NA	1	1	0.0
chr2	99225041	99226171	five_utr_exonic_21627	+	99225557	NA	NA	NA	1	1	0.0
chr11	10482686	10482971	five_utr_exonic_6264	+	10482686	NA	NA	NA	1	1	0.0
chr19	49497180	49498190	five_utr_exonic_19796	+	49497920	NA	AATAAA	7	1	1	0.0
chr13	103422376	103422620	five_utr_exonic_11481	+	103422376	NA	NA	NA	1	1	0.0
chr13	103421891	103422361	five_utr_exonic_11480	+	103422354	NA	NA	NA	1	1	0.0
chr19	42806461	42806929	five_utr_exonic_19478	+	42806929	NA	AAGAAA	14	1	1	0.0
chr17	21730692	21730926	five_utr_exonic_15951	+	21730773	NA	NA	NA	1	1	0.0
chr17	21730692	21730926	five_utr_exonic_15951	+	21730873	NA	NA	NA	1	1	0.0
chr7	65546461	65546789	five_utr_exonic_35391	+	65546507	NA	NA	NA	1	1	0.0
chr2	187350882	187351109	five_utr_exonic_22516	+	187351109	NA	NA	NA	1	1	0.0
chr1	235492330	235493819	five_utr_exonic_3997	+	235493124	NA	NA	NA	1	1	0.0
chr1	235492330	235493819	five_utr_exonic_3997	+	235493436	NA	GATAAA	14	1	1	0.0
chr11	61572282	61574000	five_utr_exonic_7067	+	61573353	NA	NA	NA	1	1	0.0
chr11	61571239	61572152	five_utr_exonic_7066	+	61571240	NA	NA	NA	1	1	0.0
chr18	3247527	3247907	five_utr_exonic_17530	+	3247814	NA	NA	NA	1	1	0.0
chr3	183894565	183894781	five_utr_exonic_28462	+	183894746	NA	NA	NA	1	1	0.0
chr10	102106876	102107261	five_utr_exonic_5341	+	102107062	NA	GATAAA	3	1	1	0.0
chrX	65389748	65390399	five_utr_exonic_40937	+	65389876	NA	AATAAA AATACA CATAAA AATGAA AATGAA	16 6 24 2 29	1	1	0.0
chr22	22899252	22900174	five_utr_exonic_25180	+	22899351	NA	NA	NA	6	4	9.89949493661
chr6	24777093	24777474	five_utr_exonic_32701	+	24777465	NA	ATTAAA	22	2	2	9.0
chr11	33792376	33795893	five_utr_exonic_6585	+	33792829	NA	AATACA TTTAAA AATAAA TTTAAA	0 26 21 8	4	1	0.0
chr11	33792376	33795893	five_utr_exonic_6585	+	33794488	NA	NA	NA	1	1	0.0
chr22	31363875	31364284	five_utr_exonic_25409	+	31364079	NA	ATTAAA AAGAAA	6 24	1	1	0.0
chr5	68462836	68463089	five_utr_exonic_31015	+	68463076	NA	NA	NA	1	1	0.0
chr12	132195992	132198615	five_utr_exonic_10800	+	132197392	NA	ATTAAA AATGAA GATAAA	15 32 25	7	2	3.46410161514
chr19	52390073	52391229	five_utr_exonic_19991	+	52390224	NA	AATGAA	29	1	1	0.0
chr2	219523423	219525205	five_utr_exonic_22966	+	219524838	NA	AATGAA	18	1	1	0.0
chr2	219433302	219433677	five_utr_exonic_22960	+	219433602	NA	NA	NA	1	1	0.0
chr11	10529773	10530723	five_utr_exonic_6265	+	10530519	NA	NA	NA	1	1	0.0
chr4	6711356	6711607	five_utr_exonic_28956	+	6711565	NA	NA	NA	1	1	0.0
chr7	44613494	44614650	five_utr_exonic_35219	+	44614273	NA	NA	NA	1	1	0.0
chr12	122331722	122332644	five_utr_exonic_10613	+	122332004	NA	NA	NA	1	1	0.0
chr12	49110458	49110781	five_utr_exonic_9504	+	49110507	NA	NA	NA	2	2	1.0
chr20	19997759	19998040	five_utr_exonic_23683	+	19998017	NA	NA	NA	1	1	0.0
chr13	33112754	33112970	five_utr_exonic_11058	+	33112903	NA	ACTAAA	10	1	1	0.0
chr11	105948038	105948437	five_utr_exonic_8100	+	105948395	NA	NA	NA	1	1	0.0
chr16	84135388	84135592	five_utr_exonic_15221	+	84135448	NA	AAGAAA AATATA	4 23	1	1	0.0
chr16	84135388	84135592	five_utr_exonic_15221	+	84135510	NA	NA	NA	1	1	0.0
chr1	44440319	44440712	five_utr_exonic_1301	+	44440648	NA	NA	NA	1	1	0.0
chr8	126010847	126011645	five_utr_exonic_38231	+	126011335	NA	NA	NA	3	1	0.0
chr8	126010847	126011645	five_utr_exonic_38231	+	126011412	NA	NA	NA	2	1	0.0
chr8	126010847	126011645	five_utr_exonic_38231	+	126011589	NA	NA	NA	2	2	18.0
chr7	23509729	23510086	five_utr_exonic_34917	+	23509912	NA	NA	NA	1	1	0.0
chr7	120629104	120629675	five_utr_exonic_36182	+	120629546	NA	NA	NA	2	1	0.0
chr7	120629104	120629675	five_utr_exonic_36182	+	120629636	NA	NA	NA	1	1	0.0
chr13	97927885	97928489	five_utr_exonic_11427	+	97928058	NA	NA	NA	1	1	0.0
chr2	47143295	47143716	five_utr_exonic_21037	+	47143317	NA	NA	NA	1	1	0.0
chr17	46127968	46128423	five_utr_exonic_16674	+	46128064	NA	AATAAA AAGAAA	29 24	1	1	0.0
chr12	27090590	27091259	five_utr_exonic_9297	+	27090726	NA	NA	NA	14	1	0.0
chr12	27090590	27091259	five_utr_exonic_9297	+	27090793	NA	NA	NA	2	1	0.0
chrX	102931955	102933308	five_utr_exonic_41289	+	102933037	NA	NA	NA	1	1	0.0
chrX	102862378	102862644	five_utr_exonic_41281	+	102862378	NA	NA	NA	1	1	0.0
chr3	48964150	48964991	five_utr_exonic_26788	+	48964365	NA	NA	NA	1	1	0.0
chr3	48964150	48964991	five_utr_exonic_26788	+	48964885	NA	NA	NA	1	1	0.0
chr3	48964150	48964991	five_utr_exonic_26788	+	48964991	NA	NA	NA	1	1	0.0
chr2	242312263	242312522	five_utr_exonic_23376	+	242312505	NA	AATGAA ACTAAA	11 6	1	1	0.0
chr10	69799245	69799724	five_utr_exonic_4852	+	69799301	NA	NA	NA	2	1	0.0
chr15	52338026	52338657	five_utr_exonic_13160	+	52338441	NA	AAGAAA	26	1	1	0.0
chr15	52338026	52338657	five_utr_exonic_13160	+	52338536	NA	AAGAAA AATGAA	26 16	1	1	0.0
chr17	40440073	40440616	five_utr_exonic_16441	+	40440073	NA	NA	NA	1	1	0.0
chr4	100871327	100871545	five_utr_exonic_29776	+	100871422	NA	NA	NA	1	1	0.0
chr7	102036423	102036858	five_utr_exonic_35960	+	102036693	NA	AATGAA	11	1	1	0.0
chr4	186315932	186317053	five_utr_exonic_30460	+	186316929	NA	NA	NA	1	1	0.0
chr17	48448266	48448524	five_utr_exonic_16771	+	48448426	NA	NA	NA	1	1	0.0
chr14	67826744	67827173	five_utr_exonic_12171	+	67827102	NA	NA	NA	1	1	0.0
chr6	43737949	43738443	five_utr_exonic_33477	+	43738139	NA	TTTAAA AAGAAA GATAAA TTTAAA	34 17 33 0	3	2	3.31662479036
chr1	242012032	242012329	five_utr_exonic_4058	+	242012207	NA	NA	NA	1	1	0.0
chr12	110025665	110028575	five_utr_exonic_10387	+	110027387	NA	AATAGA	18	2	1	0.0
chr11	110006578	110007387	five_utr_exonic_8146	+	110007387	NA	NA	NA	2	1	0.0
chr7	50515878	50517422	five_utr_exonic_35292	+	50515878	NA	NA	NA	2	1	0.0
chr7	50515878	50517422	five_utr_exonic_35292	+	50515946	NA	NA	NA	1	1	0.0
chr1	101360188	101361554	five_utr_exonic_1961	+	101360353	NA	NA	NA	1	1	0.0
chr1	101360188	101361554	five_utr_exonic_1961	+	101361179	NA	NA	NA	1	1	0.0
chr7	26241312	26242229	five_utr_exonic_34958	+	26241376	NA	NA	NA	2	1	0.0
chr2	26256978	26257477	five_utr_exonic_20703	+	26257025	NA	NA	NA	1	1	0.0
chr11	14541845	14542242	five_utr_exonic_6342	+	14541900	NA	NA	NA	1	1	0.0
chr12	15501201	15501532	five_utr_exonic_9154	+	15501367	NA	AAGAAA	31	1	1	0.0
chr1	157014122	157015162	five_utr_exonic_2882	+	157014344	NA	NA	NA	2	1	0.0
chr1	157014122	157015162	five_utr_exonic_2882	+	157014591	NA	NA	NA	1	1	0.0
chr11	809646	810234	five_utr_exonic_5854	+	809987	NA	NA	NA	1	1	0.0
chr3	49314643	49315263	five_utr_exonic_26817	+	49314975	NA	NA	NA	1	1	0.0
chr3	112280375	112281120	five_utr_exonic_27430	+	112281058	NA	NA	NA	5	3	1.18321595662
chr21	18985016	18985265	five_utr_exonic_24520	+	18985080	NA	NA	NA	1	1	0.0
chr10	62538088	62538426	five_utr_exonic_4814	+	62538247	NA	NA	NA	2	2	0.707106781187
chr1	46125855	46126897	five_utr_exonic_1360	+	46126116	NA	CATAAA	25	2	2	0.707106781187
chr1	46125855	46126897	five_utr_exonic_1360	+	46126502	NA	CATAAA	20	1	1	0.0
chr8	67974231	67974558	five_utr_exonic_37604	+	67974273	NA	NA	NA	1	1	0.0
chr2	71634368	71635251	five_utr_exonic_21297	+	71634882	NA	TATAAA TATAAA ACTAAA	26 10 2	1	1	0.0
chr13	28194902	28195277	five_utr_exonic_10996	+	28195263	NA	NA	NA	1	1	0.0
chr13	28195473	28196120	five_utr_exonic_10997	+	28196076	NA	NA	NA	2	1	0.0
chr19	7069470	7069784	five_utr_exonic_18341	+	7069719	NA	NA	NA	1	1	0.0
chr13	41556190	41556418	five_utr_exonic_11119	+	41556192	NA	NA	NA	1	1	0.0
chr13	41556190	41556418	five_utr_exonic_11119	+	41556245	NA	NA	NA	2	2	1.0
chr7	16685198	16685442	five_utr_exonic_34852	+	16685198	NA	NA	NA	2	1	0.0
chr1	32384666	32385259	five_utr_exonic_911	+	32384666	NA	NA	NA	10	1	0.0
chr1	32384666	32385259	five_utr_exonic_911	+	32384718	NA	NA	NA	5	2	2.0
chr1	32384666	32385259	five_utr_exonic_911	+	32384774	NA	ATTAAA	27	1	1	0.0
chr1	32384666	32385259	five_utr_exonic_911	+	32385091	NA	ATTAAA AAGAAA	17 1	2	2	19.5064092031
chr1	32384666	32385259	five_utr_exonic_911	+	32385248	NA	CATAAA AATATA	18 1	1	1	0.0
chr1	32396533	32396743	five_utr_exonic_912	+	32396570	NA	NA	NA	1	1	0.0
chr11	130785834	130786404	five_utr_exonic_8674	+	130785957	NA	NA	NA	1	1	0.0
chr12	69080513	69080845	five_utr_exonic_10030	+	69080785	NA	NA	NA	1	1	0.0
chr11	5291120	5291388	five_utr_exonic_6060	+	5291160	NA	NA	NA	1	1	0.0
chr2	131865128	131865637	five_utr_exonic_22006	+	131865250	NA	AATAAA AATAAA	3 10	1	1	0.0
chr17	16284112	16284498	five_utr_exonic_15804	+	16284426	NA	NA	NA	2	2	1.58113883008
chr7	112090482	112090743	five_utr_exonic_36105	+	112090699	NA	AGTAAA	14	1	1	0.0
chr12	46766291	46766645	five_utr_exonic_9447	+	46766362	NA	AATACA CATAAA	21 30	6	2	9.45163125251
chr12	46766291	46766645	five_utr_exonic_9447	+	46766393	NA	NA	NA	2	1	0.0
chr5	65222302	65222634	five_utr_exonic_30994	+	65222459	NA	NA	NA	1	1	0.0
chr1	155294335	155294635	five_utr_exonic_2775	+	155294335	NA	NA	NA	1	1	0.0
chr5	138677275	138677669	five_utr_exonic_31719	+	138677602	NA	NA	NA	12	1	0.0
chr6	42847372	42847675	five_utr_exonic_33410	+	42847623	NA	AGTAAA	20	2	2	0.707106781187
chr14	34419958	34420287	five_utr_exonic_11868	+	34419996	NA	NA	NA	1	1	0.0
chr5	180670800	180671209	five_utr_exonic_32439	+	180670868	NA	NA	NA	2	2	1.58113883008
chr20	17949342	17949784	five_utr_exonic_23660	+	17949717	NA	NA	NA	3	1	0.0
chr11	122933457	122933938	five_utr_exonic_8471	+	122933938	NA	AATAAA TATAAA TTTAAA TATAAA TTTAAA	20 15 30 20 3	1	1	0.0
chr12	27113928	27116274	five_utr_exonic_9301	+	27114606	NA	NA	NA	1	1	0.0
chr13	53191604	53191817	five_utr_exonic_11308	+	53191817	NA	NA	NA	1	1	0.0
chr6	158733691	158735048	five_utr_exonic_34468	+	158733724	NA	NA	NA	1	1	0.0
chr12	53575460	53575767	five_utr_exonic_9687	+	53575493	NA	NA	NA	1	1	0.0
chr7	135661848	135662101	five_utr_exonic_36387	+	135662101	NA	NA	NA	1	1	0.0
chr2	171785035	171785850	five_utr_exonic_22347	+	171785229	NA	AAGAAA	3	1	1	0.0
chr2	171785035	171785850	five_utr_exonic_22347	+	171785849	NA	NA	NA	1	1	0.0
chr19	10464322	10464717	five_utr_exonic_18495	+	10464523	NA	NA	NA	1	1	0.0
chr19	10419357	10420024	five_utr_exonic_18490	+	10419762	NA	GATAAA AATGAA	10 1	1	1	0.0
chrX	53449549	53449953	five_utr_exonic_40848	+	53449640	NA	NA	NA	1	1	0.0
chr6	33256947	33257633	five_utr_exonic_33140	+	33256952	NA	NA	NA	3	1	0.0
chr21	40717884	40718454	five_utr_exonic_24764	+	40718313	NA	NA	NA	1	1	0.0
chrX	80457235	80457699	five_utr_exonic_41089	+	80457680	NA	NA	NA	1	1	0.0
chr12	57504892	57505196	five_utr_exonic_9891	+	57505005	NA	NA	NA	1	1	0.0
chr5	149829048	149829319	five_utr_exonic_31941	+	149829128	NA	NA	NA	1	1	0.0
chrX	48334548	48334784	five_utr_exonic_40685	+	48334738	NA	NA	NA	1	1	0.0
chrX	48327722	48328565	five_utr_exonic_40683	+	48327884	NA	NA	NA	2	1	0.0
chrX	48327722	48328565	five_utr_exonic_40683	+	48327981	NA	NA	NA	1	1	0.0
chr6	160146616	160147883	five_utr_exonic_34487	+	160146945	NA	NA	NA	2	2	2.0
chr9	123630537	123630900	five_utr_exonic_39635	+	123630635	NA	NA	NA	1	1	0.0
chr2	175260545	175261021	five_utr_exonic_22400	+	175260545	NA	NA	NA	2	1	0.0
chr2	175260545	175261021	five_utr_exonic_22400	+	175261021	NA	AATAAA	0	1	1	0.0
chr12	53400061	53400267	five_utr_exonic_9667	+	53400217	NA	NA	NA	2	2	2.5495097568
chr5	159826645	159827104	five_utr_exonic_32087	+	159826787	NA	NA	NA	1	1	0.0
chr21	46221663	46221934	five_utr_exonic_24933	+	46221695	NA	NA	NA	3	1	0.0
chr17	38443884	38444342	five_utr_exonic_16320	+	38444187	NA	NA	NA	1	1	0.0
chr11	65270288	65271093	five_utr_exonic_7322	+	65270294	NA	NA	NA	3	1	0.0
chr11	65270288	65271093	five_utr_exonic_7322	+	65270457	NA	NA	NA	16	3	4.33733789322
chr11	65270288	65271093	five_utr_exonic_7322	+	65270499	NA	AAGAAA AATGAA	5 9	1	1	0.0
chr11	65270288	65271093	five_utr_exonic_7322	+	65270833	NA	TTTAAA TTTAAA	18 16	1	1	0.0
chr11	65270288	65271093	five_utr_exonic_7322	+	65271093	NA	AATAAA ATTAAA AATAAA	21 4 1	14	1	0.0
chr17	34868716	34869008	five_utr_exonic_16188	+	34868932	NA	TTTAAA TTTAAA	10 24	4	1	0.0
chr12	121768505	121769149	five_utr_exonic_10583	+	121768653	NA	ATTAAA	33	1	1	0.0
chr3	57583365	57583947	five_utr_exonic_27076	+	57583845	NA	ATTAAA AGTAAA	21 5	1	1	0.0
chr3	57583365	57583947	five_utr_exonic_27076	+	57583947	NA	TTTAAA TTTAAA	26 7	1	1	0.0
chr3	57582867	57583235	five_utr_exonic_27075	+	57582944	NA	NA	NA	1	1	0.0
chr11	134122776	134123285	five_utr_exonic_8693	+	134123196	NA	NA	NA	1	1	0.0
chr2	207024064	207024703	five_utr_exonic_22796	+	207024643	NA	NA	NA	1	1	0.0
chr17	41909349	41909610	five_utr_exonic_16515	+	41909597	NA	AAGAAA AATAAA	31 13	1	1	0.0
chr4	986508	986723	five_utr_exonic_28793	+	986646	NA	TTTAAA	17	2	1	0.0
chr1	23885917	23886285	five_utr_exonic_631	+	23885951	NA	NA	NA	1	1	0.0
chr12	4382937	4383206	five_utr_exonic_8778	+	4383136	NA	NA	NA	1	1	0.0
chr1	93298024	93298945	five_utr_exonic_1885	+	93298891	NA	CATAAA	3	1	1	0.0
chr1	93298024	93298945	five_utr_exonic_1885	+	93298945	NA	ATTAAA AAGAAA	19 3	1	1	0.0
chr1	93297674	93297965	five_utr_exonic_1884	+	93297674	NA	NA	NA	1	1	0.0
chr14	35592157	35592451	five_utr_exonic_11887	+	35592187	NA	NA	NA	1	1	0.0
chr14	35591165	35591519	five_utr_exonic_11885	+	35591174	NA	NA	NA	4	3	2.12132034356
chr8	116680771	116681228	five_utr_exonic_38137	+	116681038	NA	NA	NA	1	1	0.0
chr5	34915480	34915843	five_utr_exonic_30699	+	34915839	NA	NA	NA	1	1	0.0
chr17	72199720	72200094	five_utr_exonic_17075	+	72199823	NA	NA	NA	1	1	0.0
chr7	107531414	107531695	five_utr_exonic_36065	+	107531620	NA	NA	NA	4	2	2.64575131106
chr2	27573180	27573499	five_utr_exonic_20778	+	27573235	NA	NA	NA	1	1	0.0
chr4	1341053	1341675	five_utr_exonic_28819	+	1341542	NA	NA	NA	1	1	0.0
chr14	81686862	81687294	five_utr_exonic_12366	+	81686988	NA	NA	NA	2	1	0.0
chr17	37851185	37851434	five_utr_exonic_16282	+	37851212	NA	NA	NA	1	1	0.0
chr2	177134122	177134357	five_utr_exonic_22441	+	177134202	NA	NA	NA	1	1	0.0
chr8	99057595	99057818	five_utr_exonic_37949	+	99057595	NA	NA	NA	1	1	0.0
chr8	99057595	99057818	five_utr_exonic_37949	+	99057646	NA	NA	NA	1	1	0.0
chr8	144679024	144679914	five_utr_exonic_38445	+	144679586	NA	NA	NA	13	1	0.0
chr20	16710605	16710809	five_utr_exonic_23639	+	16710680	NA	NA	NA	1	1	0.0
chr22	39095992	39096672	five_utr_exonic_25676	+	39096067	NA	NA	NA	1	1	0.0
chr5	86708611	86708836	five_utr_exonic_31231	+	86708651	NA	NA	NA	1	1	0.0
chr17	41277198	41277500	five_utr_exonic_16490	+	41277357	NA	NA	NA	1	1	0.0
chr4	83821486	83821722	five_utr_exonic_29589	+	83821675	NA	AATAAA	22	1	1	0.0
chr20	35401796	35402230	five_utr_exonic_23955	+	35402136	NA	NA	NA	1	1	0.0
chr1	115292441	115292828	five_utr_exonic_2189	+	115292468	NA	NA	NA	2	2	0.707106781187
chr1	115292441	115292828	five_utr_exonic_2189	+	115292534	NA	NA	NA	1	1	0.0
chr1	115292441	115292828	five_utr_exonic_2189	+	115292828	NA	NA	NA	2	1	0.0
chr1	151028206	151028469	five_utr_exonic_2458	+	151028237	NA	NA	NA	1	1	0.0
chr3	160939049	160939801	five_utr_exonic_28234	+	160939127	NA	NA	NA	1	1	0.0
chr16	70432433	70434541	five_utr_exonic_15068	+	70432960	NA	NA	NA	1	1	0.0
chr11	96120693	96121068	five_utr_exonic_8032	+	96120764	NA	NA	NA	1	1	0.0
chr7	7222177	7222451	five_utr_exonic_34796	+	7222385	NA	NA	NA	1	1	0.0
chr15	32907690	32908412	five_utr_exonic_12809	+	32908036	NA	NA	NA	1	1	0.0
chr12	109915067	109915914	five_utr_exonic_10378	+	109915845	NA	NA	NA	2	2	0.707106781187
chr14	24407939	24408733	five_utr_exonic_11770	+	24407944	NA	NA	NA	5	2	1.3416407865
chr1	169337207	169337600	five_utr_exonic_3143	+	169337494	NA	NA	NA	1	1	0.0
chr17	76105763	76106416	five_utr_exonic_17299	+	76106089	NA	NA	NA	1	1	0.0
chr8	86130935	86131592	five_utr_exonic_37775	+	86131469	NA	NA	NA	1	1	0.0
chr19	16244837	16245045	five_utr_exonic_18775	+	16245041	NA	NA	NA	2	1	0.0
chr11	62495540	62495835	five_utr_exonic_7138	+	62495579	NA	NA	NA	1	1	0.0
chr4	175204560	175205415	five_utr_exonic_30359	+	175204971	NA	NA	NA	1	1	0.0
chr4	175204560	175205415	five_utr_exonic_30359	+	175205139	NA	AATACA	25	1	1	0.0
chr15	34394273	34394732	five_utr_exonic_12823	+	34394352	NA	NA	NA	1	1	0.0
chr2	149215771	149216327	five_utr_exonic_22105	+	149216212	NA	NA	NA	1	1	0.0
chr1	47183759	47184824	five_utr_exonic_1399	+	47183817	NA	NA	NA	1	1	0.0
chr9	134151566	134151934	five_utr_exonic_39976	+	134151789	NA	NA	NA	2	1	0.0
chr11	102962601	102962944	five_utr_exonic_8075	+	102962924	NA	NA	NA	1	1	0.0
chr7	99950995	99951635	five_utr_exonic_35871	+	99951084	NA	NA	NA	1	1	0.0
chrX	149106410	149107029	five_utr_exonic_41768	+	149106478	NA	NA	NA	1	1	0.0
chrX	149106410	149107029	five_utr_exonic_41768	+	149106681	NA	NA	NA	3	1	0.0
chr1	87380330	87380719	five_utr_exonic_1809	+	87380541	NA	NA	NA	1	1	0.0
chr19	49371339	49371884	five_utr_exonic_19783	+	49371523	NA	NA	NA	1	1	0.0
chr4	88312222	88312538	five_utr_exonic_29657	+	88312321	NA	NA	NA	6	3	8.13428956127
chr11	66028383	66029212	five_utr_exonic_7405	+	66028600	NA	NA	NA	1	1	0.0
chr1	39670366	39670694	five_utr_exonic_1124	+	39670494	NA	NA	NA	1	1	0.0
chr1	156307975	156308256	five_utr_exonic_2833	+	156308009	NA	NA	NA	5	2	0.894427191
chr8	142431487	142432340	five_utr_exonic_38365	+	142432050	NA	NA	NA	1	1	0.0
chr8	142431487	142432340	five_utr_exonic_38365	+	142432118	NA	AAGAAA	19	2	2	7.0
chr8	142431487	142432340	five_utr_exonic_38365	+	142432314	NA	NA	NA	1	1	0.0
chr10	38146112	38146538	five_utr_exonic_4579	+	38146131	NA	NA	NA	1	1	0.0
chr11	33913341	33913836	five_utr_exonic_6591	+	33913412	NA	NA	NA	1	1	0.0
chr11	82996254	82996595	five_utr_exonic_7879	+	82996302	NA	NA	NA	1	1	0.0
chr11	65769380	65770041	five_utr_exonic_7385	+	65769423	NA	NA	NA	1	1	0.0
chr17	21117465	21117908	five_utr_exonic_15943	+	21117470	NA	NA	NA	1	1	0.0
chr5	131892615	131893016	five_utr_exonic_31547	+	131892943	NA	NA	NA	1	1	0.0
chr1	111991791	111992163	five_utr_exonic_2107	+	111992083	NA	NA	NA	1	1	0.0
chr21	33104005	33104431	five_utr_exonic_24619	+	33104080	NA	NA	NA	1	1	0.0
chr11	13741449	13743276	five_utr_exonic_6330	+	13743064	NA	ATTAAA	14	1	1	0.0
chr2	203130438	203130664	five_utr_exonic_22755	+	203130664	NA	NA	NA	1	1	0.0
chr7	99698917	99699337	five_utr_exonic_35839	+	99698962	NA	NA	NA	1	1	0.0
chr12	123261104	123262037	five_utr_exonic_10663	+	123261419	NA	NA	NA	1	1	0.0
chr2	102508954	102509222	five_utr_exonic_21696	+	102509222	NA	TTTAAA AGTAAA TTTAAA	21 1 12	1	1	0.0
chr8	38088860	38089377	five_utr_exonic_37299	+	38089312	NA	NA	NA	1	1	0.0
chr8	38033838	38034387	five_utr_exonic_37297	+	38033847	NA	NA	NA	3	2	12.7279220614
chr1	21100103	21101498	five_utr_exonic_547	+	21100132	NA	TTTAAA	1	1	1	0.0
chr1	21100103	21101498	five_utr_exonic_547	+	21100634	NA	TTTAAA GATAAA TTTAAA	31 26 3	1	1	0.0
chr1	21100103	21101498	five_utr_exonic_547	+	21101316	NA	NA	NA	1	1	0.0
chr1	21100103	21101498	five_utr_exonic_547	+	21101427	NA	NA	NA	4	4	2.95803989155
chr17	26369181	26369899	five_utr_exonic_15965	+	26369357	NA	NA	NA	1	1	0.0
chr17	26369181	26369899	five_utr_exonic_15965	+	26369691	NA	AAGAAA	5	5	3	0.894427191
chr17	26369181	26369899	five_utr_exonic_15965	+	26369741	NA	NA	NA	1	1	0.0
chr11	61125204	61128736	five_utr_exonic_7039	+	61127986	NA	CATAAA	7	4	1	0.0
chr3	152017193	152017982	five_utr_exonic_28126	+	152017606	NA	NA	NA	1	1	0.0
chr3	152017193	152017982	five_utr_exonic_28126	+	152017699	NA	NA	NA	1	1	0.0
chr3	152017193	152017982	five_utr_exonic_28126	+	152017909	NA	NA	NA	2	1	0.0
chrX	134475692	134478012	five_utr_exonic_41625	+	134475941	NA	AATACA AGTAAA	29 30	1	1	0.0
chr11	118271868	118272289	five_utr_exonic_8324	+	118272097	NA	NA	NA	1	1	0.0
chr11	12900989	12901212	five_utr_exonic_6310	+	12901205	NA	NA	NA	1	1	0.0
chr6	71123010	71123405	five_utr_exonic_33677	+	71123275	NA	NA	NA	1	1	0.0
chr9	113018715	113018920	five_utr_exonic_39506	+	113018715	NA	NA	NA	1	1	0.0
chr9	113018715	113018920	five_utr_exonic_39506	+	113018766	NA	NA	NA	1	1	0.0
chr10	3171198	3172010	five_utr_exonic_4205	+	3171424	NA	NA	NA	1	1	0.0
chr5	72860956	72861567	five_utr_exonic_31085	+	72861337	NA	AAGAAA	7	1	1	0.0
chr5	72794232	72794492	five_utr_exonic_31083	+	72794318	NA	NA	NA	2	1	0.0
chr12	122234448	122234785	five_utr_exonic_10604	+	122234785	NA	NA	NA	1	1	0.0
chrX	102940098	102941149	five_utr_exonic_41292	+	102940125	NA	NA	NA	1	1	0.0
chr2	242208243	242208710	five_utr_exonic_23360	+	242208243	NA	NA	NA	1	1	0.0
chr17	40703983	40704951	five_utr_exonic_16450	+	40704455	NA	NA	NA	3	2	1.15470053838
chr6	24775158	24775472	five_utr_exonic_32699	+	24775184	NA	NA	NA	1	1	0.0
chr6	24720129	24721064	five_utr_exonic_32698	+	24720734	NA	NA	NA	1	1	0.0
chr6	24720129	24721064	five_utr_exonic_32698	+	24720882	NA	AATAAA	4	1	1	0.0
chr6	24718896	24720087	five_utr_exonic_32697	+	24719061	NA	NA	NA	2	1	0.0
chr6	24718896	24720087	five_utr_exonic_32697	+	24719349	NA	NA	NA	2	2	4.52769256907
chr6	24687632	24687909	five_utr_exonic_32696	+	24687720	NA	NA	NA	1	1	0.0
chr20	62695439	62695705	five_utr_exonic_24475	+	62695455	NA	NA	NA	1	1	0.0
chr11	47198404	47198676	five_utr_exonic_6767	+	47198413	NA	NA	NA	2	2	2.5495097568
chr6	32939371	32940675	five_utr_exonic_33123	+	32940427	NA	NA	NA	1	1	0.0
chrX	119005576	119005874	five_utr_exonic_41469	+	119005854	NA	NA	NA	2	2	0.707106781187
chr17	5015117	5015646	five_utr_exonic_15535	+	5015412	NA	NA	NA	1	1	0.0
chr6	43543886	43544177	five_utr_exonic_33469	+	43544107	NA	NA	NA	1	1	0.0
chr11	33182871	33183077	five_utr_exonic_6572	+	33183023	NA	NA	NA	1	1	0.0
chr12	112563348	112563953	five_utr_exonic_10449	+	112563357	NA	NA	NA	2	1	0.0
chr18	47017941	47018203	five_utr_exonic_17829	+	47018201	NA	NA	NA	2	2	2.0
chr10	70166707	70166942	five_utr_exonic_4868	+	70166942	NA	NA	NA	1	1	0.0
chr8	124268186	124268411	five_utr_exonic_38204	+	124268322	NA	NA	NA	1	1	0.0
chr8	124268186	124268411	five_utr_exonic_38204	+	124268405	NA	NA	NA	1	1	0.0
chr22	19839784	19840009	five_utr_exonic_25073	+	19839798	NA	NA	NA	1	1	0.0
chr11	118958212	118958788	five_utr_exonic_8369	+	118958721	NA	NA	NA	314	3	0.169299794395
chr11	118888994	118889505	five_utr_exonic_8362	+	118889492	NA	NA	NA	1	1	0.0
chr16	24550907	24551947	five_utr_exonic_14428	+	24550921	NA	NA	NA	1	1	0.0
chr11	71190339	71191320	five_utr_exonic_7593	+	71190680	NA	AATGAA	1	1	1	0.0
chr11	71190339	71191320	five_utr_exonic_7593	+	71191240	NA	NA	NA	1	1	0.0
chr8	41906495	41906820	five_utr_exonic_37374	+	41906495	NA	NA	NA	2	1	0.0
chr10	101945383	101948054	five_utr_exonic_5335	+	101946232	NA	NA	NA	1	1	0.0
chr4	141445311	141445815	five_utr_exonic_30064	+	141445369	NA	NA	NA	1	1	0.0
chr17	56084498	56084707	five_utr_exonic_16861	+	56084567	NA	NA	NA	1	1	0.0
chr5	102465009	102465293	five_utr_exonic_31331	+	102465278	NA	TATAAA AATATA ATTAAA	14 12 25	1	1	0.0
chr2	74699923	74700449	five_utr_exonic_21368	+	74700074	NA	AATAAA CATAAA	18 14	1	1	0.0
chr2	61404756	61406115	five_utr_exonic_21140	+	61405704	NA	NA	NA	1	1	0.0
chr19	58201167	58202072	five_utr_exonic_20360	+	58202021	NA	AATAAA AATATA	10 33	2	2	6.5192024052
chr18	2567215	2567653	five_utr_exonic_17519	+	2567281	NA	AATGAA	13	2	2	3.0
chr2	241499470	241500101	five_utr_exonic_23327	+	241499490	NA	NA	NA	1	1	0.0
chr8	609962	611619	five_utr_exonic_36768	+	610667	NA	AAGAAA	20	1	1	0.0
chr2	233414592	233415434	five_utr_exonic_23187	+	233414798	NA	NA	NA	1	1	0.0
chr16	3350614	3352009	five_utr_exonic_14090	+	3350632	NA	NA	NA	1	1	0.0
chr16	3350614	3352009	five_utr_exonic_14090	+	3351105	NA	NA	NA	1	1	0.0
chr19	3121507	3122176	five_utr_exonic_18182	+	3121894	NA	AAGAAA	32	1	1	0.0
chr6	30584254	30584775	five_utr_exonic_32907	+	30584339	NA	AATAAA	24	1	1	0.0
chr5	74062762	74063185	five_utr_exonic_31100	+	74062896	NA	NA	NA	1	1	0.0
chr13	27825445	27825987	five_utr_exonic_10985	+	27825650	NA	NA	NA	1	1	0.0
chr7	142552791	142553147	five_utr_exonic_36487	+	142553079	NA	NA	NA	1	1	0.0
chr1	12677353	12677737	five_utr_exonic_337	+	12677353	NA	NA	NA	1	1	0.0
chr1	12677353	12677737	five_utr_exonic_337	+	12677520	NA	NA	NA	1	1	0.0
chr1	12677353	12677737	five_utr_exonic_337	+	12677727	NA	AAGAAA	34	3	2	7.07106781187
chr11	71791365	71791931	five_utr_exonic_7621	+	71791849	NA	NA	NA	1	1	0.0
chr20	43560202	43560982	five_utr_exonic_24085	+	43560202	NA	NA	NA	1	1	0.0
chr5	148930527	148931007	five_utr_exonic_31915	+	148930551	NA	NA	NA	1	1	0.0
chr11	57439492	57440562	five_utr_exonic_6897	+	57440172	NA	NA	NA	1	1	0.0
chr6	30689350	30690036	five_utr_exonic_32923	+	30689762	NA	NA	NA	1	1	0.0
chr6	30687977	30688283	five_utr_exonic_32922	+	30688151	NA	NA	NA	18	7	2.094967515
chr6	20402136	20402463	five_utr_exonic_32672	+	20402253	NA	NA	NA	1	1	0.0
chr18	32885939	32886588	five_utr_exonic_17748	+	32886118	NA	ATTAAA GATAAA AATGAA TTTAAA TTTAAA	5 0 9 30 4	1	1	0.0
chr18	32885939	32886588	five_utr_exonic_17748	+	32886298	NA	ATTAAA AATACA	6 31	2	2	15.5080624193
chr5	38845959	38846489	five_utr_exonic_30760	+	38846162	NA	NA	NA	1	1	0.0
chr6	10887063	10887359	five_utr_exonic_32585	+	10887300	NA	NA	NA	4	2	0.5
chr7	100286168	100287071	five_utr_exonic_35913	+	100286329	NA	NA	NA	1	1	0.0
chr5	64920542	64920887	five_utr_exonic_30986	+	64920630	NA	AAGAAA	3	1	1	0.0
chr9	130331153	130331367	five_utr_exonic_39806	+	130331169	NA	NA	NA	3	2	0.816496580928
chr11	10830251	10830657	five_utr_exonic_6280	+	10830277	NA	NA	NA	1	1	0.0
chr11	10830251	10830657	five_utr_exonic_6280	+	10830340	NA	NA	NA	1	1	0.0
chr17	46629836	46631284	five_utr_exonic_16687	+	46630832	NA	NA	NA	1	1	0.0
chr1	203767973	203772144	five_utr_exonic_3551	+	203770724	NA	AATGAA	26	1	1	0.0
chr1	203767973	203772144	five_utr_exonic_3551	+	203770960	NA	NA	NA	2	1	0.0
chr1	203767973	203772144	five_utr_exonic_3551	+	203771764	NA	NA	NA	2	1	0.0
chr1	203767973	203772144	five_utr_exonic_3551	+	203771803	NA	AATATA	30	1	1	0.0
chr1	203767973	203772144	five_utr_exonic_3551	+	203771864	NA	AATGAA TTTAAA TTTAAA	9 5 29	6	3	2.70801280155
chr18	55288949	55289177	five_utr_exonic_17889	+	55289013	NA	NA	NA	1	1	0.0
chr12	123464590	123464934	five_utr_exonic_10682	+	123464592	NA	NA	NA	4	1	0.0
chr22	36924789	36925483	five_utr_exonic_25545	+	36925207	NA	NA	NA	1	1	0.0
chr2	162164548	162165297	five_utr_exonic_22226	+	162165052	NA	NA	NA	2	2	0.707106781187
chr2	162164548	162165297	five_utr_exonic_22226	+	162165119	NA	NA	NA	1	1	0.0
chr1	231664286	231664556	five_utr_exonic_3968	+	231664336	NA	NA	NA	1	1	0.0
chr22	20105304	20105836	five_utr_exonic_25097	+	20105598	NA	AATGAA	11	1	1	0.0
chr5	130694901	130695186	five_utr_exonic_31512	+	130695186	NA	AGTAAA AATGAA	12 26	2	1	0.0
chr18	34408730	34409101	five_utr_exonic_17768	+	34408796	NA	NA	NA	1	1	0.0
chr10	43891903	43892279	five_utr_exonic_4610	+	43892007	NA	NA	NA	1	1	0.0
chr17	42264573	42265076	five_utr_exonic_16544	+	42265000	NA	NA	NA	1	1	0.0
