chrm	beg	end	utr_ID	strand	polyA_coordinate	annotated_polyA_distance	nearby_PAS	PAS_distance	number_supporting_reads	number_unique_supporting_reads	unique_reads_spread
chr18	1359630	2537523	intergenic_271745	+	1368527	NA	NA	NA	1	1	0.0
chr18	1359630	2537523	intergenic_271745	+	1779850	NA	GATAAA	10	1	1	0.0
chr17	42239844	42248073	intergenic_263192	+	42239845	NA	NA	NA	1	1	0.0
chr19	36054560	36066626	intergenic_297319	+	36066520	NA	NA	NA	108	8	2.48514102737
chr19	36054560	36066626	intergenic_297319	+	36066566	NA	NA	NA	4	4	10.416333328
chr19	36054560	36066626	intergenic_297319	+	36066604	NA	NA	NA	7	4	3.74165738677
chrX	100245818	100258820	intergenic_135195	+	100258159	NA	AAGAAA	19	1	1	0.0
chr11	2418627	2421717	intergenic_178486	+	2418644	NA	NA	NA	1	1	0.0
chr15	52204335	52230221	intergenic_232123	+	52206159	NA	NA	NA	1	1	0.0
chr5	177553088	177557996	intergenic_96924	+	177556395	NA	NA	NA	1	1	0.0
chr17	6917850	6918072	intergenic_254825	+	6917851	NA	NA	NA	2	1	0.0
chrX	47299173	47305277	intergenic_131227	+	47304290	NA	AAGAAA	6	1	1	0.0
chr1	45452282	45453905	intergenic_8927	+	45452775	NA	NA	NA	1	1	0.0
chr17	80015346	80015747	intergenic_271182	+	80015347	NA	NA	NA	1	1	0.0
chr13	53262433	53277398	intergenic_213347	+	53269685	NA	AATAAA	19	1	1	0.0
chr19	48246390	48248792	intergenic_301992	+	48246391	NA	NA	NA	1	1	0.0
chr5	179157926	179159850	intergenic_97146	+	179157927	NA	NA	NA	1	1	0.0
chr1	228566575	228581376	intergenic_28253	+	228581374	NA	NA	NA	1	1	0.0
chr6	27778314	27782111	intergenic_99494	+	27779175	NA	AATACA	17	1	1	0.0
chr9	137332431	137397317	intergenic_162767	+	137332432	NA	NA	NA	1	1	0.0
chr1	39424597	39456894	intergenic_7681	+	39455352	NA	AATACA	4	1	1	0.0
chr19	50363990	50364461	intergenic_303206	+	50363993	NA	NA	NA	3	2	3.31662479036
chr6	30438028	30453716	intergenic_99932	+	30453716	NA	NA	NA	1	1	0.0
chr9	7175648	7477044	intergenic_151503	+	7258041	NA	NA	NA	1	1	0.0
chr12	96821264	96883384	intergenic_203701	+	96869327	NA	AATACA ACTAAA	34 25	1	1	0.0
chr1	110933704	110943870	intergenic_14997	+	110936680	NA	AAGAAA	16	1	1	0.0
chr1	110933704	110943870	intergenic_14997	+	110936746	NA	AATAAA ATTAAA	18 19	2	1	0.0
chr1	218094146	218205176	intergenic_27282	+	218129777	NA	AAGAAA ACTAAA	8 28	1	1	0.0
chr1	161496681	161506391	intergenic_20745	+	161501025	NA	NA	NA	1	1	0.0
chr5	140105831	140111874	intergenic_93680	+	140105862	NA	NA	NA	13	1	0.0
chr3	16738986	16844158	intergenic_55283	+	16820167	NA	NA	NA	1	1	0.0
chr1	201915716	201924618	intergenic_25071	+	201924219	NA	NA	NA	1	1	0.0
chr3	12715382	12775023	intergenic_54626	+	12771690	NA	NA	NA	1	1	0.0
chr12	12849141	12867991	intergenic_193966	+	12858066	NA	AATAAA AATAGA	5 9	1	1	0.0
chrX	64961791	64992641	intergenic_133266	+	64961791	NA	NA	NA	1	1	0.0
chr16	70407284	70413337	intergenic_249944	+	70410726	NA	NA	NA	1	1	0.0
chr13	109860355	109934320	intergenic_215481	+	109868508	NA	NA	NA	1	1	0.0
chr19	36066721	36088808	intergenic_297320	+	36066726	NA	NA	NA	4	2	9.09670269933
chr19	36066721	36088808	intergenic_297320	+	36066755	NA	TTTAAA	12	1	1	0.0
chr12	96437298	96588206	intergenic_203662	+	96469006	NA	NA	NA	1	1	0.0
chr17	64801114	64831234	intergenic_267355	+	64804269	NA	NA	NA	1	1	0.0
chr17	64801114	64831234	intergenic_267355	+	64806862	NA	AATAAA	19	1	1	0.0
chr12	50514234	50523581	intergenic_197733	+	50514235	NA	NA	NA	2	1	0.0
chr4	190630868	190701489	intergenic_84125	+	190668068	NA	NA	NA	1	1	0.0
chr2	206951288	206980270	intergenic_49678	+	206979542	NA	NA	NA	1	1	0.0
chr1	32410457	32479429	intergenic_6496	+	32413124	NA	AATACA	5	1	1	0.0
chr2	47614740	47630107	intergenic_35312	+	47619445	NA	NA	NA	1	1	0.0
chr6	13711953	13791019	intergenic_98373	+	13781046	NA	NA	NA	1	1	0.0
chr5	139063467	139064229	intergenic_93534	+	139063470	NA	NA	NA	1	1	0.0
chr1	26797785	26798940	intergenic_5452	+	26797794	NA	NA	NA	1	1	0.0
chrX	54587504	54698417	intergenic_132904	+	54589431	NA	NA	NA	1	1	0.0
chrX	54587504	54698417	intergenic_132904	+	54591717	NA	TATAAA AGTAAA	22 11	1	1	0.0
chrX	54587504	54698417	intergenic_132904	+	54603420	NA	AATGAA	20	1	1	0.0
chr19	49116694	49118590	intergenic_302340	+	49118589	NA	NA	NA	2	1	0.0
chr9	131425857	131445702	intergenic_161357	+	131440366	NA	AAGAAA AAGAAA	13 23	2	1	0.0
chr8	6617184	6666037	intergenic_140371	+	6617185	NA	NA	NA	1	1	0.0
chr19	1039060	1040101	intergenic_288296	+	1039061	NA	NA	NA	2	1	0.0
chr6	27293742	27325603	intergenic_99447	+	27300738	NA	NA	NA	1	1	0.0
chr3	9936033	9944295	intergenic_54223	+	9940525	NA	NA	NA	1	1	0.0
chrM	1	576	intergenic_315576	+	110	NA	NA	NA	2	2	5.0
chrM	1	576	intergenic_315576	+	159	NA	AATAGA	4	3	2	5.22812904712
chrM	1	576	intergenic_315576	+	220	NA	ACTAAA	16	11	7	7.14142842854
chrM	1	576	intergenic_315576	+	260	NA	NA	NA	2	2	0.707106781187
chrM	1	576	intergenic_315576	+	80	NA	NA	NA	1	1	0.0
chr21	24863043	25261113	intergenic_312812	+	25186506	NA	NA	NA	1	1	0.0
chr17	66111659	66244144	intergenic_267524	+	66123421	NA	CATAAA	17	1	1	0.0
chr9	138013025	138096567	intergenic_162946	+	138041501	NA	AATAAA AAGAAA	16 12	1	1	0.0
chr1	27190947	27202623	intergenic_5550	+	27190948	NA	NA	NA	1	1	0.0
chr19	36641254	36641823	intergenic_297864	+	36641255	NA	NA	NA	1	1	0.0
chr1	38275126	38279850	intergenic_7561	+	38278950	NA	NA	NA	1	1	0.0
chr15	63450220	63481667	intergenic_233379	+	63450222	NA	NA	NA	1	1	0.0
chr12	87564205	88338662	intergenic_202894	+	88017328	NA	NA	NA	1	1	0.0
chr19	3557571	3572774	intergenic_289413	+	3569218	NA	AATAAA	12	1	1	0.0
chr17	56167618	56232493	intergenic_265411	+	56168584	NA	ATTAAA	20	1	1	0.0
chr10	17171830	17184252	intergenic_165778	+	17182457	NA	AATAGA	34	1	1	0.0
chr21	37789125	37802657	intergenic_313803	+	37791313	NA	AATAAA TATAAA	18 1	1	1	0.0
chr19	55678642	55684463	intergenic_304842	+	55682565	NA	NA	NA	1	1	0.0
chr19	13213681	13215715	intergenic_293790	+	13215714	NA	AATACA	20	1	1	0.0
chr8	98740998	98784540	intergenic_146779	+	98742485	NA	AATAAA AATGAA TTTAAA TTTAAA	15 20 4 30	1	1	0.0
chr8	136754738	137059263	intergenic_149322	+	136786017	NA	NA	NA	1	1	0.0
chr6	27179663	27215479	intergenic_99435	+	27198268	NA	NA	NA	9	1	0.0
chrX	40483112	40488284	intergenic_130637	+	40487117	NA	TATAAA AATACA	11 15	1	1	0.0
chr19	49527632	49535129	intergenic_302607	+	49534941	NA	GATAAA	21	2	2	1.0
chr4	184340958	184365743	intergenic_83561	+	184361682	NA	AATACA	5	1	1	0.0
chr12	93896432	93903262	intergenic_203302	+	93897790	NA	TTTAAA AATAAA AATAAA AAGAAA TTTAAA	12 16 33 12 22	1	1	0.0
chr12	93896432	93903262	intergenic_203302	+	93902909	NA	NA	NA	1	1	0.0
chr6	26104518	26107639	intergenic_99284	+	26104518	NA	NA	NA	1	1	0.0
chr6	26046097	26055967	intergenic_99280	+	26055935	NA	AAGAAA	22	1	1	0.0
chr6	55740362	55804587	intergenic_104642	+	55740362	NA	NA	NA	1	1	0.0
chr5	71146942	71403060	intergenic_88951	+	71146943	NA	NA	NA	2	2	1.0
chr3	184402546	184428155	intergenic_69233	+	184427071	NA	AAGAAA	28	1	1	0.0
chr5	5320417	5375835	intergenic_84728	+	5320937	NA	AATAAA AAGAAA AAGAAA	0 16 27	1	1	0.0
chr16	48765712	49312434	intergenic_246610	+	48828627	NA	AATAAA	28	1	1	0.0
chr20	43379675	43380448	intergenic_282202	+	43380229	NA	NA	NA	1	1	0.0
chr9	139755249	139756570	intergenic_163539	+	139756569	NA	NA	NA	3	1	0.0
chr15	93262970	93443418	intergenic_238168	+	93323717	NA	AATAAA AAGAAA ACTAAA	10 14 4	1	1	0.0
chr8	144682485	144686082	intergenic_149988	+	144685388	NA	AATAAA GATAAA	14 27	1	1	0.0
chr17	27045447	27046410	intergenic_259050	+	27046410	NA	GATAAA	12	1	1	0.0
chr5	28927391	29001866	intergenic_85920	+	28945809	NA	NA	NA	1	1	0.0
chr3	128533639	128562406	intergenic_64941	+	128533640	NA	NA	NA	1	1	0.0
chr12	49667116	49687484	intergenic_197349	+	49667287	NA	NA	NA	1	1	0.0
chr17	37360980	37366788	intergenic_261126	+	37360982	NA	NA	NA	1	1	0.0
chr1	145590461	145592604	intergenic_16707	+	145592361	NA	AATAAA	9	1	1	0.0
chr10	14816896	14861248	intergenic_165513	+	14860786	NA	TTTAAA TTTAAA	27 7	1	1	0.0
chr20	54979518	54987167	intergenic_283537	+	54981415	NA	AATAAA TATAAA	22 5	1	1	0.0
chr9	4885917	4944672	intergenic_151203	+	4944627	NA	NA	NA	1	1	0.0
chr3	33185153	33191536	intergenic_56006	+	33186523	NA	AATAAA	20	1	1	0.0
chr9	132573560	132575221	intergenic_161665	+	132573561	NA	NA	NA	1	1	0.0
chr12	53693230	53693469	intergenic_198895	+	53693231	NA	NA	NA	1	1	0.0
chr17	1680859	1682828	intergenic_253133	+	1682423	NA	NA	NA	1	1	0.0
chr1	40888998	40915773	intergenic_8049	+	40888999	NA	NA	NA	1	1	0.0
chr14	50053094	50058953	intergenic_219152	+	50053297	NA	NA	NA	1	1	0.0
chr14	50053094	50058953	intergenic_219152	+	50053576	NA	NA	NA	1	1	0.0
chr5	134551255	134571923	intergenic_93028	+	134569443	NA	NA	NA	1	1	0.0
chr9	36677678	36833271	intergenic_153662	+	36677679	NA	NA	NA	1	1	0.0
chr13	111415480	111521577	intergenic_215612	+	111471057	NA	ATTAAA GATAAA	14 4	1	1	0.0
chr10	5500426	5540657	intergenic_164774	+	5526704	NA	NA	NA	1	1	0.0
chr16	46732306	46741426	intergenic_246295	+	46737293	NA	AATAAA AAGAAA GATAAA	15 33 1	1	1	0.0
chr19	1440492	1450147	intergenic_288596	+	1440497	NA	NA	NA	1	1	0.0
chr4	149624984	149862092	intergenic_81484	+	149628394	NA	AGTAAA	28	2	1	0.0
chr5	179780387	179868558	intergenic_97261	+	179788153	NA	NA	NA	1	1	0.0
chr2	133020615	133038646	intergenic_43513	+	133037546	NA	NA	NA	2	2	14.5086181285
chr2	133020615	133038646	intergenic_43513	+	133038641	NA	NA	NA	6	5	4.88193950529
chr2	133038738	133043367	intergenic_43514	+	133038940	NA	NA	NA	2	2	4.52769256907
chr2	133038738	133043367	intergenic_43514	+	133039167	NA	NA	NA	2	2	1.0
chr15	21937408	21941146	intergenic_226770	+	21937467	NA	NA	NA	1	1	0.0
chr9	139760738	139776363	intergenic_163546	+	139763984	NA	AAGAAA AAGAAA AAGAAA	16 27 33	1	1	0.0
chrX	49373139	49397102	intergenic_131962	+	49373141	NA	NA	NA	1	1	0.0
chr14	77797939	77808113	intergenic_222981	+	77801373	NA	ATTAAA AATATA AATGAA	10 15 27	1	1	0.0
chr7	138992981	139000036	intergenic_125709	+	138992982	NA	NA	NA	1	1	0.0
chr16	8878432	8889036	intergenic_241446	+	8888765	NA	AATACA	5	1	1	0.0
chr1	108048070	108113460	intergenic_14394	+	108113100	NA	NA	NA	1	1	0.0
chr1	108048070	108113460	intergenic_14394	+	108113460	NA	NA	NA	1	1	0.0
chr17	55868752	55916841	intergenic_265354	+	55868753	NA	NA	NA	1	1	0.0
chr17	79992077	79993756	intergenic_271147	+	79992122	NA	NA	NA	1	1	0.0
chr2	86118990	86253450	intergenic_38313	+	86247940	NA	NA	NA	1	1	0.0
chr6	28938237	28953979	intergenic_99658	+	28951035	NA	NA	NA	1	1	0.0
chr7	75933612	75956115	intergenic_119823	+	75933614	NA	NA	NA	1	1	0.0
chr7	75933612	75956115	intergenic_119823	+	75956112	NA	AGTAAA AATGAA	6 20	1	1	0.0
chr1	54199877	54231132	intergenic_10043	+	54219498	NA	NA	NA	1	1	0.0
chr20	3849280	3868885	intergenic_277839	+	3854027	NA	AATACA ACTAAA	34 28	1	1	0.0
chr1	149224221	149230715	intergenic_17487	+	149230520	NA	GATAAA	25	1	1	0.0
chr13	64650144	65532228	intergenic_213573	+	64650436	NA	NA	NA	1	1	0.0
chrM	16023	16571	intergenic_315588	+	16027	NA	NA	NA	1	1	0.0
chrM	16023	16571	intergenic_315588	+	16361	NA	NA	NA	2	2	10.0
chrY	13340633	13496240	intergenic_285843	+	13354859	NA	NA	NA	1	1	0.0
chr9	19374275	19375712	intergenic_152116	+	19375062	NA	NA	NA	1	1	0.0
chr1	242079846	242121038	intergenic_29689	+	242113153	NA	AATAAA ATTAAA	22 15	1	1	0.0
chr7	149577787	149588279	intergenic_127129	+	149579672	NA	NA	NA	1	1	0.0
chr3	52023218	52027643	intergenic_59305	+	52027616	NA	NA	NA	1	1	0.0
chr7	14031050	14050293	intergenic_114917	+	14049721	NA	NA	NA	1	1	0.0
chr18	25757410	26628583	intergenic_273899	+	26232004	NA	AATATA	26	1	1	0.0
chr11	71992222	72003468	intergenic_186628	+	71998373	NA	ATTAAA ATTAAA AATAAA ATTAAA	3 16 4 22	1	1	0.0
chr15	101792137	101811021	intergenic_238649	+	101806949	NA	NA	NA	1	1	0.0
chr12	49076035	49086751	intergenic_197011	+	49082375	NA	TTTAAA	17	1	1	0.0
chr14	30766245	31028363	intergenic_218015	+	30887890	NA	NA	NA	1	1	0.0
chr4	41926397	41937136	intergenic_73880	+	41935345	NA	NA	NA	1	1	0.0
chr19	58906170	58915622	intergenic_305786	+	58906171	NA	NA	NA	7	1	0.0
chr11	67258574	67259238	intergenic_185913	+	67258575	NA	NA	NA	1	1	0.0
chr4	132034405	132194396	intergenic_80581	+	132134991	NA	NA	NA	1	1	0.0
chr9	32450834	32455299	intergenic_152624	+	32453480	NA	NA	NA	1	1	0.0
chr10	1210612	1228072	intergenic_164441	+	1211109	NA	AAGAAA	28	1	1	0.0
chr15	89456685	89631404	intergenic_237522	+	89604986	NA	AATACA	6	1	1	0.0
chr8	142441620	142443928	intergenic_149671	+	142441621	NA	NA	NA	1	1	0.0
chr16	70285833	70286296	intergenic_249865	+	70286198	NA	NA	NA	1	1	0.0
chr1	194688366	195727481	intergenic_24227	+	194806977	NA	AATAAA	16	1	1	0.0
chr14	75304012	75320850	intergenic_222502	+	75314101	NA	AATAAA	7	1	1	0.0
chr19	46734500	46800302	intergenic_301624	+	46772926	NA	AATAAA AATACA	20 25	1	1	0.0
chr19	56186081	56186560	intergenic_305164	+	56186082	NA	NA	NA	1	1	0.0
chrX	16786028	16804549	intergenic_129367	+	16789730	NA	NA	NA	1	1	0.0
chr22	21245502	21271713	intergenic_307144	+	21271539	NA	NA	NA	1	1	0.0
chr19	36128586	36132646	intergenic_297369	+	36128587	NA	NA	NA	2	1	0.0
chr2	96213315	96217193	intergenic_39369	+	96217193	NA	AAGAAA	1	1	1	0.0
chr3	170111651	170128299	intergenic_68231	+	170114621	NA	AATAAA ACTAAA ATTAAA	16 12 8	1	1	0.0
chrX	67759391	67819925	intergenic_133406	+	67766998	NA	ATTAAA AAGAAA	3 7	1	1	0.0
chr16	33962503	33965425	intergenic_246132	+	33963033	NA	AATACA	32	2	2	16.0
chr16	33962503	33965425	intergenic_246132	+	33963314	NA	AGTAAA	14	9	5	12.6227308192
chr16	33962503	33965425	intergenic_246132	+	33963379	NA	NA	NA	1	1	0.0
chr16	33962503	33965425	intergenic_246132	+	33963448	NA	AATACA	6	1	1	0.0
chr16	33962503	33965425	intergenic_246132	+	33963911	NA	NA	NA	30	8	8.89381807774
chr16	33962503	33965425	intergenic_246132	+	33963948	NA	NA	NA	8	7	10.8627804912
chr16	33962503	33965425	intergenic_246132	+	33963983	NA	NA	NA	8	2	0.353553390593
chr16	33962503	33965425	intergenic_246132	+	33964051	NA	NA	NA	5	5	10.945318634
chr16	33962503	33965425	intergenic_246132	+	33964081	NA	NA	NA	3	3	1.29099444874
chr16	33786526	33961051	intergenic_246131	+	33953120	NA	AAGAAA AAGAAA	7 15	1	1	0.0
chr11	35829775	35881798	intergenic_181739	+	35829775	NA	NA	NA	1	1	0.0
chr11	35829775	35881798	intergenic_181739	+	35832602	NA	AATAAA	17	1	1	0.0
chr11	1862910	1874199	intergenic_178397	+	1874170	NA	AAGAAA	3	1	1	0.0
chr12	121477045	121517644	intergenic_207638	+	121485848	NA	NA	NA	1	1	0.0
chr13	63801189	64241813	intergenic_213541	+	63838330	NA	NA	NA	1	1	0.0
chr9	123561848	123577773	intergenic_160008	+	123564065	NA	AATAAA AATAAA	1 11	1	1	0.0
chrX	80065187	80112574	intergenic_134689	+	80065253	NA	NA	NA	2	1	0.0
chr6	26698340	26713900	intergenic_99401	+	26701727	NA	NA	NA	1	1	0.0
chr3	179112719	179115404	intergenic_68707	+	179113877	NA	AATACA CATAAA AATGAA	26 18 31	2	1	0.0
chr21	9683272	9907189	intergenic_312121	+	9825660	NA	NA	NA	1	1	0.0
chr21	9683272	9907189	intergenic_312121	+	9827018	NA	NA	NA	256	17	4.12452648797
chr21	9683272	9907189	intergenic_312121	+	9827043	NA	NA	NA	8	3	6.0827625303
chr21	9683272	9907189	intergenic_312121	+	9827073	NA	NA	NA	5	4	8.07465169527
chr21	9683272	9907189	intergenic_312121	+	9827134	NA	ATTAAA	8	164	31	6.38548277297
chr21	9683272	9907189	intergenic_312121	+	9827186	NA	AATACA	27	130	19	8.97775027499
chr21	9683272	9907189	intergenic_312121	+	9827235	NA	GATAAA	8	51	17	6.89415779952
chr21	9683272	9907189	intergenic_312121	+	9827284	NA	NA	NA	19	15	14.6305376381
chr21	9683272	9907189	intergenic_312121	+	9827320	NA	NA	NA	18	13	7.73160900316
chr21	9683272	9907189	intergenic_312121	+	9827381	NA	NA	NA	231	41	12.6139824842
chr21	9683272	9907189	intergenic_312121	+	9827410	NA	NA	NA	29	17	6.87072751255
chr21	9683272	9907189	intergenic_312121	+	9827453	NA	NA	NA	113	18	4.00221177789
chr21	9683272	9907189	intergenic_312121	+	9827487	NA	NA	NA	70	15	4.92370360022
chr21	9683272	9907189	intergenic_312121	+	9827515	NA	NA	NA	11	7	6.36753127558
chr1	149783928	149784825	intergenic_17547	+	149784804	NA	NA	NA	1	1	0.0
chr12	34372611	34402415	intergenic_195729	+	34372613	NA	NA	NA	7	4	4.10574510377
chr12	34372611	34402415	intergenic_195729	+	34372651	NA	NA	NA	4	4	7.51664818919
chr12	34372611	34402415	intergenic_195729	+	34372682	NA	NA	NA	4	4	1.5
chr16	57181878	57186386	intergenic_247634	+	57186382	NA	NA	NA	1	1	0.0
chr8	11644855	11647513	intergenic_140980	+	11647513	NA	NA	NA	1	1	0.0
chr18	9862553	9885762	intergenic_272495	+	9862554	NA	NA	NA	1	1	0.0
chr17	41154956	41158741	intergenic_262844	+	41154970	NA	TATAAA	6	1	1	0.0
chrX	38665790	38940432	intergenic_130564	+	38818555	NA	NA	NA	2	1	0.0
chr17	79975280	79976578	intergenic_271096	+	79975281	NA	NA	NA	1	1	0.0
chr3	49453908	49454210	intergenic_58548	+	49453909	NA	NA	NA	2	1	0.0
chr1	12035599	12040237	intergenic_2356	+	12036522	NA	NA	NA	1	1	0.0
chr6	28661060	28694854	intergenic_99631	+	28687567	NA	NA	NA	1	1	0.0
chr6	28661060	28694854	intergenic_99631	+	28693961	NA	NA	NA	1	1	0.0
chr6	28751781	28805645	intergenic_99635	+	28763688	NA	TTTAAA TTTAAA	30 4	1	1	0.0
chr6	28751781	28805645	intergenic_99635	+	28770542	NA	AATAGA	6	1	1	0.0
chr20	34618622	34660362	intergenic_281083	+	34634943	NA	NA	NA	1	1	0.0
chr20	34618622	34660362	intergenic_281083	+	34635172	NA	NA	NA	1	1	0.0
chr19	12754733	12757324	intergenic_293416	+	12754769	NA	NA	NA	1	1	0.0
chr2	54896812	54950635	intergenic_35675	+	54896814	NA	NA	NA	1	1	0.0
chr17	8027410	8043808	intergenic_255941	+	8029162	NA	AAGAAA	12	1	1	0.0
chr17	21477781	21729872	intergenic_258633	+	21546060	NA	NA	NA	1	1	0.0
chr17	21477781	21729872	intergenic_258633	+	21682456	NA	AAGAAA	15	1	1	0.0
chr17	62386050	62473903	intergenic_267062	+	62399867	NA	NA	NA	1	1	0.0
chrX	153248646	153275950	intergenic_139548	+	153271328	NA	NA	NA	1	1	0.0
chr1	1470067	1470553	intergenic_513	+	1470068	NA	NA	NA	1	1	0.0
chr11	62323719	62327072	intergenic_184157	+	62327068	NA	NA	NA	1	1	0.0
chr1	33367039	33391894	intergenic_6711	+	33382388	NA	AATAAA TTTAAA TTTAAA	2 11 23	1	1	0.0
chr19	10426691	10426894	intergenic_292470	+	10426891	NA	NA	NA	1	1	0.0
chr17	7852895	7905987	intergenic_255825	+	7852896	NA	NA	NA	1	1	0.0
chr14	21624222	21677294	intergenic_216546	+	21671931	NA	NA	NA	1	1	0.0
chr6	27440897	27490854	intergenic_99471	+	27470929	NA	NA	NA	1	1	0.0
chr1	249158995	249200394	intergenic_30299	+	249168463	NA	NA	NA	2	1	0.0
chr15	43034389	43036549	intergenic_230324	+	43035929	NA	ATTAAA	33	1	1	0.0
chr8	125183763	125204911	intergenic_148637	+	125184244	NA	NA	NA	1	1	0.0
chr5	180633120	180649498	intergenic_97394	+	180634874	NA	ACTAAA	29	3	1	0.0
chr19	59000899	59009703	intergenic_305819	+	59009702	NA	NA	NA	1	1	0.0
chr17	8079717	8091651	intergenic_255990	+	8090300	NA	NA	NA	4	1	0.0
chr9	126030855	126118448	intergenic_160500	+	126078560	NA	NA	NA	1	1	0.0
chrX	153063960	153067620	intergenic_139439	+	153063967	NA	NA	NA	1	1	0.0
chr14	24912007	24974560	intergenic_217914	+	24912564	NA	NA	NA	1	1	0.0
chr12	127650987	127759011	intergenic_208676	+	127650987	NA	NA	NA	4	1	0.0
chr8	127187258	127337739	intergenic_148800	+	127265230	NA	ATTAAA	32	1	1	0.0
chr8	126379362	126442562	intergenic_148770	+	126423447	NA	NA	NA	1	1	0.0
chr11	63972015	63974149	intergenic_184524	+	63972021	NA	NA	NA	2	1	0.0
chr19	49470135	49471381	intergenic_302553	+	49470136	NA	NA	NA	5	1	0.0
chr19	50002944	50004041	intergenic_302948	+	50002946	NA	NA	NA	3	1	0.0
chrX	108297792	108585041	intergenic_136211	+	108297792	NA	NA	NA	77	2	2.16525095273
chrX	108297792	108585041	intergenic_136211	+	108297829	NA	NA	NA	50	9	3.64417343166
chrX	108070099	108297360	intergenic_136210	+	108297350	NA	NA	NA	2	1	0.0
chr16	22192929	22217615	intergenic_243644	+	22206994	NA	CATAAA	31	1	1	0.0
chr19	13064448	13064971	intergenic_293761	+	13064456	NA	NA	NA	1	1	0.0
chr16	72058954	72088507	intergenic_250442	+	72061557	NA	AATATA	22	1	1	0.0
chr19	9650402	9672858	intergenic_291996	+	9672280	NA	AAGAAA	8	1	1	0.0
chr7	99756338	99756866	intergenic_121978	+	99756615	NA	NA	NA	1	1	0.0
chr1	155300905	155305058	intergenic_19196	+	155300910	NA	NA	NA	1	1	0.0
chr15	45507231	45544432	intergenic_231171	+	45513734	NA	ACTAAA	16	1	1	0.0
chr18	55254004	55267895	intergenic_275667	+	55261060	NA	NA	NA	1	1	0.0
chr19	11040914	11071597	intergenic_292805	+	11070293	NA	NA	NA	1	1	0.0
chr3	180699277	180701496	intergenic_68878	+	180700249	NA	AATAAA	19	1	1	0.0
chr19	57805436	57831864	intergenic_305530	+	57811517	NA	NA	NA	1	1	0.0
chr19	57805436	57831864	intergenic_305530	+	57815178	NA	NA	NA	1	1	0.0
chr12	85695555	86198330	intergenic_202876	+	85695560	NA	NA	NA	1	1	0.0
chr6	20493945	20500405	intergenic_98772	+	20493946	NA	NA	NA	1	1	0.0
chr3	128880136	128888326	intergenic_65021	+	128885915	NA	NA	NA	1	1	0.0
chr19	10580305	10596795	intergenic_292566	+	10580308	NA	NA	NA	1	1	0.0
chr12	120632513	120634509	intergenic_207468	+	120634502	NA	NA	NA	3	1	0.0
chr6	26216871	26217164	intergenic_99302	+	26216880	NA	NA	NA	1	1	0.0
chr18	37380282	37723889	intergenic_274625	+	37604154	NA	NA	NA	1	1	0.0
chr12	56366565	56367861	intergenic_199584	+	56366572	NA	NA	NA	2	2	0.707106781187
chr12	109548797	109549022	intergenic_205491	+	109548798	NA	NA	NA	1	1	0.0
chr12	51664202	51674822	intergenic_198027	+	51665147	NA	AATAAA	3	1	1	0.0
chr17	27029248	27030214	intergenic_259043	+	27029249	NA	NA	NA	1	1	0.0
chr11	75927069	76060999	intergenic_187189	+	75946850	NA	NA	NA	1	1	0.0
chr22	18874837	18893540	intergenic_306427	+	18884909	NA	AATGAA	8	1	1	0.0
chr19	24127961	24184074	intergenic_296320	+	24183700	NA	NA	NA	4	3	13.738631664
chr19	24184165	24187159	intergenic_296321	+	24184528	NA	NA	NA	1	1	0.0
chr19	24184165	24187159	intergenic_296321	+	24185003	NA	AATGAA	33	2	2	10.0
