chrm	beg	end	utr_ID	strand	polyA_coordinate	annotated_polyA_distance	nearby_PAS	PAS_distance	number_supporting_reads	number_unique_supporting_reads	unique_reads_spread
chr18	19244192	19263470	cds_intronic_90028	+	19250543	NA	AATAAA AATACA	5 10	1	1	0.0
chr12	39096724	39114454	cds_intronic_44213	+	39113810	NA	NA	NA	1	1	0.0
chr6	10703691	10704738	cds_intronic_161982	+	10704591	NA	NA	NA	1	1	0.0
chr1	154234175	154235578	cds_intronic_13064	+	154234175	NA	NA	NA	1	1	0.0
chr19	49540073	49547062	cds_intronic_100672	+	49540384	NA	NA	NA	2	1	0.0
chr7	105183097	105187355	cds_intronic_178375	+	105186265	NA	NA	NA	1	1	0.0
chrX	109468291	109507716	cds_intronic_202371	+	109490867	NA	NA	NA	1	1	0.0
chr7	35944917	35953231	cds_intronic_174059	+	35945143	NA	NA	NA	1	1	0.0
chr2	53943881	53955848	cds_intronic_106041	+	53943881	NA	NA	NA	1	1	0.0
chr2	53956707	53975417	cds_intronic_106043	+	53956707	NA	NA	NA	2	1	0.0
chr18	43664621	43666077	cds_intronic_90975	+	43665846	NA	NA	NA	1	1	0.0
chrX	15568121	15574194	cds_intronic_198304	+	15570025	NA	NA	NA	1	1	0.0
chr6	69375137	69640449	cds_intronic_166463	+	69536421	NA	AAGAAA AGTAAA	13 8	1	1	0.0
chr4	119718966	119726996	cds_intronic_149308	+	119718968	NA	NA	NA	1	1	0.0
chr3	101304356	101308592	cds_intronic_137104	+	101306882	NA	NA	NA	1	1	0.0
chr16	88724438	88725056	cds_intronic_77322	+	88725056	NA	ACTAAA	15	1	1	0.0
chr16	89335072	89337223	cds_intronic_77483	+	89335594	NA	NA	NA	1	1	0.0
chr21	47740739	47742551	cds_intronic_126148	+	47742521	NA	NA	NA	1	1	0.0
chr7	6182646	6183714	cds_intronic_172425	+	6182650	NA	NA	NA	1	1	0.0
chr19	3532649	3533290	cds_intronic_93022	+	3533148	NA	NA	NA	1	1	0.0
chr2	20458133	20460096	cds_intronic_103490	+	20458133	NA	NA	NA	1	1	0.0
chr5	61643995	61645891	cds_intronic_154399	+	61644670	NA	NA	NA	1	1	0.0
chr21	34964024	34966812	cds_intronic_124793	+	34964267	NA	NA	NA	1	1	0.0
chr6	74082986	74100760	cds_intronic_166758	+	74083013	NA	NA	NA	1	1	0.0
chr10	13222608	13224931	cds_intronic_21791	+	13222608	NA	NA	NA	1	1	0.0
chr7	108120020	108128202	cds_intronic_178700	+	108124221	NA	NA	NA	1	1	0.0
chr7	16305936	16308481	cds_intronic_172868	+	16306122	NA	AAGAAA	13	1	1	0.0
chr22	21272534	21288065	cds_intronic_126856	+	21272791	NA	NA	NA	1	1	0.0
chr2	44903914	44931420	cds_intronic_105663	+	44916458	NA	AATAAA AATAAA AATAAA AATAAA	9 17 25 33	1	1	0.0
chr4	74310840	74313177	cds_intronic_146873	+	74310840	NA	NA	NA	1	1	0.0
chr3	141626116	141632493	cds_intronic_140025	+	141630353	NA	AAGAAA	1	2	1	0.0
chrX	21959485	21985312	cds_intronic_198748	+	21963616	NA	NA	NA	1	1	0.0
chr15	38617011	38631936	cds_intronic_63605	+	38623488	NA	TATAAA	11	1	1	0.0
chr3	50141742	50142009	cds_intronic_134603	+	50141909	NA	NA	NA	1	1	0.0
chr12	56184377	56188141	cds_intronic_46349	+	56185823	NA	NA	NA	1	1	0.0
chr14	90499559	90509412	cds_intronic_61042	+	90500416	NA	NA	NA	1	1	0.0
chr13	103268851	103271070	cds_intronic_55853	+	103269335	NA	NA	NA	1	1	0.0
chr6	37787793	37800734	cds_intronic_164631	+	37793809	NA	AAGAAA	21	1	1	0.0
chr3	133336370	133336976	cds_intronic_139487	+	133336953	NA	TTTAAA TTTAAA	1 33	1	1	0.0
chr8	4495081	4644853	cds_intronic_182124	+	4644820	NA	NA	NA	1	1	0.0
chr3	72822622	72842065	cds_intronic_136460	+	72830980	NA	ACTAAA	20	1	1	0.0
chr2	152295261	152296539	cds_intronic_111636	+	152295266	NA	NA	NA	1	1	0.0
chr22	19471529	19481848	cds_intronic_126583	+	19477111	NA	NA	NA	1	1	0.0
chr13	113842922	113845016	cds_intronic_56356	+	113843164	NA	NA	NA	1	1	0.0
chr1	222737468	222742170	cds_intronic_18954	+	222741877	NA	ACTAAA AATAGA	9 0	1	1	0.0
chr3	17413740	17415961	cds_intronic_131903	+	17415961	NA	NA	NA	1	1	0.0
chr7	135255996	135258400	cds_intronic_180093	+	135255996	NA	NA	NA	1	1	0.0
chr18	33243767	33257553	cds_intronic_90718	+	33243767	NA	NA	NA	1	1	0.0
chr1	117603183	117605007	cds_intronic_11187	+	117603850	NA	NA	NA	1	1	0.0
chr1	155727826	155730233	cds_intronic_13489	+	155729390	NA	NA	NA	1	1	0.0
chr17	16068476	16075116	cds_intronic_80406	+	16074155	NA	NA	NA	1	1	0.0
chr20	13509158	13514668	cds_intronic_119931	+	13513675	NA	NA	NA	1	1	0.0
chr21	35281515	35284591	cds_intronic_124864	+	35281602	NA	AAGAAA AAGAAA	5 13	1	1	0.0
chr15	76175766	76182775	cds_intronic_67932	+	76179924	NA	NA	NA	1	1	0.0
chr13	76104640	76111517	cds_intronic_55006	+	76106657	NA	NA	NA	1	1	0.0
chr10	76360252	76414713	cds_intronic_25541	+	76394392	NA	AATATA	8	1	1	0.0
chr2	10794674	10797867	cds_intronic_103104	+	10797867	NA	AATAAA AATACA	3 31	1	1	0.0
chrX	119005977	119007265	cds_intronic_202735	+	119005978	NA	NA	NA	2	1	0.0
chr3	155632360	155633806	cds_intronic_140771	+	155633805	NA	AGTAAA	12	1	1	0.0
chr6	26032288	26033319	cds_intronic_162695	+	26032317	NA	NA	NA	51	3	0.990147542977
chr17	8445599	8448764	cds_intronic_79727	+	8445599	NA	NA	NA	4	1	0.0
chr3	141641022	141644371	cds_intronic_140033	+	141644279	NA	NA	NA	1	1	0.0
chr5	170827929	170832304	cds_intronic_160509	+	170831954	NA	CATAAA	2	1	1	0.0
chr17	58305203	58308876	cds_intronic_85918	+	58306713	NA	NA	NA	1	1	0.0
chr6	143089674	143090687	cds_intronic_169986	+	143089674	NA	NA	NA	1	1	0.0
chr3	122825689	122829789	cds_intronic_138339	+	122828478	NA	ATTAAA ATTAAA	8 20	1	1	0.0
chr9	134008596	134010284	cds_intronic_196313	+	134008597	NA	NA	NA	1	1	0.0
chr7	32598241	32598539	cds_intronic_173831	+	32598537	NA	NA	NA	1	1	0.0
chr3	52720441	52720783	cds_intronic_135250	+	52720783	NA	AAGAAA	3	1	1	0.0
chr17	79943484	79952695	cds_intronic_88767	+	79951083	NA	NA	NA	1	1	0.0
chr4	110416013	110427483	cds_intronic_148922	+	110417657	NA	CATAAA	8	1	1	0.0
chr9	72473095	72499289	cds_intronic_191744	+	72475355	NA	NA	NA	1	1	0.0
chr16	81015483	81030917	cds_intronic_76800	+	81025474	NA	NA	NA	1	1	0.0
chr21	44279833	44282390	cds_intronic_125557	+	44281169	NA	NA	NA	1	1	0.0
chr4	71698991	71701873	cds_intronic_146715	+	71698991	NA	NA	NA	1	1	0.0
chr2	39075544	39080186	cds_intronic_105248	+	39077442	NA	AAGAAA GATAAA	12 27	1	1	0.0
chr1	16174646	16199309	cds_intronic_2039	+	16182622	NA	NA	NA	1	1	0.0
chr1	144904738	144906057	cds_intronic_11600	+	144905109	NA	AGTAAA	21	1	1	0.0
chr5	176370490	176378473	cds_intronic_160875	+	176370492	NA	NA	NA	1	1	0.0
chr6	147680460	147684469	cds_intronic_170277	+	147682594	NA	ATTAAA	1	1	1	0.0
chr18	18540168	18546876	cds_intronic_89952	+	18545642	NA	ATTAAA ACTAAA	28 9	1	1	0.0
chr7	100866056	100866756	cds_intronic_177842	+	100866057	NA	NA	NA	3	1	0.0
chr1	241959673	241964432	cds_intronic_20693	+	241963949	NA	NA	NA	2	1	0.0
chr3	195018011	195022302	cds_intronic_142927	+	195018011	NA	NA	NA	1	1	0.0
chr1	246078943	246091231	cds_intronic_20923	+	246087467	NA	NA	NA	1	1	0.0
chr7	135617629	135635346	cds_intronic_180159	+	135630465	NA	NA	NA	1	1	0.0
chr3	49356207	49362129	cds_intronic_134406	+	49360418	NA	NA	NA	1	1	0.0
chr18	33745188	33746851	cds_intronic_90768	+	33745242	NA	CATAAA	28	1	1	0.0
chr13	36776231	36788615	cds_intronic_53719	+	36788615	NA	TATAAA	3	1	1	0.0
chr18	166819	178932	cds_intronic_89065	+	174682	NA	NA	NA	1	1	0.0
chr7	110765507	111030626	cds_intronic_178728	+	110982337	NA	TATAAA ACTAAA TATAAA AATATA	24 6 12 18	1	1	0.0
chr6	18205895	18207627	cds_intronic_162372	+	18206223	NA	AATAAA AATAAA	24 32	1	1	0.0
chr16	56473658	56480537	cds_intronic_74629	+	56480352	NA	ATTAAA	28	1	1	0.0
chr16	69395393	69400708	cds_intronic_75970	+	69400096	NA	NA	NA	1	1	0.0
chr22	28839061	29001527	cds_intronic_127594	+	28920141	NA	TTTAAA ATTAAA TTTAAA	22 33 12	1	1	0.0
chr17	74555126	74557190	cds_intronic_87842	+	74557129	NA	NA	NA	1	1	0.0
chr12	46761124	46764293	cds_intronic_44724	+	46761896	NA	AATGAA	20	1	1	0.0
chr14	35280243	35295217	cds_intronic_57984	+	35295215	NA	AATAAA TTTAAA TTTAAA	27 17 17	1	1	0.0
chr3	176745618	176750757	cds_intronic_141616	+	176750040	NA	TATAAA	19	1	1	0.0
chr11	9310089	9316642	cds_intronic_31524	+	9313130	NA	AATAAA	4	1	1	0.0
chr11	9431634	9435800	cds_intronic_31533	+	9431634	NA	NA	NA	1	1	0.0
chr15	44039292	44043781	cds_intronic_64827	+	44039588	NA	TTTAAA TTTAAA AAGAAA TTTAAA TTTAAA	13 28 10 6 21	1	1	0.0
chr6	143509661	143605245	cds_intronic_169996	+	143563354	NA	NA	NA	1	1	0.0
chr3	172098884	172114952	cds_intronic_141512	+	172105606	NA	TATAAA	7	1	1	0.0
chr16	47703329	47722950	cds_intronic_74174	+	47719342	NA	NA	NA	1	1	0.0
chr5	140914055	140937313	cds_intronic_158649	+	140927794	NA	NA	NA	1	1	0.0
chr7	155539359	155556502	cds_intronic_181666	+	155539359	NA	NA	NA	1	1	0.0
chr14	100706261	100728639	cds_intronic_61783	+	100706261	NA	NA	NA	1	1	0.0
chr19	55614937	55623833	cds_intronic_102071	+	55620088	NA	NA	NA	1	1	0.0
chr2	32664755	32666396	cds_intronic_104820	+	32664755	NA	NA	NA	1	1	0.0
chr15	63967317	63970042	cds_intronic_66527	+	63968273	NA	NA	NA	1	1	0.0
chr15	58921663	58925394	cds_intronic_66109	+	58922090	NA	NA	NA	1	1	0.0
chr10	12056184	12070742	cds_intronic_21695	+	12067727	NA	AATACA	27	1	1	0.0
chr1	47173724	47181965	cds_intronic_6474	+	47175498	NA	NA	NA	1	1	0.0
chr22	29688596	29691514	cds_intronic_127694	+	29688771	NA	TTTAAA TTTAAA	3 31	1	1	0.0
chr11	57573508	57573932	cds_intronic_34257	+	57573508	NA	NA	NA	2	1	0.0
chr11	76094821	76106017	cds_intronic_37500	+	76095718	NA	NA	NA	1	1	0.0
chr1	45363117	45390629	cds_intronic_6147	+	45385725	NA	AAGAAA	13	1	1	0.0
chr3	51459882	51464822	cds_intronic_134839	+	51460956	NA	NA	NA	1	1	0.0
chr1	65335158	65339051	cds_intronic_7875	+	65335668	NA	NA	NA	1	1	0.0
chr5	108233549	108260308	cds_intronic_156558	+	108233549	NA	NA	NA	1	1	0.0
chrX	53613870	53615340	cds_intronic_200406	+	53613873	NA	NA	NA	1	1	0.0
chr8	125502523	125503302	cds_intronic_188000	+	125503205	NA	AATACA	4	1	1	0.0
chr2	42578499	42580026	cds_intronic_105422	+	42578504	NA	NA	NA	1	1	0.0
chr1	32688232	32689633	cds_intronic_4412	+	32689197	NA	NA	NA	1	1	0.0
chr3	149089655	149093229	cds_intronic_140457	+	149090656	NA	NA	NA	1	1	0.0
chr11	88045723	88053978	cds_intronic_38108	+	88045726	NA	NA	NA	1	1	0.0
chr15	56395869	56434974	cds_intronic_65956	+	56433578	NA	NA	NA	1	1	0.0
chr15	56471502	56535321	cds_intronic_65959	+	56485594	NA	AATAAA GATAAA AATAGA	10 4 34	1	1	0.0
chr7	12254654	12255229	cds_intronic_172728	+	12254654	NA	NA	NA	1	1	0.0
chr1	202733274	202735524	cds_intronic_17444	+	202733777	NA	NA	NA	1	1	0.0
chr9	79891138	79894761	cds_intronic_192140	+	79891138	NA	NA	NA	1	1	0.0
chr18	33552871	33554857	cds_intronic_90727	+	33553722	NA	NA	NA	1	1	0.0
chr10	5762934	5765638	cds_intronic_21388	+	5764979	NA	NA	NA	1	1	0.0
chr12	112664563	112665891	cds_intronic_50479	+	112664951	NA	AATACA	34	1	1	0.0
chr16	70288638	70289629	cds_intronic_76080	+	70289283	NA	AATACA	4	1	1	0.0
chr19	33140699	33145582	cds_intronic_97330	+	33143602	NA	NA	NA	1	1	0.0
chr19	14034624	14037329	cds_intronic_95614	+	14036388	NA	NA	NA	1	1	0.0
chr7	75630320	75633056	cds_intronic_175857	+	75630788	NA	AAGAAA	1	1	1	0.0
chr5	139906659	139906936	cds_intronic_158492	+	139906659	NA	NA	NA	1	1	0.0
chr2	230675920	230678585	cds_intronic_117561	+	230678585	NA	CATAAA AATAGA CATAAA	17 22 25	1	1	0.0
chr11	34104588	34107610	cds_intronic_33110	+	34105659	NA	NA	NA	1	1	0.0
chrX	103420524	103430745	cds_intronic_202004	+	103426687	NA	AAGAAA AAGAAA AAGAAA	13 22 29	1	1	0.0
chr15	42536366	42550135	cds_intronic_64317	+	42542965	NA	AATACA	5	1	1	0.0
chr6	28350387	28358371	cds_intronic_162790	+	28354621	NA	AATAAA AATAAA ATTAAA AATACA	10 16 5 22	1	1	0.0
chr3	142769892	142772516	cds_intronic_140241	+	142771864	NA	TTTAAA AATACA TTTAAA	24 21 10	1	1	0.0
chr19	5664451	5667055	cds_intronic_93529	+	5665584	NA	NA	NA	1	1	0.0
chr17	33477243	33479910	cds_intronic_82187	+	33478153	NA	NA	NA	16	9	8.42244026396
chr17	33477243	33479910	cds_intronic_82187	+	33478180	NA	NA	NA	5	4	3.22490309932
chr17	33477243	33479910	cds_intronic_82187	+	33478219	NA	AAGAAA	4	2	2	1.0
chr17	33477243	33479910	cds_intronic_82187	+	33478260	NA	NA	NA	27	12	5.49747416749
chr17	33477243	33479910	cds_intronic_82187	+	33478284	NA	NA	NA	1	1	0.0
chr17	33477243	33479910	cds_intronic_82187	+	33478326	NA	NA	NA	1	1	0.0
chr7	104732053	104741870	cds_intronic_178315	+	104736471	NA	NA	NA	1	1	0.0
chr6	42603285	42604747	cds_intronic_165066	+	42603285	NA	NA	NA	1	1	0.0
chr19	49601962	49604645	cds_intronic_100688	+	49602764	NA	NA	NA	1	1	0.0
chr4	629759	645347	cds_intronic_143395	+	632944	NA	NA	NA	1	1	0.0
chr10	11535228	11543098	cds_intronic_21658	+	11538936	NA	TTTAAA TTTAAA	6 28	1	1	0.0
chr2	188343530	188348656	cds_intronic_114340	+	188343530	NA	NA	NA	1	1	0.0
chr17	1841103	1921176	cds_intronic_78007	+	1874897	NA	NA	NA	1	1	0.0
chr2	54125492	54127016	cds_intronic_106092	+	54126955	NA	NA	NA	1	1	0.0
chr6	53152740	53154892	cds_intronic_166038	+	53153565	NA	AATGAA	25	1	1	0.0
chr5	1802489	1814451	cds_intronic_152182	+	1805282	NA	NA	NA	1	1	0.0
chr1	91851391	91852861	cds_intronic_9228	+	91852803	NA	AATAGA	9	14	6	7.64385841238
chr1	91851391	91852861	cds_intronic_9228	+	91852857	NA	NA	NA	7	3	7.63450812336
chr1	91852949	91859649	cds_intronic_9229	+	91852954	NA	NA	NA	16	6	8.74642784227
chr1	91852949	91859649	cds_intronic_9229	+	91853031	NA	AATACA	30	7	5	6.16441400297
chr1	91852949	91859649	cds_intronic_9229	+	91853101	NA	NA	NA	10	6	7.30068489938
chr1	91852949	91859649	cds_intronic_9229	+	91853129	NA	NA	NA	20	5	3.02489669245
chr22	42483339	42486608	cds_intronic_129599	+	42484805	NA	ATTAAA AGTAAA AATGAA	7 11 30	1	1	0.0
chr2	97779674	97783799	cds_intronic_108780	+	97782854	NA	NA	NA	1	1	0.0
chr14	59830501	59834145	cds_intronic_59152	+	59834005	NA	NA	NA	1	1	0.0
chr1	12313884	12316332	cds_intronic_1701	+	12315021	NA	AAGAAA	15	1	1	0.0
chr1	12327069	12327900	cds_intronic_1708	+	12327070	NA	NA	NA	1	1	0.0
chr6	2890805	2892065	cds_intronic_161597	+	2892063	NA	NA	NA	1	1	0.0
chr19	3595932	3599845	cds_intronic_93049	+	3596397	NA	NA	NA	1	1	0.0
chr6	5613554	5771522	cds_intronic_161757	+	5614078	NA	AATACA	5	1	1	0.0
chr12	104670464	104676659	cds_intronic_49560	+	104674214	NA	NA	NA	1	1	0.0
chr14	65409531	65412531	cds_intronic_59594	+	65410401	NA	NA	NA	1	1	0.0
chr19	14282071	14288341	cds_intronic_95732	+	14288341	NA	NA	NA	1	1	0.0
chr11	77674504	77688934	cds_intronic_37703	+	77681712	NA	NA	NA	1	1	0.0
chr3	128348987	128350789	cds_intronic_138905	+	128348988	NA	NA	NA	2	2	1.58113883008
chr15	60678286	60682411	cds_intronic_66242	+	60681118	NA	NA	NA	1	1	0.0
chr3	49012544	49016913	cds_intronic_134272	+	49013717	NA	NA	NA	1	1	0.0
chr16	19623120	19627435	cds_intronic_72236	+	19623975	NA	NA	NA	1	1	0.0
chr3	52185187	52188369	cds_intronic_134967	+	52185876	NA	NA	NA	1	1	0.0
chr5	176735063	176737425	cds_intronic_160943	+	176736557	NA	NA	NA	1	1	0.0
chr3	33114207	33118585	cds_intronic_132415	+	33115668	NA	NA	NA	1	1	0.0
chr13	25398515	25399755	cds_intronic_52991	+	25398978	NA	NA	NA	1	1	0.0
chr22	22048162	22048880	cds_intronic_126955	+	22048601	NA	NA	NA	1	1	0.0
chr22	22048162	22048880	cds_intronic_126955	+	22048658	NA	NA	NA	1	1	0.0
chr7	45147377	45148425	cds_intronic_174694	+	45147843	NA	NA	NA	1	1	0.0
chr7	106520111	106522560	cds_intronic_178448	+	106522558	NA	TATAAA AATATA AATATA	14 1 12	1	1	0.0
chrX	10463732	10491130	cds_intronic_198068	+	10489699	NA	CATAAA AATAGA	9 9	1	1	0.0
chr4	24550646	24556346	cds_intronic_144887	+	24555842	NA	NA	NA	1	1	0.0
chr1	224420991	224424207	cds_intronic_19144	+	224423636	NA	NA	NA	1	1	0.0
chr10	97101436	97106161	cds_intronic_26857	+	97102130	NA	NA	NA	1	1	0.0
chr9	131085427	131087420	cds_intronic_195675	+	131085865	NA	AATAAA	8	1	1	0.0
chr14	61446605	61447679	cds_intronic_59257	+	61447659	NA	NA	NA	1	1	0.0
chr20	47684331	47685251	cds_intronic_122792	+	47685249	NA	ACTAAA CATAAA	10 34	1	1	0.0
chr5	162905807	162909646	cds_intronic_160138	+	162906678	NA	NA	NA	1	1	0.0
chr6	90428945	90432672	cds_intronic_167642	+	90430879	NA	NA	NA	1	1	0.0
chr12	120572531	120574304	cds_intronic_51103	+	120573837	NA	NA	NA	1	1	0.0
chr4	26622310	26638831	cds_intronic_145047	+	26622310	NA	NA	NA	1	1	0.0
chr14	75231066	75245148	cds_intronic_60383	+	75233586	NA	TATAAA	5	1	1	0.0
chr11	46829695	46830948	cds_intronic_33726	+	46830947	NA	AATAAA AAGAAA AATGAA	11 7 15	1	1	0.0
chr7	138200104	138203932	cds_intronic_180243	+	138200712	NA	NA	NA	1	1	0.0
chr1	163310217	163313521	cds_intronic_14757	+	163311298	NA	NA	NA	1	1	0.0
chr17	61838340	61838588	cds_intronic_86295	+	61838340	NA	NA	NA	1	1	0.0
chr11	66294529	66295043	cds_intronic_36098	+	66294619	NA	NA	NA	1	1	0.0
chr18	21226252	21229045	cds_intronic_90176	+	21228956	NA	AGTAAA GATAAA	30 5	1	1	0.0
chr6	4936006	4937797	cds_intronic_161728	+	4937729	NA	NA	NA	1	1	0.0
chr1	231510258	231555921	cds_intronic_19988	+	231550100	NA	ATTAAA	2	1	1	0.0
chr4	88053561	88055622	cds_intronic_147830	+	88055013	NA	AGTAAA	28	1	1	0.0
chr8	141762415	141771263	cds_intronic_188621	+	141765819	NA	NA	NA	1	1	0.0
chr9	36633198	36642992	cds_intronic_191260	+	36635614	NA	NA	NA	1	1	0.0
chr19	13870087	13873111	cds_intronic_95560	+	13870087	NA	NA	NA	1	1	0.0
chr7	105195810	105204178	cds_intronic_178382	+	105203613	NA	NA	NA	1	1	0.0
chr1	205696933	205698698	cds_intronic_17862	+	205696933	NA	NA	NA	1	1	0.0
chr2	61007914	61009018	cds_intronic_106419	+	61007914	NA	NA	NA	1	1	0.0
chr1	162482614	162487891	cds_intronic_14692	+	162483222	NA	AATGAA	14	1	1	0.0
chr1	162487980	162492192	cds_intronic_14693	+	162489707	NA	AATAAA	14	1	1	0.0
chr5	137665336	137666674	cds_intronic_158197	+	137666209	NA	AAGAAA AAGAAA	3 14	1	1	0.0
chr15	75830438	75871053	cds_intronic_67888	+	75867352	NA	AAGAAA	1	1	1	0.0
chr20	7980507	7982142	cds_intronic_119738	+	7980510	NA	NA	NA	1	1	0.0
chr2	238903451	238912009	cds_intronic_118460	+	238905135	NA	NA	NA	1	1	0.0
chr7	135286256	135287551	cds_intronic_180110	+	135286256	NA	NA	NA	1	1	0.0
chr5	102485018	102486955	cds_intronic_156501	+	102486954	NA	AATAAA TTTAAA TTTAAA TATAAA TTTAAA TTTAAA	6 2 33 13 1 32	1	1	0.0
chr8	98673402	98698894	cds_intronic_186676	+	98673403	NA	NA	NA	2	2	1.0
chr1	44290564	44297326	cds_intronic_5943	+	44291775	NA	NA	NA	1	1	0.0
chr1	100752760	100756957	cds_intronic_9869	+	100753368	NA	NA	NA	1	1	0.0
chr12	133660148	133660700	cds_intronic_52578	+	133660492	NA	NA	NA	1	1	0.0
chr15	64710928	64716228	cds_intronic_66626	+	64712979	NA	NA	NA	1	1	0.0
chr22	46844465	46858676	cds_intronic_130152	+	46852393	NA	NA	NA	1	1	0.0
chr3	195780430	195781949	cds_intronic_143061	+	195780433	NA	NA	NA	2	1	0.0
chr6	163850049	163876247	cds_intronic_171372	+	163871582	NA	ACTAAA	33	1	1	0.0
chr1	156182968	156190458	cds_intronic_13616	+	156186123	NA	NA	NA	1	1	0.0
chr14	45600004	45603550	cds_intronic_58288	+	45601242	NA	AATAAA	15	1	1	0.0
chr7	142651614	142654913	cds_intronic_180831	+	142652775	NA	AAGAAA	3	1	1	0.0
chr14	64886644	64891520	cds_intronic_59501	+	64886644	NA	NA	NA	1	1	0.0
chr4	155312449	155407594	cds_intronic_150607	+	155350342	NA	NA	NA	1	1	0.0
chr9	114678116	114680536	cds_intronic_194121	+	114680334	NA	AAGAAA	31	1	1	0.0
chr18	32827153	32831022	cds_intronic_90698	+	32828808	NA	NA	NA	1	1	0.0
chr11	5629625	5630876	cds_intronic_31099	+	5630092	NA	CATAAA AAGAAA	19 25	1	1	0.0
chr18	12367382	12370846	cds_intronic_89757	+	12369711	NA	NA	NA	1	1	0.0
chr12	12975667	12976135	cds_intronic_42915	+	12975667	NA	NA	NA	1	1	0.0
chr14	53175535	53177817	cds_intronic_58745	+	53177154	NA	NA	NA	1	1	0.0
chr15	68446034	68457067	cds_intronic_67083	+	68453026	NA	AATATA	18	1	1	0.0
chr5	154291459	154292457	cds_intronic_159760	+	154291538	NA	ATTAAA AATAGA	30 31	1	1	0.0
chr16	74666571	74670243	cds_intronic_76569	+	74666571	NA	NA	NA	2	1	0.0
chr11	66434153	66436085	cds_intronic_36159	+	66435788	NA	NA	NA	1	1	0.0
chr1	241663891	241665741	cds_intronic_20634	+	241665741	NA	ATTAAA TTTAAA TTTAAA	16 29 4	1	1	0.0
chr14	92583987	92587984	cds_intronic_61269	+	92585587	NA	NA	NA	1	1	0.0
chr20	61428584	61429937	cds_intronic_123677	+	61429706	NA	NA	NA	1	1	0.0
chr10	70432803	70433157	cds_intronic_24648	+	70432803	NA	NA	NA	1	1	0.0
chr18	12311053	12325064	cds_intronic_89743	+	12318759	NA	TTTAAA TTTAAA	22 12	1	1	0.0
chr6	34261313	34263416	cds_intronic_164131	+	34261313	NA	NA	NA	3	1	0.0
chr6	135784445	135786950	cds_intronic_169662	+	135784908	NA	AAGAAA	9	1	1	0.0
chr4	2954125	2955236	cds_intronic_143854	+	2955063	NA	AATAGA ATTAAA	20 28	1	1	0.0
chr3	51440830	51449831	cds_intronic_134829	+	51443546	NA	NA	NA	1	1	0.0
chr19	45157287	45161028	cds_intronic_99664	+	45158289	NA	NA	NA	1	1	0.0
chr2	170684563	170728744	cds_intronic_112973	+	170688502	NA	AATAAA AGTAAA	19 9	1	1	0.0
chr22	17630635	17639346	cds_intronic_126296	+	17635697	NA	NA	NA	1	1	0.0
chr9	131451934	131452265	cds_intronic_195817	+	131451934	NA	NA	NA	2	1	0.0
chr3	185136566	185146284	cds_intronic_142342	+	185136601	NA	NA	NA	1	1	0.0
chr5	5473862	5476084	cds_intronic_152238	+	5474254	NA	NA	NA	1	1	0.0
chr1	52531080	52536821	cds_intronic_6849	+	52531748	NA	AATAAA AATACA	11 6	1	1	0.0
chr1	29362436	29365764	cds_intronic_4031	+	29365764	NA	AATATA	3	1	1	0.0
chr21	45483667	45494203	cds_intronic_125693	+	45487706	NA	NA	NA	1	1	0.0
chr5	171639232	171661124	cds_intronic_160564	+	171639684	NA	AATAAA AAGAAA AAGAAA	13 4 18	1	1	0.0
chr10	74901243	74906032	cds_intronic_25246	+	74903609	NA	TATAAA	25	1	1	0.0
chr16	9197117	9210523	cds_intronic_71322	+	9207038	NA	AATAAA	14	1	1	0.0
chr2	47641557	47643433	cds_intronic_105856	+	47643433	NA	AATAAA AGTAAA AATAGA	11 0 16	1	1	0.0
chr17	686568	691203	cds_intronic_77771	+	686603	NA	NA	NA	1	1	0.0
chr7	77379382	77388911	cds_intronic_176009	+	77379382	NA	NA	NA	1	1	0.0
chr6	146216114	146224391	cds_intronic_170175	+	146223777	NA	NA	NA	1	1	0.0
chr6	43507440	43509911	cds_intronic_165377	+	43509533	NA	AAGAAA	5	1	1	0.0
chr20	34475723	34487290	cds_intronic_121508	+	34484072	NA	TTTAAA TTTAAA	19 15	1	1	0.0
chrX	100653087	100653357	cds_intronic_201857	+	100653090	NA	NA	NA	1	1	0.0
chr17	42949939	42953300	cds_intronic_84254	+	42951428	NA	NA	NA	1	1	0.0
chr8	70594579	70602343	cds_intronic_185625	+	70602343	NA	NA	NA	6	1	0.0
chr8	70602417	70612458	cds_intronic_185626	+	70602444	NA	NA	NA	16	7	7.40354644748
chr8	70602417	70612458	cds_intronic_185626	+	70602529	NA	NA	NA	1	1	0.0
chr16	67841288	67848203	cds_intronic_75655	+	67844949	NA	AATATA	20	1	1	0.0
chr16	19775434	19800159	cds_intronic_72264	+	19777621	NA	NA	NA	1	1	0.0
chr6	33374867	33377421	cds_intronic_163994	+	33376952	NA	NA	NA	1	1	0.0
chr19	19016439	19017768	cds_intronic_96872	+	19016994	NA	NA	NA	1	1	0.0
chr7	127292506	127319098	cds_intronic_179392	+	127305259	NA	NA	NA	1	1	0.0
chr1	52289459	52290957	cds_intronic_6819	+	52289459	NA	NA	NA	1	1	0.0
chr12	95388034	95396513	cds_intronic_48757	+	95388035	NA	NA	NA	1	1	0.0
chr17	60024379	60028184	cds_intronic_86052	+	60024379	NA	NA	NA	8	1	0.0
chr6	35378994	35387903	cds_intronic_164282	+	35383141	NA	AGTAAA	32	1	1	0.0
chr1	204507436	204511911	cds_intronic_17713	+	204511277	NA	NA	NA	1	1	0.0
chr15	49437275	49447720	cds_intronic_65369	+	49437275	NA	NA	NA	1	1	0.0
chr1	39726212	39734136	cds_intronic_5227	+	39726397	NA	AATACA	12	1	1	0.0
chr10	22074516	22094907	cds_intronic_22462	+	22086053	NA	ATTAAA ATTAAA	19 23	1	1	0.0
chr21	39382920	39426312	cds_intronic_125103	+	39396965	NA	NA	NA	1	1	0.0
chrX	109247393	109298556	cds_intronic_202359	+	109294759	NA	TTTAAA ACTAAA TTTAAA	25 10 9	1	1	0.0
chr5	179030742	179032875	cds_intronic_161268	+	179031986	NA	NA	NA	1	1	0.0
chr17	49286791	49294693	cds_intronic_85332	+	49288866	NA	NA	NA	1	1	0.0
chr4	17494136	17503340	cds_intronic_144667	+	17498560	NA	AATACA	5	1	1	0.0
chr20	43374835	43378768	cds_intronic_122244	+	43375499	NA	AATAAA	21	1	1	0.0
chr7	24663775	24681333	cds_intronic_173368	+	24679077	NA	AATATA	22	1	1	0.0
chr2	55602020	55615912	cds_intronic_106291	+	55613624	NA	AATAAA AATAAA AATACA	5 15 25	1	1	0.0
chr16	1733593	1735438	cds_intronic_70246	+	1735166	NA	NA	NA	1	1	0.0
chr17	33456678	33457299	cds_intronic_82172	+	33456876	NA	NA	NA	1	1	0.0
chr3	23853001	23907761	cds_intronic_132023	+	23894778	NA	AATAGA	2	1	1	0.0
chr1	35761589	35775874	cds_intronic_4759	+	35772668	NA	AATAAA	16	1	1	0.0
chr14	31592254	31596989	cds_intronic_57816	+	31596575	NA	AATACA	27	1	1	0.0
chr1	179993718	180000453	cds_intronic_15983	+	179998669	NA	TATAAA	2	1	1	0.0
chr17	79526443	79528807	cds_intronic_88610	+	79526941	NA	GATAAA AATAGA	9 5	1	1	0.0
chr2	39214866	39216410	cds_intronic_105282	+	39215123	NA	AATAAA AAGAAA AATGAA	1 11 19	1	1	0.0
chr12	112443108	112450804	cds_intronic_50409	+	112448227	NA	AATGAA	32	1	1	0.0
chr3	33855120	33863446	cds_intronic_132524	+	33859082	NA	NA	NA	1	1	0.0
chr1	28853108	28853431	cds_intronic_3975	+	28853126	NA	NA	NA	1	1	0.0
chr8	42275486	42286274	cds_intronic_184534	+	42285911	NA	NA	NA	1	1	0.0
chr19	55496586	55497517	cds_intronic_102012	+	55496590	NA	NA	NA	1	1	0.0
chr3	195356372	195382435	cds_intronic_142965	+	195368813	NA	NA	NA	1	1	0.0
chr2	136500323	136505227	cds_intronic_111189	+	136504314	NA	AATAGA	15	1	1	0.0
chr2	136437895	136467001	cds_intronic_111182	+	136440567	NA	NA	NA	1	1	0.0
chr10	104436699	104445571	cds_intronic_27954	+	104445109	NA	NA	NA	1	1	0.0
chr1	168168220	168169139	cds_intronic_15048	+	168168740	NA	TATAAA AATAAA	17 5	1	1	0.0
chr5	96066564	96071875	cds_intronic_156269	+	96066565	NA	NA	NA	1	1	0.0
chr17	60558568	60593681	cds_intronic_86113	+	60570390	NA	NA	NA	1	1	0.0
chr1	207265217	207268278	cds_intronic_18080	+	207265495	NA	AGTAAA	30	1	1	0.0
chr2	230020680	230045487	cds_intronic_117510	+	230045487	NA	NA	NA	1	1	0.0
chr7	73954299	73959083	cds_intronic_175648	+	73954494	NA	AATAAA AATAGA	3 11	1	1	0.0
chr12	6604392	6618881	cds_intronic_42028	+	6618440	NA	AATAAA	8	1	1	0.0
chr1	33477958	33478644	cds_intronic_4542	+	33478268	NA	NA	NA	1	1	0.0
chr10	81112148	81113400	cds_intronic_25785	+	81112227	NA	NA	NA	1	1	0.0
chr17	65900957	65905696	cds_intronic_86707	+	65900959	NA	NA	NA	1	1	0.0
chr2	54102893	54108592	cds_intronic_106079	+	54102897	NA	NA	NA	1	1	0.0
chr9	94821591	94830246	cds_intronic_192680	+	94821593	NA	NA	NA	1	1	0.0
chr16	68226113	68243364	cds_intronic_75801	+	68241177	NA	NA	NA	1	1	0.0
chr1	92200517	92220551	cds_intronic_9256	+	92200518	NA	NA	NA	1	1	0.0
chr17	1577187	1577734	cds_intronic_77935	+	1577188	NA	NA	NA	7	2	1.6475089421
chr13	99479142	99481559	cds_intronic_55586	+	99480314	NA	NA	NA	1	1	0.0
chr17	5332985	5334616	cds_intronic_78798	+	5333806	NA	NA	NA	1	1	0.0
chr5	131976498	131977437	cds_intronic_157644	+	131976498	NA	NA	NA	1	1	0.0
chr5	34733367	34757416	cds_intronic_153017	+	34746229	NA	NA	NA	1	1	0.0
chr12	133578317	133580989	cds_intronic_52570	+	133579860	NA	AAGAAA CATAAA	15 30	1	1	0.0
chr16	46716088	46717418	cds_intronic_74072	+	46717418	NA	NA	NA	1	1	0.0
chr1	228585390	228588639	cds_intronic_19752	+	228587543	NA	NA	NA	1	1	0.0
chr4	83763977	83764837	cds_intronic_147505	+	83764472	NA	AAGAAA	3	1	1	0.0
chr2	23785352	23862007	cds_intronic_103553	+	23836410	NA	NA	NA	1	1	0.0
chr3	139092255	139092506	cds_intronic_139890	+	139092471	NA	AAGAAA AATACA ACTAAA	25 19 14	1	1	0.0
chrX	77373668	77378330	cds_intronic_201436	+	77377706	NA	NA	NA	1	1	0.0
chr7	99045896	99046097	cds_intronic_177277	+	99046097	NA	NA	NA	1	1	0.0
chr10	5951441	5952899	cds_intronic_21427	+	5952186	NA	NA	NA	1	1	0.0
chr8	27369617	27372979	cds_intronic_183533	+	27371985	NA	NA	NA	1	1	0.0
chr1	85736590	85741977	cds_intronic_8852	+	85740506	NA	AAGAAA	15	1	1	0.0
chr1	226187066	226249551	cds_intronic_19438	+	226245945	NA	NA	NA	1	1	0.0
chr21	33840363	33865962	cds_intronic_124604	+	33864307	NA	NA	NA	1	1	0.0
chr11	309395	310138	cds_intronic_30192	+	309396	NA	NA	NA	1	1	0.0
chr15	78457419	78458490	cds_intronic_68089	+	78458490	NA	NA	NA	1	1	0.0
chr13	100211789	100214943	cds_intronic_55684	+	100214943	NA	AATAAA AATAAA	11 17	1	1	0.0
