chrm	beg	end	utr_ID	strand	polyA_coordinate	annotated_polyA_distance	nearby_PAS	PAS_distance	number_supporting_reads	number_unique_supporting_reads	unique_reads_spread
chr1	61547979	61548432	five_utr_exonic_1586	+	61548336	NA	NA	NA	1	1	0.0
chr1	61547979	61548432	five_utr_exonic_1586	+	61548398	NA	NA	NA	1	1	0.0
chr17	73629552	73630303	five_utr_exonic_17201	+	73630127	NA	NA	NA	1	1	0.0
chr9	86590426	86591023	five_utr_exonic_39187	+	86590634	NA	NA	NA	1	1	0.0
chr9	86590426	86591023	five_utr_exonic_39187	+	86590820	NA	AATAAA	5	1	1	0.0
chr2	3518680	3521518	five_utr_exonic_20471	+	3519249	NA	NA	NA	2	1	0.0
chr11	93478994	93479646	five_utr_exonic_7985	+	93479357	NA	NA	NA	1	1	0.0
chr1	22050655	22051612	five_utr_exonic_583	+	22050655	NA	NA	NA	1	1	0.0
chr8	22470215	22470491	five_utr_exonic_37073	+	22470491	NA	AATACA AATACA ACTAAA	27 13 25	1	1	0.0
chr7	23509729	23510086	five_utr_exonic_34917	+	23509729	NA	NA	NA	2	1	0.0
chr7	23509729	23510086	five_utr_exonic_34917	+	23510039	NA	NA	NA	1	1	0.0
chr5	34916002	34916871	five_utr_exonic_30700	+	34916303	NA	AAGAAA	29	1	1	0.0
chr5	34916002	34916871	five_utr_exonic_30700	+	34916354	NA	NA	NA	1	1	0.0
chr6	15246526	15246770	five_utr_exonic_32637	+	15246770	NA	NA	NA	1	1	0.0
chr8	141679834	141680363	five_utr_exonic_38338	+	141680261	NA	NA	NA	1	1	0.0
chr12	53571854	53572138	five_utr_exonic_9676	+	53571854	NA	NA	NA	1	1	0.0
chr5	159848910	159849319	five_utr_exonic_32093	+	159849282	NA	NA	NA	1	1	0.0
chr10	75008208	75008600	five_utr_exonic_4969	+	75008531	NA	AAGAAA	8	2	1	0.0
chr10	75007262	75008050	five_utr_exonic_4968	+	75007540	NA	NA	NA	1	1	0.0
chr11	58910969	58913329	five_utr_exonic_6937	+	58912184	NA	NA	NA	1	1	0.0
chr14	91581013	91581565	five_utr_exonic_12410	+	91581565	NA	TTTAAA TTTAAA	33 0	1	1	0.0
chr16	90095750	90096309	five_utr_exonic_15373	+	90096130	NA	NA	NA	1	1	0.0
chr19	48752779	48753135	five_utr_exonic_19733	+	48752779	NA	NA	NA	1	1	0.0
chr19	48752779	48753135	five_utr_exonic_19733	+	48752844	NA	NA	NA	1	1	0.0
chr17	26925964	26926297	five_utr_exonic_15991	+	26926022	NA	NA	NA	3	1	0.0
chr7	110762470	110762828	five_utr_exonic_36092	+	110762470	NA	NA	NA	3	1	0.0
chr11	134047352	134047970	five_utr_exonic_8689	+	134047419	NA	AATACA	31	1	1	0.0
chr1	71546678	71546980	five_utr_exonic_1689	+	71546697	NA	NA	NA	9	3	0.816496580928
chr5	36152090	36152364	five_utr_exonic_30729	+	36152364	NA	TTTAAA TTTAAA	14 19	1	1	0.0
chr4	18022153	18022357	five_utr_exonic_29059	+	18022153	NA	NA	NA	1	1	0.0
chr9	131084134	131084497	five_utr_exonic_39863	+	131084134	NA	NA	NA	1	1	0.0
chr3	142442915	142443401	five_utr_exonic_28012	+	142442915	NA	NA	NA	1	1	0.0
chr3	142744623	142745990	five_utr_exonic_28016	+	142745307	NA	NA	NA	2	1	0.0
chr3	142744623	142745990	five_utr_exonic_28016	+	142745825	NA	NA	NA	1	1	0.0
chr10	73979808	73980083	five_utr_exonic_4944	+	73980028	NA	NA	NA	1	1	0.0
chr11	313852	314155	five_utr_exonic_5790	+	314049	NA	AATACA	9	1	1	0.0
chr2	47140838	47141257	five_utr_exonic_21034	+	47141147	NA	NA	NA	1	1	0.0
chr11	67272264	67272509	five_utr_exonic_7497	+	67272264	NA	NA	NA	1	1	0.0
chr1	151030233	151033029	five_utr_exonic_2460	+	151030234	NA	NA	NA	1	1	0.0
chr4	15687858	15688600	five_utr_exonic_29035	+	15688227	NA	AATAAA	21	2	1	0.0
chr18	19154804	19155391	five_utr_exonic_17654	+	19155150	NA	ATTAAA	8	1	1	0.0
chr18	18690871	18691812	five_utr_exonic_17650	+	18690907	NA	NA	NA	1	1	0.0
chr1	110887780	110888160	five_utr_exonic_2072	+	110887947	NA	NA	NA	1	1	0.0
chr11	8705805	8706264	five_utr_exonic_6204	+	8705805	NA	NA	NA	1	1	0.0
chr11	8705805	8706264	five_utr_exonic_6204	+	8706217	NA	TATAAA GATAAA	21 30	1	1	0.0
chr14	23504090	23504429	five_utr_exonic_11724	+	23504098	NA	NA	NA	1	1	0.0
chr9	95244574	95244788	five_utr_exonic_39277	+	95244692	NA	AAGAAA	12	1	1	0.0
chr15	93447702	93448137	five_utr_exonic_13764	+	93448062	NA	ATTAAA	18	1	1	0.0
chr15	93443418	93444054	five_utr_exonic_13762	+	93443811	NA	NA	NA	1	1	0.0
chr15	93443418	93444054	five_utr_exonic_13762	+	93443954	NA	AATAAA	6	1	1	0.0
chrX	153044801	153045680	five_utr_exonic_41912	+	153044801	NA	NA	NA	2	1	0.0
chr11	96075059	96076382	five_utr_exonic_8028	+	96076120	NA	NA	NA	1	1	0.0
chr11	96075059	96076382	five_utr_exonic_8028	+	96076322	NA	NA	NA	1	1	0.0
chr4	170541671	170542214	five_utr_exonic_30326	+	170542174	NA	NA	NA	1	1	0.0
chr10	126630691	126631062	five_utr_exonic_5665	+	126630871	NA	AAGAAA GATAAA	31 19	2	2	2.5495097568
chr16	87736120	87739290	five_utr_exonic_15281	+	87736513	NA	TTTAAA AAGAAA TTTAAA	2 8 32	1	1	0.0
chr16	87736120	87739290	five_utr_exonic_15281	+	87736566	NA	AATGAA	16	1	1	0.0
chr16	87736120	87739290	five_utr_exonic_15281	+	87736609	NA	TTTAAA TTTAAA	7 27	1	1	0.0
chr16	87736120	87739290	five_utr_exonic_15281	+	87738352	NA	ATTAAA	4	1	1	0.0
chr6	144285923	144289975	five_utr_exonic_34310	+	144286017	NA	GATAAA	18	1	1	0.0
chr6	144285923	144289975	five_utr_exonic_34310	+	144287989	NA	ATTAAA AATGAA	6 11	1	1	0.0
chr22	38884120	38884535	five_utr_exonic_25663	+	38884197	NA	NA	NA	3	3	2.58198889747
chr22	38884120	38884535	five_utr_exonic_25663	+	38884267	NA	NA	NA	1	1	0.0
chr14	56134368	56135521	five_utr_exonic_12035	+	56134695	NA	NA	NA	1	1	0.0
chr17	75315596	75316408	five_utr_exonic_17285	+	75316360	NA	NA	NA	1	1	0.0
chr12	133720454	133721078	five_utr_exonic_10883	+	133720735	NA	NA	NA	1	1	0.0
chr20	42159608	42161412	five_utr_exonic_24040	+	42160357	NA	NA	NA	1	1	0.0
chr20	42159608	42161412	five_utr_exonic_24040	+	42160505	NA	NA	NA	1	1	0.0
chr1	150522297	150522733	five_utr_exonic_2424	+	150522418	NA	NA	NA	2	1	0.0
chr15	44116767	44117000	five_utr_exonic_13048	+	44116924	NA	GATAAA	29	1	1	0.0
chr11	62437503	62438711	five_utr_exonic_7127	+	62438568	NA	NA	NA	2	2	4.52769256907
chr3	180632439	180632783	five_utr_exonic_28409	+	180632675	NA	CATAAA	14	1	1	0.0
chr20	62492565	62492893	five_utr_exonic_24457	+	62492569	NA	NA	NA	3	1	0.0
chr21	47667846	47668689	five_utr_exonic_24980	+	47668658	NA	NA	NA	1	1	0.0
chr21	47742652	47743789	five_utr_exonic_24988	+	47742689	NA	NA	NA	1	1	0.0
chr21	47742652	47743789	five_utr_exonic_24988	+	47743377	NA	NA	NA	3	3	2.16024689947
chr3	71294004	71294316	five_utr_exonic_27188	+	71294056	NA	AGTAAA	0	1	1	0.0
chr11	9483194	9483487	five_utr_exonic_6244	+	9483390	NA	NA	NA	1	1	0.0
chr9	139997799	139998781	five_utr_exonic_40172	+	139998763	NA	NA	NA	1	1	0.0
chr5	66300447	66300821	five_utr_exonic_31003	+	66300738	NA	AATAAA	4	1	1	0.0
chr9	91611420	91616115	five_utr_exonic_39238	+	91613166	NA	NA	NA	1	1	0.0
chr5	133706869	133707286	five_utr_exonic_31591	+	133707259	NA	NA	NA	1	1	0.0
chrX	13338053	13338518	five_utr_exonic_40343	+	13338075	NA	NA	NA	1	1	0.0
chr1	114301325	114302098	five_utr_exonic_2158	+	114301502	NA	NA	NA	1	1	0.0
chr1	113497897	113498975	five_utr_exonic_2154	+	113497960	NA	NA	NA	1	1	0.0
chr16	9187417	9188421	five_utr_exonic_14187	+	9187711	NA	NA	NA	1	1	0.0
chr16	9187417	9188421	five_utr_exonic_14187	+	9187773	NA	ATTAAA AAGAAA	31 19	1	1	0.0
chr4	140222608	140222931	five_utr_exonic_30048	+	140222682	NA	NA	NA	1	1	0.0
chr3	197024075	197024986	five_utr_exonic_28722	+	197024661	NA	NA	NA	1	1	0.0
chr8	144669022	144669734	five_utr_exonic_38436	+	144669514	NA	NA	NA	1	1	0.0
chr12	118796723	118796971	five_utr_exonic_10518	+	118796888	NA	AAGAAA	15	1	1	0.0
chr12	118797310	118797525	five_utr_exonic_10519	+	118797371	NA	AAGAAA AATGAA ATTAAA	9 5 3	1	1	0.0
chr1	145438468	145438802	five_utr_exonic_2286	+	145438695	NA	AATAAA	27	1	1	0.0
chr1	145438468	145438802	five_utr_exonic_2286	+	145438759	NA	NA	NA	4	2	1.5
chr1	145439305	145439507	five_utr_exonic_2287	+	145439461	NA	NA	NA	1	1	0.0
chr5	43040148	43041453	five_utr_exonic_30810	+	43041453	NA	NA	NA	1	1	0.0
chr2	159313475	159313730	five_utr_exonic_22195	+	159313653	NA	ATTAAA	6	1	1	0.0
chr2	231578262	231578773	five_utr_exonic_23139	+	231578773	NA	NA	NA	1	1	0.0
chr2	187350882	187351109	five_utr_exonic_22516	+	187351094	NA	NA	NA	1	1	0.0
chr1	235492330	235493819	five_utr_exonic_3997	+	235492866	NA	NA	NA	2	1	0.0
chr11	61572282	61574000	five_utr_exonic_7067	+	61572924	NA	NA	NA	1	1	0.0
chr11	61571239	61572152	five_utr_exonic_7066	+	61572108	NA	NA	NA	1	1	0.0
chr19	56165415	56166470	five_utr_exonic_20270	+	56166014	NA	NA	NA	1	1	0.0
chr22	22899252	22900174	five_utr_exonic_25180	+	22899403	NA	AATACA	0	1	1	0.0
chr11	33902188	33902648	five_utr_exonic_6589	+	33902456	NA	NA	NA	1	1	0.0
chr11	33902188	33902648	five_utr_exonic_6589	+	33902522	NA	NA	NA	1	1	0.0
chr11	33792376	33795893	five_utr_exonic_6585	+	33792827	NA	AATACA TTTAAA AATAAA TTTAAA	2 28 19 6	5	2	4.0
chr15	60674640	60677026	five_utr_exonic_13234	+	60675408	NA	NA	NA	1	1	0.0
chr12	123461971	123462746	five_utr_exonic_10679	+	123461971	NA	NA	NA	1	1	0.0
chr12	49523505	49525080	five_utr_exonic_9529	+	49523746	NA	AATGAA	7	2	1	0.0
chr5	43476215	43476603	five_utr_exonic_30830	+	43476220	NA	NA	NA	1	1	0.0
chr3	19975510	19975716	five_utr_exonic_26298	+	19975546	NA	NA	NA	1	1	0.0
chr8	37735069	37735635	five_utr_exonic_37287	+	37735585	NA	AATAAA AATAAA AAGAAA	3 24 20	1	1	0.0
chr9	139292880	139293249	five_utr_exonic_40112	+	139292926	NA	NA	NA	1	1	0.0
chr11	47544799	47545540	five_utr_exonic_6805	+	47545227	NA	ATTAAA	23	1	1	0.0
chr5	179293918	179294302	five_utr_exonic_32393	+	179294105	NA	NA	NA	1	1	0.0
chr11	61183991	61187021	five_utr_exonic_7045	+	61184114	NA	ACTAAA	19	1	1	0.0
chr12	132195992	132198615	five_utr_exonic_10800	+	132196404	NA	NA	NA	1	1	0.0
chr12	132195992	132198615	five_utr_exonic_10800	+	132196968	NA	AAGAAA	5	1	1	0.0
chr12	132195992	132198615	five_utr_exonic_10800	+	132197385	NA	ATTAAA GATAAA	22 18	2	1	0.0
chr12	132195992	132198615	five_utr_exonic_10800	+	132197643	NA	NA	NA	1	1	0.0
chr12	132195992	132198615	five_utr_exonic_10800	+	132198184	NA	NA	NA	1	1	0.0
chr12	132195992	132198615	five_utr_exonic_10800	+	132198250	NA	NA	NA	1	1	0.0
chr5	142782775	142783265	five_utr_exonic_31843	+	142782888	NA	AATATA AATATA	23 9	1	1	0.0
chr11	64012792	64013288	five_utr_exonic_7217	+	64012990	NA	NA	NA	1	1	0.0
chr4	6711356	6711607	five_utr_exonic_28956	+	6711569	NA	NA	NA	1	1	0.0
chr7	44613494	44614650	five_utr_exonic_35219	+	44614273	NA	NA	NA	1	1	0.0
chr6	26659668	26659980	five_utr_exonic_32769	+	26659863	NA	NA	NA	1	1	0.0
chr12	122331722	122332644	five_utr_exonic_10613	+	122332444	NA	NA	NA	1	1	0.0
chr5	173315282	173316736	five_utr_exonic_32182	+	173316671	NA	NA	NA	1	1	0.0
chr10	114205194	114205408	five_utr_exonic_5506	+	114205248	NA	TTTAAA TTTAAA	12 22	1	1	0.0
chr2	242207891	242208109	five_utr_exonic_23359	+	242208109	NA	NA	NA	1	1	0.0
chr8	126010847	126011645	five_utr_exonic_38231	+	126011335	NA	NA	NA	1	1	0.0
chr9	126027481	126028365	five_utr_exonic_39722	+	126027491	NA	NA	NA	1	1	0.0
chr1	174128547	174128795	five_utr_exonic_3224	+	174128728	NA	NA	NA	1	1	0.0
chr11	61099163	61099858	five_utr_exonic_7028	+	61099582	NA	GATAAA	20	1	1	0.0
chr11	61090644	61091358	five_utr_exonic_7025	+	61091236	NA	AAGAAA	3	1	1	0.0
chr17	80481112	80481856	five_utr_exonic_17482	+	80481421	NA	NA	NA	2	1	0.0
chr2	61763336	61763723	five_utr_exonic_21145	+	61763430	NA	ACTAAA	30	1	1	0.0
chr7	120629104	120629675	five_utr_exonic_36182	+	120629503	NA	ATTAAA	19	2	1	0.0
chr7	120629104	120629675	five_utr_exonic_36182	+	120629545	NA	NA	NA	3	2	0.816496580928
chr7	120629104	120629675	five_utr_exonic_36182	+	120629613	NA	NA	NA	1	1	0.0
chr8	67579193	67579452	five_utr_exonic_37587	+	67579433	NA	NA	NA	1	1	0.0
chr13	97927885	97928489	five_utr_exonic_11427	+	97928000	NA	NA	NA	1	1	0.0
chr13	97927885	97928489	five_utr_exonic_11427	+	97928058	NA	NA	NA	2	2	1.0
chr13	97874573	97874785	five_utr_exonic_11426	+	97874599	NA	NA	NA	1	1	0.0
chr1	156566964	156567591	five_utr_exonic_2848	+	156567197	NA	NA	NA	1	1	0.0
chr7	39663484	39664026	five_utr_exonic_35162	+	39663976	NA	NA	NA	2	2	1.0
chr12	122762750	122763019	five_utr_exonic_10636	+	122762750	NA	NA	NA	1	1	0.0
chr12	27090590	27091259	five_utr_exonic_9297	+	27090726	NA	NA	NA	1	1	0.0
chr12	27090590	27091259	five_utr_exonic_9297	+	27090796	NA	NA	NA	1	1	0.0
chrX	102931955	102933308	five_utr_exonic_41289	+	102933304	NA	NA	NA	1	1	0.0
chr3	48964150	48964991	five_utr_exonic_26788	+	48964892	NA	NA	NA	2	2	7.0
chr3	48964150	48964991	five_utr_exonic_26788	+	48964991	NA	NA	NA	4	1	0.0
chr1	153746829	153747589	five_utr_exonic_2679	+	153747284	NA	ATTAAA	18	1	1	0.0
chr5	137223656	137224883	five_utr_exonic_31650	+	137224625	NA	AATAGA	4	1	1	0.0
chr15	52338026	52338657	five_utr_exonic_13160	+	52338158	NA	AATAAA AATATA	25 29	1	1	0.0
chr12	133306856	133308796	five_utr_exonic_10849	+	133307521	NA	NA	NA	1	1	0.0
chr12	133306856	133308796	five_utr_exonic_10849	+	133308017	NA	ATTAAA AATGAA	25 5	2	1	0.0
chr12	133287667	133288275	five_utr_exonic_10847	+	133288215	NA	AATACA	34	1	1	0.0
chr8	38104321	38105230	five_utr_exonic_37302	+	38104336	NA	NA	NA	2	1	0.0
chr1	242012032	242012329	five_utr_exonic_4058	+	242012315	NA	NA	NA	2	2	1.0
chr5	96345337	96345900	five_utr_exonic_31304	+	96345741	NA	AATGAA	19	1	1	0.0
chr12	110025665	110028575	five_utr_exonic_10387	+	110027393	NA	AATAGA	12	1	1	0.0
chr12	109957360	109958952	five_utr_exonic_10382	+	109958636	NA	NA	NA	1	1	0.0
chr12	109946254	109947400	five_utr_exonic_10381	+	109946524	NA	NA	NA	1	1	0.0
chr7	30538946	30539592	five_utr_exonic_35050	+	30539465	NA	AATATA TTTAAA TTTAAA	18 4 30	1	1	0.0
chr21	16340513	16340847	five_utr_exonic_24508	+	16340847	NA	ATTAAA	18	1	1	0.0
chr19	45971252	45971844	five_utr_exonic_19620	+	45971420	NA	AAGAAA AAGAAA AATGAA	3 12 8	1	1	0.0
chr7	26241312	26242229	five_utr_exonic_34958	+	26242091	NA	NA	NA	2	1	0.0
chr22	19467260	19467491	five_utr_exonic_25062	+	19467468	NA	NA	NA	1	1	0.0
chr2	55844421	55844758	five_utr_exonic_21108	+	55844746	NA	NA	NA	1	1	0.0
chr4	99850263	99851788	five_utr_exonic_29750	+	99851387	NA	NA	NA	1	1	0.0
chr12	15501201	15501532	five_utr_exonic_9154	+	15501395	NA	AAGAAA ACTAAA	3 8	2	1	0.0
chr1	157014122	157015162	five_utr_exonic_2882	+	157014605	NA	NA	NA	1	1	0.0
chr1	157014122	157015162	five_utr_exonic_2882	+	157014872	NA	NA	NA	1	1	0.0
chr1	157014122	157015162	five_utr_exonic_2882	+	157014992	NA	AAGAAA	4	1	1	0.0
chr1	220262985	220263191	five_utr_exonic_3787	+	220262985	NA	NA	NA	1	1	0.0
chr2	74729986	74731805	five_utr_exonic_21373	+	74731804	NA	TATAAA	23	1	1	0.0
chr6	2959566	2961561	five_utr_exonic_32476	+	2961447	NA	GATAAA	13	2	2	0.707106781187
chr1	46125855	46126897	five_utr_exonic_1360	+	46126507	NA	CATAAA	15	2	2	5.0
chr4	115543522	115544036	five_utr_exonic_29925	+	115543966	NA	NA	NA	1	1	0.0
chr22	40807911	40808896	five_utr_exonic_25738	+	40808045	NA	AATAAA	8	1	1	0.0
chr11	45939362	45939631	five_utr_exonic_6718	+	45939582	NA	NA	NA	1	1	0.0
chr19	7069470	7069784	five_utr_exonic_18341	+	7069717	NA	NA	NA	1	1	0.0
chr13	41556190	41556418	five_utr_exonic_11119	+	41556243	NA	NA	NA	1	1	0.0
chr5	140063252	140064923	five_utr_exonic_31770	+	140064713	NA	AAGAAA	28	1	1	0.0
chr1	227504883	227506175	five_utr_exonic_3890	+	227505158	NA	AATACA TTTAAA TTTAAA	21 13 21	1	1	0.0
chr1	227504883	227506175	five_utr_exonic_3890	+	227505362	NA	AAGAAA	18	3	1	0.0
chr21	38458089	38459557	five_utr_exonic_24729	+	38458853	NA	NA	NA	1	1	0.0
chr12	51318533	51318821	five_utr_exonic_9588	+	51318761	NA	NA	NA	1	1	0.0
chr12	123732824	123736114	five_utr_exonic_10694	+	123732871	NA	NA	NA	1	1	0.0
chr7	924031	925692	five_utr_exonic_34626	+	924105	NA	NA	NA	1	1	0.0
chr7	112101386	112101920	five_utr_exonic_36108	+	112101653	NA	NA	NA	1	1	0.0
chr7	112101386	112101920	five_utr_exonic_36108	+	112101919	NA	AATATA	10	1	1	0.0
chr17	42785975	42786188	five_utr_exonic_16570	+	42786018	NA	NA	NA	1	1	0.0
chr20	61437237	61438888	five_utr_exonic_24397	+	61437922	NA	NA	NA	1	1	0.0
chr12	14547796	14548186	five_utr_exonic_9119	+	14547988	NA	NA	NA	1	1	0.0
chr12	46915972	46916307	five_utr_exonic_9448	+	46916293	NA	ACTAAA	26	1	1	0.0
chr13	41933098	41933855	five_utr_exonic_11130	+	41933229	NA	CATAAA AATAAA AATGAA	8 12 18	2	1	0.0
chr4	151935794	151936013	five_utr_exonic_30143	+	151935853	NA	NA	NA	3	2	1.15470053838
chr13	53196123	53196399	five_utr_exonic_11309	+	53196240	NA	NA	NA	1	1	0.0
chr6	158733691	158735048	five_utr_exonic_34468	+	158734930	NA	NA	NA	1	1	0.0
chr12	53575460	53575767	five_utr_exonic_9687	+	53575622	NA	AAGAAA AATAGA	28 7	1	1	0.0
chr5	64777169	64777747	five_utr_exonic_30978	+	64777290	NA	AATAAA AATAAA ATTAAA	5 13 23	2	1	0.0
chr5	64777169	64777747	five_utr_exonic_30978	+	64777347	NA	AATAAA	26	1	1	0.0
chr5	64769500	64769779	five_utr_exonic_30977	+	64769696	NA	AAGAAA AATGAA	28 11	1	1	0.0
chr10	75167952	75168165	five_utr_exonic_4974	+	75168025	NA	NA	NA	2	2	1.0
chr5	138941613	138941992	five_utr_exonic_31735	+	138941977	NA	NA	NA	2	1	0.0
chr11	57531324	57531604	five_utr_exonic_6905	+	57531590	NA	NA	NA	1	1	0.0
chr6	42017388	42018095	five_utr_exonic_33385	+	42017821	NA	NA	NA	1	1	0.0
chr1	33290497	33291086	five_utr_exonic_955	+	33290741	NA	NA	NA	1	1	0.0
chr21	40717884	40718454	five_utr_exonic_24764	+	40718454	NA	AATACA AATAGA	14 9	1	1	0.0
chr3	56697600	56698359	five_utr_exonic_27051	+	56698073	NA	CATAAA	3	1	1	0.0
chr14	21730759	21733675	five_utr_exonic_11678	+	21731028	NA	ATTAAA AATGAA TTTAAA TTTAAA	30 22 7 27	1	1	0.0
chr14	21730759	21733675	five_utr_exonic_11678	+	21731745	NA	NA	NA	1	1	0.0
chr1	225600403	225601575	five_utr_exonic_3844	+	225601365	NA	CATAAA AATGAA	22 25	1	1	0.0
chr6	160146616	160147883	five_utr_exonic_34487	+	160147340	NA	NA	NA	1	1	0.0
chr9	123630537	123630900	five_utr_exonic_39635	+	123630639	NA	NA	NA	1	1	0.0
chr4	56411619	56412099	five_utr_exonic_29327	+	56411716	NA	AATAAA AAGAAA	5 27	1	1	0.0
chr7	97499089	97499289	five_utr_exonic_35751	+	97499134	NA	AAGAAA AATAAA	23 29	2	1	0.0
chr6	111195972	111196308	five_utr_exonic_33975	+	111196179	NA	TATAAA AATATA TTTAAA TTTAAA	25 23 10 24	3	2	0.57735026919
chr21	46221663	46221934	five_utr_exonic_24933	+	46221695	NA	NA	NA	2	2	0.707106781187
chr6	31725198	31725905	five_utr_exonic_33026	+	31725880	NA	NA	NA	1	1	0.0
chr1	42655075	42655480	five_utr_exonic_1206	+	42655272	NA	NA	NA	2	1	0.0
chr11	65270288	65271093	five_utr_exonic_7322	+	65270294	NA	NA	NA	24	5	4.17332800852
chr11	65270288	65271093	five_utr_exonic_7322	+	65270344	NA	AATGAA TTTAAA TTTAAA	4 19 15	3	3	6.87992248018
chr11	65270288	65271093	five_utr_exonic_7322	+	65270380	NA	TTTAAA TTTAAA	6 28	13	4	3.05085107924
chr11	65270288	65271093	five_utr_exonic_7322	+	65270457	NA	NA	NA	368	10	3.20453143831
chr11	65270288	65271093	five_utr_exonic_7322	+	65270501	NA	AAGAAA AATGAA	3 7	37	8	4.80427737345
chr11	65270288	65271093	five_utr_exonic_7322	+	65270547	NA	AATAAA	6	1	1	0.0
chr11	65270288	65271093	five_utr_exonic_7322	+	65270775	NA	NA	NA	2	2	2.5495097568
chr11	65270288	65271093	five_utr_exonic_7322	+	65270986	NA	NA	NA	1	1	0.0
chr11	65270288	65271093	five_utr_exonic_7322	+	65271060	NA	NA	NA	2	2	10.0
chr11	65270288	65271093	five_utr_exonic_7322	+	65271093	NA	AATAAA ATTAAA AATAAA	21 4 1	13	1	0.0
chr17	34868716	34869008	five_utr_exonic_16188	+	34868932	NA	TTTAAA TTTAAA	10 24	1	1	0.0
chr8	11660520	11660830	five_utr_exonic_36885	+	11660610	NA	NA	NA	1	1	0.0
chr8	11660520	11660830	five_utr_exonic_36885	+	11660830	NA	AATGAA	26	1	1	0.0
chr8	11665451	11665826	five_utr_exonic_36886	+	11665451	NA	NA	NA	1	1	0.0
chr15	42749403	42749730	five_utr_exonic_12980	+	42749508	NA	NA	NA	1	1	0.0
chr12	30841390	30841692	five_utr_exonic_9351	+	30841467	NA	NA	NA	1	1	0.0
chr19	1969506	1969771	five_utr_exonic_18126	+	1969771	NA	NA	NA	1	1	0.0
chr12	121768505	121769149	five_utr_exonic_10583	+	121768653	NA	ATTAAA	33	1	1	0.0
chr12	121768505	121769149	five_utr_exonic_10583	+	121768707	NA	NA	NA	1	1	0.0
chr12	121768505	121769149	five_utr_exonic_10583	+	121768751	NA	NA	NA	1	1	0.0
chr12	124207756	124209200	five_utr_exonic_10721	+	124208080	NA	NA	NA	2	2	8.51469318296
chr12	70715834	70718054	five_utr_exonic_10059	+	70716862	NA	NA	NA	1	1	0.0
chr12	70715834	70718054	five_utr_exonic_10059	+	70717740	NA	AATAAA	21	1	1	0.0
chr20	34370249	34370531	five_utr_exonic_23915	+	34370251	NA	NA	NA	3	2	2.44948974278
chr22	36044441	36044670	five_utr_exonic_25515	+	36044467	NA	NA	NA	1	1	0.0
chr22	36044441	36044670	five_utr_exonic_25515	+	36044668	NA	NA	NA	1	1	0.0
chr7	1489941	1490172	five_utr_exonic_34646	+	1489941	NA	NA	NA	2	1	0.0
chr5	122847792	122848264	five_utr_exonic_31463	+	122847870	NA	ATTAAA	8	1	1	0.0
chr13	21141808	21142115	five_utr_exonic_10918	+	21142020	NA	NA	NA	1	1	0.0
chr7	151838600	151839884	five_utr_exonic_36695	+	151838600	NA	NA	NA	1	1	0.0
chr17	2206307	2206813	five_utr_exonic_15437	+	2206381	NA	AATAAA	20	1	1	0.0
chr1	93298024	93298945	five_utr_exonic_1885	+	93298366	NA	ACTAAA	1	1	1	0.0
chr14	35591165	35591519	five_utr_exonic_11885	+	35591176	NA	NA	NA	5	3	2.2360679775
chr15	96873945	96875334	five_utr_exonic_13774	+	96873993	NA	TATAAA	4	1	1	0.0
chr8	116680771	116681228	five_utr_exonic_38137	+	116681039	NA	NA	NA	1	1	0.0
chr9	95055727	95056038	five_utr_exonic_39269	+	95055727	NA	NA	NA	1	1	0.0
chr9	95055727	95056038	five_utr_exonic_39269	+	95055791	NA	AAGAAA	31	1	1	0.0
chr11	61580825	61581040	five_utr_exonic_7069	+	61580928	NA	NA	NA	1	1	0.0
chr5	90678909	90679176	five_utr_exonic_31254	+	90678909	NA	NA	NA	1	1	0.0
chr12	123944069	123944435	five_utr_exonic_10706	+	123944311	NA	NA	NA	1	1	0.0
chr11	89939978	89942646	five_utr_exonic_7956	+	89941239	NA	NA	NA	1	1	0.0
chr11	89939440	89939915	five_utr_exonic_7955	+	89939460	NA	NA	NA	1	1	0.0
chr9	136214014	136214634	five_utr_exonic_40028	+	136214209	NA	NA	NA	1	1	0.0
chr1	117208948	117209578	five_utr_exonic_2219	+	117209287	NA	NA	NA	1	1	0.0
chr3	160116933	160118614	five_utr_exonic_28215	+	160118355	NA	NA	NA	1	1	0.0
chr3	24536142	24536496	five_utr_exonic_26329	+	24536246	NA	NA	NA	1	1	0.0
chr5	56471274	56472227	five_utr_exonic_30919	+	56472173	NA	AATAAA AATACA	19 25	2	2	3.0
chr19	52780404	52780731	five_utr_exonic_20018	+	52780648	NA	NA	NA	1	1	0.0
chr20	45984193	45984401	five_utr_exonic_24201	+	45984401	NA	AATAAA	12	1	1	0.0
chr1	110162458	110162890	five_utr_exonic_2043	+	110162509	NA	NA	NA	1	1	0.0
chr5	88119605	88120092	five_utr_exonic_31234	+	88119632	NA	NA	NA	5	3	2.14476105895
chr2	44586854	44587815	five_utr_exonic_21003	+	44587039	NA	NA	NA	1	1	0.0
chr11	3011092	3012265	five_utr_exonic_5982	+	3011366	NA	NA	NA	1	1	0.0
chr21	36421196	36421641	five_utr_exonic_24696	+	36421532	NA	NA	NA	1	1	0.0
chr21	36259409	36260987	five_utr_exonic_24694	+	36259852	NA	NA	NA	1	1	0.0
chr21	36259409	36260987	five_utr_exonic_24694	+	36260403	NA	NA	NA	1	1	0.0
chr21	36259409	36260987	five_utr_exonic_24694	+	36260740	NA	NA	NA	1	1	0.0
chr21	36259409	36260987	five_utr_exonic_24694	+	36260803	NA	AAGAAA	23	1	1	0.0
chr11	93456564	93457419	five_utr_exonic_7979	+	93456660	NA	TATAAA	4	1	1	0.0
chr11	96123157	96123813	five_utr_exonic_8036	+	96123458	NA	NA	NA	1	1	0.0
chr1	247320806	247321268	five_utr_exonic_4115	+	247320917	NA	AATAAA AAGAAA	15 3	1	1	0.0
chr1	247320806	247321268	five_utr_exonic_4115	+	247321253	NA	AATAGA	24	1	1	0.0
chr17	37617738	37618324	five_utr_exonic_16266	+	37618299	NA	NA	NA	1	1	0.0
chr2	162164548	162165297	five_utr_exonic_22226	+	162165053	NA	NA	NA	1	1	0.0
chr6	31804619	31805012	five_utr_exonic_33041	+	31804923	NA	NA	NA	1	1	0.0
chr12	109915067	109915914	five_utr_exonic_10378	+	109915914	NA	NA	NA	1	1	0.0
chr11	9192324	9193792	five_utr_exonic_6237	+	9192471	NA	AGTAAA	9	1	1	0.0
chr8	28748224	28748536	five_utr_exonic_37218	+	28748533	NA	NA	NA	1	1	0.0
chr11	18368650	18369134	five_utr_exonic_6431	+	18369105	NA	AAGAAA	19	1	1	0.0
chr5	81600433	81600669	five_utr_exonic_31210	+	81600602	NA	ATTAAA	3	1	1	0.0
chr8	86130935	86131592	five_utr_exonic_37775	+	86131464	NA	NA	NA	1	1	0.0
chr1	16199996	16200609	five_utr_exonic_426	+	16200036	NA	NA	NA	1	1	0.0
chr1	16199996	16200609	five_utr_exonic_426	+	16200397	NA	NA	NA	1	1	0.0
chr10	18940132	18940551	five_utr_exonic_4399	+	18940197	NA	NA	NA	1	1	0.0
chr10	18940132	18940551	five_utr_exonic_4399	+	18940410	NA	NA	NA	1	1	0.0
chr9	4725523	4726250	five_utr_exonic_38636	+	4725611	NA	NA	NA	1	1	0.0
chr10	32635843	32636146	five_utr_exonic_4530	+	32635843	NA	NA	NA	1	1	0.0
chr4	174450440	174451380	five_utr_exonic_30356	+	174451078	NA	AATGAA ATTAAA	27 10	1	1	0.0
chr11	9602773	9603078	five_utr_exonic_6251	+	9602774	NA	NA	NA	1	1	0.0
chr11	9602773	9603078	five_utr_exonic_6251	+	9603016	NA	AAGAAA	33	2	1	0.0
chr5	133510152	133510456	five_utr_exonic_31582	+	133510456	NA	NA	NA	1	1	0.0
chr5	133510622	133511261	five_utr_exonic_31583	+	133510622	NA	NA	NA	1	1	0.0
chr19	14599757	14600199	five_utr_exonic_18699	+	14599757	NA	NA	NA	1	1	0.0
chr9	134065507	134065815	five_utr_exonic_39974	+	134065680	NA	NA	NA	1	1	0.0
chr8	59472842	59474306	five_utr_exonic_37536	+	59474185	NA	TTTAAA AAGAAA TTTAAA	31 7 3	1	1	0.0
chr9	139730297	139731606	five_utr_exonic_40141	+	139731412	NA	NA	NA	1	1	0.0
chr5	6714717	6715232	five_utr_exonic_30571	+	6715232	NA	NA	NA	1	1	0.0
chr6	74229749	74231444	five_utr_exonic_33701	+	74229757	NA	NA	NA	5	2	9.21954445729
chr4	88312222	88312538	five_utr_exonic_29657	+	88312323	NA	NA	NA	5	2	2.86356421266
chr12	133217611	133218211	five_utr_exonic_10833	+	133217687	NA	NA	NA	1	1	0.0
chr1	234509586	234509972	five_utr_exonic_3988	+	234509867	NA	NA	NA	2	2	8.51469318296
chr1	193074768	193075244	five_utr_exonic_3404	+	193075053	NA	NA	NA	1	1	0.0
chr19	50336140	50338242	five_utr_exonic_19868	+	50336445	NA	NA	NA	1	1	0.0
chr7	150656843	150657964	five_utr_exonic_36636	+	150657384	NA	TTTAAA AAGAAA TTTAAA	26 14 8	2	1	0.0
chr3	17780834	17782399	five_utr_exonic_26288	+	17781436	NA	NA	NA	1	1	0.0
chr1	11249397	11249636	five_utr_exonic_295	+	11249622	NA	NA	NA	1	1	0.0
chr8	102214560	102217557	five_utr_exonic_38009	+	102216292	NA	NA	NA	1	1	0.0
chr1	173793640	173794367	five_utr_exonic_3216	+	173794305	NA	AATACA	9	1	1	0.0
chr1	19431160	19431410	five_utr_exonic_485	+	19431275	NA	NA	NA	1	1	0.0
chr11	13741449	13743276	five_utr_exonic_6330	+	13741852	NA	NA	NA	1	1	0.0
chr11	13741449	13743276	five_utr_exonic_6330	+	13742090	NA	AATATA AATAAA	23 23	2	1	0.0
chr7	99674980	99675462	five_utr_exonic_35831	+	99675093	NA	NA	NA	1	1	0.0
chr7	99676304	99676790	five_utr_exonic_35832	+	99676484	NA	NA	NA	1	1	0.0
chr7	99679923	99680171	five_utr_exonic_35835	+	99680144	NA	NA	NA	1	1	0.0
chr1	21100103	21101498	five_utr_exonic_547	+	21100980	NA	NA	NA	1	1	0.0
chr1	21100103	21101498	five_utr_exonic_547	+	21101180	NA	NA	NA	1	1	0.0
chr17	26369181	26369899	five_utr_exonic_15965	+	26369433	NA	ATTAAA	5	1	1	0.0
chr17	26369181	26369899	five_utr_exonic_15965	+	26369691	NA	AAGAAA	5	4	4	6.53834841531
chr17	26369181	26369899	five_utr_exonic_15965	+	26369759	NA	ATTAAA	24	2	2	3.0
chr5	96077898	96078182	five_utr_exonic_31293	+	96078002	NA	NA	NA	1	1	0.0
chr5	96077898	96078182	five_utr_exonic_31293	+	96078062	NA	AGTAAA	28	1	1	0.0
chr5	179050134	179051670	five_utr_exonic_32366	+	179050498	NA	NA	NA	1	1	0.0
chr5	179050134	179051670	five_utr_exonic_32366	+	179050668	NA	NA	NA	1	1	0.0
chr3	151987227	151987567	five_utr_exonic_28125	+	151987567	NA	AAGAAA	33	2	1	0.0
chr3	152017193	152017982	five_utr_exonic_28126	+	152017449	NA	NA	NA	1	1	0.0
chr3	152017193	152017982	five_utr_exonic_28126	+	152017925	NA	NA	NA	1	1	0.0
chr11	66406405	66407170	five_utr_exonic_7440	+	66406905	NA	AAGAAA	25	1	1	0.0
chr1	26231634	26231980	five_utr_exonic_716	+	26231855	NA	NA	NA	1	1	0.0
chr19	42744331	42746045	five_utr_exonic_19471	+	42744821	NA	AGTAAA	14	1	1	0.0
chr7	102573676	102574024	five_utr_exonic_35993	+	102573728	NA	NA	NA	1	1	0.0
chr10	3171198	3172010	five_utr_exonic_4205	+	3171555	NA	NA	NA	1	1	0.0
chr6	90539627	90541058	five_utr_exonic_33827	+	90540871	NA	AATAAA	5	1	1	0.0
chr6	90539627	90541058	five_utr_exonic_33827	+	90540935	NA	AAGAAA AAGAAA	5 11	1	1	0.0
chrX	102940098	102941149	five_utr_exonic_41292	+	102940840	NA	NA	NA	1	1	0.0
chr11	77849823	77850304	five_utr_exonic_7836	+	77850042	NA	AATGAA	5	7	1	0.0
chr11	76066698	76070617	five_utr_exonic_7789	+	76068618	NA	NA	NA	1	1	0.0
chr1	153603486	153603836	five_utr_exonic_2666	+	153603731	NA	AGTAAA	8	1	1	0.0
chr2	145277505	145277966	five_utr_exonic_22094	+	145277598	NA	NA	NA	1	1	0.0
chr8	103876034	103876578	five_utr_exonic_38047	+	103876174	NA	NA	NA	1	1	0.0
chr3	187455384	187455732	five_utr_exonic_28575	+	187455601	NA	NA	NA	1	1	0.0
chr12	133404912	133405439	five_utr_exonic_10858	+	133404912	NA	NA	NA	1	1	0.0
chr12	133331719	133338203	five_utr_exonic_10855	+	133332221	NA	NA	NA	1	1	0.0
chr12	133311161	133311709	five_utr_exonic_10850	+	133311200	NA	AAGAAA	4	1	1	0.0
chr7	140176082	140176717	five_utr_exonic_36442	+	140176360	NA	NA	NA	1	1	0.0
chr5	98195971	98196386	five_utr_exonic_31314	+	98195971	NA	NA	NA	1	1	0.0
chr18	47017941	47018203	five_utr_exonic_17829	+	47018185	NA	NA	NA	1	1	0.0
chr12	54689032	54689544	five_utr_exonic_9751	+	54689365	NA	NA	NA	2	2	7.0
chr12	122618867	122619625	five_utr_exonic_10622	+	122619607	NA	NA	NA	2	2	4.52769256907
chr10	70166707	70166942	five_utr_exonic_4868	+	70166942	NA	NA	NA	1	1	0.0
chr2	64068843	64069319	five_utr_exonic_21173	+	64069198	NA	AATAAA ATTAAA	16 31	1	1	0.0
chr11	118958212	118958788	five_utr_exonic_8369	+	118958720	NA	NA	NA	16	2	1.0
chr3	123675642	123677747	five_utr_exonic_27633	+	123675971	NA	AAGAAA AATATA	8 32	1	1	0.0
chr16	24550907	24551947	five_utr_exonic_14428	+	24550921	NA	NA	NA	1	1	0.0
chr1	11863571	11864589	five_utr_exonic_315	+	11864226	NA	NA	NA	1	1	0.0
chr1	11863571	11864589	five_utr_exonic_315	+	11864448	NA	NA	NA	1	1	0.0
chr4	141445311	141445815	five_utr_exonic_30064	+	141445367	NA	NA	NA	2	2	1.58113883008
chr4	141445311	141445815	five_utr_exonic_30064	+	141445747	NA	NA	NA	2	1	0.0
chr4	141445311	141445815	five_utr_exonic_30064	+	141445815	NA	NA	NA	1	1	0.0
chr16	72127265	72127950	five_utr_exonic_15118	+	72127373	NA	NA	NA	1	1	0.0
chr19	58201167	58202072	five_utr_exonic_20360	+	58202020	NA	AATAAA AATATA	11 32	1	1	0.0
chr19	3121507	3122176	five_utr_exonic_18182	+	3121521	NA	NA	NA	1	1	0.0
chr1	12677353	12677737	five_utr_exonic_337	+	12677475	NA	AGTAAA	1	1	1	0.0
chr5	139059267	139059525	five_utr_exonic_31744	+	139059525	NA	NA	NA	1	1	0.0
chr21	38791206	38792676	five_utr_exonic_24734	+	38792633	NA	NA	NA	1	1	0.0
chr12	9809516	9809752	five_utr_exonic_8997	+	9809752	NA	NA	NA	2	1	0.0
chr14	73491216	73491650	five_utr_exonic_12236	+	73491270	NA	NA	NA	1	1	0.0
chr6	10887063	10887359	five_utr_exonic_32585	+	10887300	NA	NA	NA	19	3	1.10023920844
chr7	100286168	100287071	five_utr_exonic_35913	+	100286489	NA	NA	NA	1	1	0.0
chr2	32853098	32853359	five_utr_exonic_20880	+	32853338	NA	NA	NA	1	1	0.0
chrX	41192650	41193505	five_utr_exonic_40579	+	41193453	NA	NA	NA	1	1	0.0
chr1	203767973	203772144	five_utr_exonic_3551	+	203767976	NA	NA	NA	1	1	0.0
chr1	203767973	203772144	five_utr_exonic_3551	+	203769944	NA	AGTAAA AATAAA	6 1	1	1	0.0
chr1	203767973	203772144	five_utr_exonic_3551	+	203771783	NA	TTTAAA AATATA TTTAAA	17 10 17	2	2	19.5064092031
chr1	203767973	203772144	five_utr_exonic_3551	+	203771853	NA	AATGAA TTTAAA TTTAAA	20 16 18	4	2	16.0390149323
chr1	203767973	203772144	five_utr_exonic_3551	+	203771916	NA	NA	NA	1	1	0.0
chr1	32379173	32379387	five_utr_exonic_909	+	32379197	NA	NA	NA	2	1	0.0
chr1	32379173	32379387	five_utr_exonic_909	+	32379251	NA	NA	NA	2	1	0.0
chr1	32379173	32379387	five_utr_exonic_909	+	32379373	NA	AATGAA ACTAAA AATAGA	8 13 2	1	1	0.0
chr11	71938924	71939233	five_utr_exonic_7642	+	71938924	NA	NA	NA	1	1	0.0
chr12	123464590	123464934	five_utr_exonic_10682	+	123464592	NA	NA	NA	1	1	0.0
chr2	132044329	132044681	five_utr_exonic_22010	+	132044428	NA	NA	NA	1	1	0.0
chr2	190647321	190648299	five_utr_exonic_22554	+	190647994	NA	AAGAAA	7	1	1	0.0
chr22	20105304	20105836	five_utr_exonic_25097	+	20105690	NA	NA	NA	1	1	0.0
