chrm	beg	end	utr_ID	strand	polyA_coordinate	annotated_polyA_distance	nearby_PAS	PAS_distance	number_supporting_reads	number_unique_supporting_reads	unique_reads_spread
chr8	71572379	71572796	five_utr_exonic_37645	+	71572379	NA	NA	NA	1	1	0.0
chr9	86590426	86591023	five_utr_exonic_39187	+	86590820	NA	AATAAA	5	1	1	0.0
chr2	3518680	3521518	five_utr_exonic_20471	+	3519318	NA	GATAAA	30	2	1	0.0
chr12	57118745	57120981	five_utr_exonic_9869	+	57120537	NA	AATACA AATAGA	4 13	1	1	0.0
chr5	150137677	150138260	five_utr_exonic_31957	+	150137872	NA	AATACA CATAAA	14 10	2	1	0.0
chr11	93474661	93475111	five_utr_exonic_7981	+	93475081	NA	NA	NA	1	1	0.0
chr11	93478994	93479646	five_utr_exonic_7985	+	93479357	NA	NA	NA	1	1	0.0
chr1	22161547	22161840	five_utr_exonic_588	+	22161711	NA	NA	NA	1	1	0.0
chr1	22050655	22051612	five_utr_exonic_583	+	22051001	NA	CATAAA AATAAA	25 16	1	1	0.0
chr22	18120867	18121652	five_utr_exonic_25021	+	18120867	NA	NA	NA	1	1	0.0
chr11	61093289	61093701	five_utr_exonic_7026	+	61093471	NA	NA	NA	2	1	0.0
chr11	61093289	61093701	five_utr_exonic_7026	+	61093518	NA	AGTAAA AGTAAA	16 8	1	1	0.0
chr11	61090644	61091358	five_utr_exonic_7025	+	61090900	NA	AAGAAA	6	1	1	0.0
chr7	2281893	2282626	five_utr_exonic_34675	+	2282099	NA	NA	NA	1	1	0.0
chr7	2347362	2347585	five_utr_exonic_34677	+	2347553	NA	NA	NA	1	1	0.0
chr22	41175217	41176198	five_utr_exonic_25747	+	41175840	NA	AATACA	11	1	1	0.0
chr6	160209641	160209900	five_utr_exonic_34496	+	160209790	NA	NA	NA	1	1	0.0
chr2	175112457	175113088	five_utr_exonic_22395	+	175112539	NA	AATAAA	2	1	1	0.0
chr8	48886251	48887293	five_utr_exonic_37444	+	48887252	NA	ACTAAA	25	1	1	0.0
chr5	138678130	138679095	five_utr_exonic_31720	+	138678289	NA	AATACA	17	1	1	0.0
chr11	58910969	58913329	five_utr_exonic_6937	+	58912237	NA	NA	NA	1	1	0.0
chr11	58910969	58913329	five_utr_exonic_6937	+	58912920	NA	NA	NA	1	1	0.0
chr19	48752779	48753135	five_utr_exonic_19733	+	48752779	NA	NA	NA	1	1	0.0
chr7	110762470	110762828	five_utr_exonic_36092	+	110762470	NA	NA	NA	1	1	0.0
chrX	123097019	123097251	five_utr_exonic_41521	+	123097200	NA	NA	NA	1	1	0.0
chr4	77996251	77996485	five_utr_exonic_29535	+	77996251	NA	NA	NA	1	1	0.0
chr1	71546678	71546980	five_utr_exonic_1689	+	71546696	NA	NA	NA	1	1	0.0
chrX	48433339	48433568	five_utr_exonic_40695	+	48433383	NA	NA	NA	1	1	0.0
chr1	70697253	70697541	five_utr_exonic_1683	+	70697253	NA	NA	NA	1	1	0.0
chr1	151299746	151300191	five_utr_exonic_2486	+	151300023	NA	AATAAA AATAAA	16 26	1	1	0.0
chr1	151257681	151258550	five_utr_exonic_2483	+	151258327	NA	NA	NA	1	1	0.0
chr4	18022153	18022357	five_utr_exonic_29059	+	18022153	NA	NA	NA	1	1	0.0
chr2	70519806	70520284	five_utr_exonic_21263	+	70520154	NA	NA	NA	1	1	0.0
chr19	52901619	52901872	five_utr_exonic_20025	+	52901824	NA	AATAGA	24	1	1	0.0
chr3	142744623	142745990	five_utr_exonic_28016	+	142745144	NA	ACTAAA AATAAA	5 7	1	1	0.0
chr3	142744623	142745990	five_utr_exonic_28016	+	142745311	NA	NA	NA	2	1	0.0
chr11	65358859	65359172	five_utr_exonic_7336	+	65359085	NA	NA	NA	1	1	0.0
chr9	108463264	108463924	five_utr_exonic_39473	+	108463762	NA	NA	NA	1	1	0.0
chr18	19154804	19155391	five_utr_exonic_17654	+	19154804	NA	NA	NA	1	1	0.0
chr18	19154804	19155391	five_utr_exonic_17654	+	19154999	NA	NA	NA	1	1	0.0
chr1	110888271	110888778	five_utr_exonic_2073	+	110888701	NA	NA	NA	1	1	0.0
chr1	110887780	110888160	five_utr_exonic_2072	+	110887947	NA	NA	NA	3	1	0.0
chr6	31704077	31704349	five_utr_exonic_33019	+	31704117	NA	NA	NA	1	1	0.0
chr1	153949728	153950164	five_utr_exonic_2692	+	153949736	NA	NA	NA	1	1	0.0
chr15	93443418	93444054	five_utr_exonic_13762	+	93443794	NA	NA	NA	1	1	0.0
chr20	35090149	35090971	five_utr_exonic_23942	+	35090710	NA	NA	NA	1	1	0.0
chr3	10289706	10290751	five_utr_exonic_26133	+	10289724	NA	NA	NA	1	1	0.0
chr7	99006171	99006868	five_utr_exonic_35783	+	99006812	NA	NA	NA	1	1	0.0
chr6	146284866	146285233	five_utr_exonic_34331	+	146284958	NA	NA	NA	1	1	0.0
chr16	277335	277685	five_utr_exonic_13857	+	277514	NA	AATACA	24	2	1	0.0
chr1	226251677	226252052	five_utr_exonic_3866	+	226251759	NA	AATAAA ATTAAA ATTAAA	20 16 22	1	1	0.0
chr22	38884120	38884535	five_utr_exonic_25663	+	38884200	NA	NA	NA	1	1	0.0
chr9	129593687	129594788	five_utr_exonic_39784	+	129594410	NA	NA	NA	1	1	0.0
chr17	47723477	47723992	five_utr_exonic_16738	+	47723882	NA	NA	NA	1	1	0.0
chr3	88107168	88107373	five_utr_exonic_27242	+	88107191	NA	NA	NA	1	1	0.0
chr1	150522297	150522733	five_utr_exonic_2424	+	150522417	NA	NA	NA	3	2	1.0
chrX	70503610	70503838	five_utr_exonic_40999	+	70503776	NA	NA	NA	1	1	0.0
chr11	62437503	62438711	five_utr_exonic_7127	+	62438418	NA	AAGAAA	14	2	1	0.0
chr21	47667846	47668689	five_utr_exonic_24980	+	47668531	NA	CATAAA GATAAA	7 16	1	1	0.0
chr21	47667846	47668689	five_utr_exonic_24980	+	47668658	NA	NA	NA	1	1	0.0
chr8	101733811	101735037	five_utr_exonic_37997	+	101734245	NA	TTTAAA TTTAAA	3 31	1	1	0.0
chr17	2239721	2240678	five_utr_exonic_15441	+	2240037	NA	TATAAA	19	1	1	0.0
chr20	10394162	10394579	five_utr_exonic_23609	+	10394359	NA	ATTAAA	10	1	1	0.0
chr19	10763104	10764158	five_utr_exonic_18517	+	10763442	NA	NA	NA	1	1	0.0
chr8	56657680	56658594	five_utr_exonic_37503	+	56657771	NA	NA	NA	1	1	0.0
chr1	113497897	113498975	five_utr_exonic_2154	+	113498189	NA	NA	NA	1	1	0.0
chr6	45296197	45296397	five_utr_exonic_33502	+	45296280	NA	AAGAAA	2	2	1	0.0
chr9	3479752	3480236	five_utr_exonic_38620	+	3479760	NA	NA	NA	1	1	0.0
chr7	44613494	44614650	five_utr_exonic_35219	+	44614213	NA	NA	NA	1	1	0.0
chr13	31190807	31191734	five_utr_exonic_11030	+	31191114	NA	NA	NA	1	1	0.0
chr19	49497180	49498190	five_utr_exonic_19796	+	49498016	NA	AATAGA	1	1	1	0.0
chr4	86851425	86852083	five_utr_exonic_29624	+	86851440	NA	NA	NA	1	1	0.0
chr1	8877218	8877702	five_utr_exonic_236	+	8877541	NA	ATTAAA	3	3	2	8.04155872121
chr1	145438468	145438802	five_utr_exonic_2286	+	145438759	NA	NA	NA	1	1	0.0
chr1	145439305	145439507	five_utr_exonic_2287	+	145439314	NA	NA	NA	1	1	0.0
chr3	45730989	45731879	five_utr_exonic_26623	+	45731484	NA	NA	NA	1	1	0.0
chr3	45730989	45731879	five_utr_exonic_26623	+	45731661	NA	NA	NA	1	1	0.0
chr1	78470537	78470794	five_utr_exonic_1734	+	78470621	NA	AATATA GATAAA	23 19	1	1	0.0
chr20	33407104	33409442	five_utr_exonic_23864	+	33407961	NA	NA	NA	1	1	0.0
chr7	65579590	65579815	five_utr_exonic_35392	+	65579594	NA	NA	NA	1	1	0.0
chr9	128115649	128116932	five_utr_exonic_39767	+	128115873	NA	GATAAA	6	1	1	0.0
chr1	235492330	235493819	five_utr_exonic_3997	+	235493124	NA	NA	NA	1	1	0.0
chr11	61572282	61574000	five_utr_exonic_7067	+	61572580	NA	AATAAA AAGAAA AATGAA	26 10 16	1	1	0.0
chr11	61558934	61560027	five_utr_exonic_7063	+	61559868	NA	NA	NA	1	1	0.0
chr8	23103768	23104208	five_utr_exonic_37099	+	23103768	NA	NA	NA	1	1	0.0
chr19	10919256	10922428	five_utr_exonic_18523	+	10919352	NA	NA	NA	1	1	0.0
chr19	50376559	50378542	five_utr_exonic_19872	+	50377099	NA	NA	NA	1	1	0.0
chr11	33792376	33795893	five_utr_exonic_6585	+	33792829	NA	AATACA TTTAAA AATAAA TTTAAA	0 26 21 8	1	1	0.0
chr11	33792376	33795893	five_utr_exonic_6585	+	33794539	NA	NA	NA	1	1	0.0
chr20	44755340	44756776	five_utr_exonic_24167	+	44756185	NA	ATTAAA	18	1	1	0.0
chr5	43476215	43476603	five_utr_exonic_30830	+	43476574	NA	NA	NA	1	1	0.0
chr5	179293918	179294302	five_utr_exonic_32393	+	179294039	NA	NA	NA	1	1	0.0
chr8	144669022	144669734	five_utr_exonic_38436	+	144669514	NA	NA	NA	1	1	0.0
chr8	144669022	144669734	five_utr_exonic_38436	+	144669578	NA	NA	NA	2	2	0.707106781187
chr1	172411762	172413230	five_utr_exonic_3200	+	172412212	NA	NA	NA	1	1	0.0
chr11	61159158	61160103	five_utr_exonic_7043	+	61159767	NA	AAGAAA	12	1	1	0.0
chr11	61133174	61133516	five_utr_exonic_7042	+	61133256	NA	AAGAAA	29	3	1	0.0
chr12	11286843	11287243	five_utr_exonic_9066	+	11286978	NA	ATTAAA AGTAAA	2 8	1	1	0.0
chr20	57466356	57466781	five_utr_exonic_24330	+	57466671	NA	NA	NA	1	1	0.0
chr3	154036869	154037073	five_utr_exonic_28136	+	154036998	NA	NA	NA	1	1	0.0
chrX	118714297	118715469	five_utr_exonic_41459	+	118714566	NA	AATAAA	14	1	1	0.0
chr13	46626538	46626894	five_utr_exonic_11190	+	46626538	NA	NA	NA	1	1	0.0
chr3	9405518	9405722	five_utr_exonic_26089	+	9405561	NA	NA	NA	1	1	0.0
chr11	10529773	10530723	five_utr_exonic_6265	+	10530519	NA	NA	NA	1	1	0.0
chr4	139163223	139163503	five_utr_exonic_30035	+	139163289	NA	AAGAAA	10	1	1	0.0
chr10	5726800	5727138	five_utr_exonic_4238	+	5727084	NA	NA	NA	1	1	0.0
chr7	150758303	150758608	five_utr_exonic_36647	+	150758303	NA	NA	NA	1	1	0.0
chr12	122331722	122332644	five_utr_exonic_10613	+	122331988	NA	ATTAAA	12	1	1	0.0
chr12	122335176	122337539	five_utr_exonic_10614	+	122337168	NA	AATGAA	34	1	1	0.0
chr17	40970895	40971565	five_utr_exonic_16470	+	40971335	NA	NA	NA	1	1	0.0
chrX	21874104	21874602	five_utr_exonic_40464	+	21874112	NA	ATTAAA	0	1	1	0.0
chr2	215595647	215595869	five_utr_exonic_22880	+	215595848	NA	NA	NA	1	1	0.0
chr16	84135388	84135592	five_utr_exonic_15221	+	84135445	NA	CATAAA AAGAAA AATATA	2 1 20	1	1	0.0
chr8	126010847	126011645	five_utr_exonic_38231	+	126011335	NA	NA	NA	2	1	0.0
chr9	125975867	125976187	five_utr_exonic_39720	+	125975867	NA	NA	NA	1	1	0.0
chr9	125975867	125976187	five_utr_exonic_39720	+	125976132	NA	NA	NA	1	1	0.0
chr11	61081958	61083752	five_utr_exonic_7022	+	61083366	NA	AAGAAA	6	1	1	0.0
chr11	61077890	61078821	five_utr_exonic_7021	+	61078735	NA	NA	NA	1	1	0.0
chr2	61764696	61765418	five_utr_exonic_21147	+	61765221	NA	NA	NA	1	1	0.0
chr7	120628730	120628966	five_utr_exonic_36181	+	120628883	NA	NA	NA	1	1	0.0
chr13	97927885	97928489	five_utr_exonic_11427	+	97928059	NA	NA	NA	1	1	0.0
chr1	156566964	156567591	five_utr_exonic_2848	+	156567039	NA	NA	NA	1	1	0.0
chr7	39663484	39664026	five_utr_exonic_35162	+	39663921	NA	NA	NA	1	1	0.0
chr7	39663484	39664026	five_utr_exonic_35162	+	39663972	NA	NA	NA	6	4	5.0166389811
chr17	46127968	46128423	five_utr_exonic_16674	+	46128077	NA	AATAAA AAGAAA	16 11	1	1	0.0
chr12	122760988	122762694	five_utr_exonic_10635	+	122761913	NA	NA	NA	1	1	0.0
chr12	27090590	27091259	five_utr_exonic_9297	+	27090792	NA	NA	NA	1	1	0.0
chrX	102931955	102933308	five_utr_exonic_41289	+	102933034	NA	NA	NA	2	2	2.5495097568
chrX	102931955	102933308	five_utr_exonic_41289	+	102933211	NA	NA	NA	1	1	0.0
chr11	77413540	77414578	five_utr_exonic_7823	+	77414538	NA	CATAAA AGTAAA	26 18	1	1	0.0
chr3	48964150	48964991	five_utr_exonic_26788	+	48964991	NA	NA	NA	1	1	0.0
chr1	153746829	153747589	five_utr_exonic_2679	+	153747284	NA	ATTAAA	18	1	1	0.0
chr10	69833550	69833894	five_utr_exonic_4855	+	69833840	NA	NA	NA	1	1	0.0
chr15	52338026	52338657	five_utr_exonic_13160	+	52338158	NA	AATAAA AATATA	25 29	1	1	0.0
chr12	133306856	133308796	five_utr_exonic_10849	+	133308015	NA	ATTAAA AATGAA	23 3	1	1	0.0
chr12	133306856	133308796	five_utr_exonic_10849	+	133308203	NA	NA	NA	1	1	0.0
chr12	133287667	133288275	five_utr_exonic_10847	+	133288206	NA	NA	NA	1	1	0.0
chrX	119763771	119764005	five_utr_exonic_41493	+	119763842	NA	NA	NA	1	1	0.0
chr17	4890253	4890665	five_utr_exonic_15520	+	4890366	NA	NA	NA	1	1	0.0
chr14	67830724	67831484	five_utr_exonic_12172	+	67830828	NA	AATAAA	31	1	1	0.0
chr14	67830724	67831484	five_utr_exonic_12172	+	67831042	NA	AATATA	28	1	1	0.0
chr12	109957360	109958952	five_utr_exonic_10382	+	109958579	NA	AAGAAA AAGAAA	7 14	1	1	0.0
chr7	30538946	30539592	five_utr_exonic_35050	+	30539465	NA	AATATA TTTAAA TTTAAA	18 4 30	2	1	0.0
chr12	15501201	15501532	five_utr_exonic_9154	+	15501395	NA	AAGAAA ACTAAA	3 8	1	1	0.0
chr13	45915204	45915505	five_utr_exonic_11177	+	45915294	NA	NA	NA	1	1	0.0
chr1	157014122	157015162	five_utr_exonic_2882	+	157014992	NA	AAGAAA	4	1	1	0.0
chr5	139505520	139508061	five_utr_exonic_31750	+	139505874	NA	NA	NA	1	1	0.0
chr11	809646	810234	five_utr_exonic_5854	+	809973	NA	NA	NA	1	1	0.0
chr1	46125855	46126897	five_utr_exonic_1360	+	46126501	NA	CATAAA	21	1	1	0.0
chr2	242448637	242449145	five_utr_exonic_23382	+	242448825	NA	NA	NA	1	1	0.0
chr2	71575556	71575882	five_utr_exonic_21296	+	71575704	NA	NA	NA	1	1	0.0
chr7	100464759	100465119	five_utr_exonic_35923	+	100464996	NA	NA	NA	1	1	0.0
chr5	140063252	140064923	five_utr_exonic_31770	+	140064713	NA	AAGAAA	28	1	1	0.0
chr1	227504883	227506175	five_utr_exonic_3890	+	227505362	NA	AAGAAA	18	1	1	0.0
chr7	16685198	16685442	five_utr_exonic_34852	+	16685337	NA	NA	NA	1	1	0.0
chr1	32384666	32385259	five_utr_exonic_911	+	32385111	NA	NA	NA	1	1	0.0
chr21	38453895	38456631	five_utr_exonic_24728	+	38456322	NA	NA	NA	1	1	0.0
chr10	65028422	65028982	five_utr_exonic_4838	+	65028971	NA	NA	NA	1	1	0.0
chr3	48700067	48700348	five_utr_exonic_26764	+	48700184	NA	NA	NA	1	1	0.0
chr1	160231906	160232318	five_utr_exonic_2969	+	160231971	NA	NA	NA	1	1	0.0
chr7	112101386	112101920	five_utr_exonic_36108	+	112101660	NA	CATAAA	5	1	1	0.0
chr7	112101386	112101920	five_utr_exonic_36108	+	112101920	NA	AATATA	10	1	1	0.0
chr20	61437237	61438888	five_utr_exonic_24397	+	61437922	NA	NA	NA	2	1	0.0
chr13	41933098	41933855	five_utr_exonic_11130	+	41933298	NA	AAGAAA	33	1	1	0.0
chr11	114314934	114315223	five_utr_exonic_8240	+	114315092	NA	NA	NA	1	1	0.0
chr22	47159638	47160183	five_utr_exonic_25941	+	47159992	NA	NA	NA	1	1	0.0
chr9	37428991	37429664	five_utr_exonic_38995	+	37429090	NA	AATAGA	5	1	1	0.0
chr1	1480382	1481867	five_utr_exonic_69	+	1481166	NA	AAGAAA	30	2	1	0.0
chr11	122933457	122933938	five_utr_exonic_8471	+	122933938	NA	AATAAA TATAAA TTTAAA TATAAA TTTAAA	20 15 30 20 3	1	1	0.0
chr12	27113928	27116274	five_utr_exonic_9301	+	27114608	NA	NA	NA	1	1	0.0
chr9	136280781	136281020	five_utr_exonic_40040	+	136280781	NA	NA	NA	1	1	0.0
chr11	61717292	61717899	five_utr_exonic_7089	+	61717517	NA	NA	NA	1	1	0.0
chr19	47251771	47251974	five_utr_exonic_19683	+	47251771	NA	NA	NA	1	1	0.0
chr5	64777169	64777747	five_utr_exonic_30978	+	64777290	NA	AATAAA AATAAA ATTAAA	5 13 23	1	1	0.0
chr3	3168599	3169702	five_utr_exonic_26048	+	3168754	NA	NA	NA	1	1	0.0
chr5	138941613	138941992	five_utr_exonic_31735	+	138941979	NA	NA	NA	1	1	0.0
chr11	57531324	57531604	five_utr_exonic_6905	+	57531589	NA	TTTAAA TTTAAA	0 34	1	1	0.0
chr4	146539414	146540559	five_utr_exonic_30122	+	146540029	NA	AAGAAA	14	2	1	0.0
chr6	33281818	33282164	five_utr_exonic_33143	+	33281869	NA	NA	NA	1	1	0.0
chr9	104294958	104295730	five_utr_exonic_39443	+	104295372	NA	ACTAAA	31	1	1	0.0
chrX	48327722	48328565	five_utr_exonic_40683	+	48327884	NA	NA	NA	1	1	0.0
chr14	21730759	21733675	five_utr_exonic_11678	+	21731028	NA	ATTAAA AATGAA TTTAAA TTTAAA	30 22 7 27	1	1	0.0
chr14	21730759	21733675	five_utr_exonic_11678	+	21731583	NA	AGTAAA AAGAAA AATGAA	17 6 10	2	2	3.0
chr14	21730759	21733675	five_utr_exonic_11678	+	21731748	NA	NA	NA	1	1	0.0
chr6	160146616	160147883	five_utr_exonic_34487	+	160147347	NA	NA	NA	2	2	7.0
chr4	56411619	56412099	five_utr_exonic_29327	+	56411716	NA	AATAAA AAGAAA	5 27	1	1	0.0
chr7	97499089	97499289	five_utr_exonic_35751	+	97499134	NA	AAGAAA AATAAA	23 29	1	1	0.0
chr1	109234944	109235213	five_utr_exonic_2001	+	109235194	NA	NA	NA	1	1	0.0
chr6	31725198	31725905	five_utr_exonic_33026	+	31725886	NA	NA	NA	1	1	0.0
chr1	42655075	42655480	five_utr_exonic_1206	+	42655272	NA	NA	NA	1	1	0.0
chr11	65270288	65271093	five_utr_exonic_7322	+	65270294	NA	NA	NA	25	1	0.0
chr11	65270288	65271093	five_utr_exonic_7322	+	65270322	NA	AATGAA	20	2	2	0.707106781187
chr11	65270288	65271093	five_utr_exonic_7322	+	65270380	NA	TTTAAA TTTAAA	6 28	14	2	1.60356745147
chr11	65270288	65271093	five_utr_exonic_7322	+	65270459	NA	AATAAA	33	183	8	4.27088248006
chr11	65270288	65271093	five_utr_exonic_7322	+	65270501	NA	AAGAAA AATGAA	3 7	35	5	4.36871998253
chr11	65270288	65271093	five_utr_exonic_7322	+	65270571	NA	NA	NA	1	1	0.0
chr11	65270288	65271093	five_utr_exonic_7322	+	65270645	NA	AATGAA	21	2	2	6.5192024052
chr11	65270288	65271093	five_utr_exonic_7322	+	65270703	NA	NA	NA	3	3	4.04145188433
chr11	65270288	65271093	five_utr_exonic_7322	+	65270815	NA	NA	NA	1	1	0.0
chr11	65270288	65271093	five_utr_exonic_7322	+	65271036	NA	NA	NA	2	2	15.5080624193
chr11	65270288	65271093	five_utr_exonic_7322	+	65271081	NA	AATAAA ATTAAA	33 16	4	2	11.5108644332
chr11	289558	289816	five_utr_exonic_5784	+	289710	NA	NA	NA	1	1	0.0
chr8	11666652	11667175	five_utr_exonic_36888	+	11666708	NA	AATACA	18	1	1	0.0
chr8	11666652	11667175	five_utr_exonic_36888	+	11667122	NA	TTTAAA TTTAAA	31 3	1	1	0.0
chr1	220262985	220263191	five_utr_exonic_3787	+	220262985	NA	NA	NA	1	1	0.0
chr8	11665451	11665826	five_utr_exonic_36886	+	11665451	NA	NA	NA	1	1	0.0
chr5	94982557	94983778	five_utr_exonic_31271	+	94983175	NA	AAGAAA	2	1	1	0.0
chrX	128977671	128977885	five_utr_exonic_41538	+	128977823	NA	NA	NA	1	1	0.0
chr19	1969506	1969771	five_utr_exonic_18126	+	1969771	NA	NA	NA	1	1	0.0
chr12	121768505	121769149	five_utr_exonic_10583	+	121768653	NA	ATTAAA	33	1	1	0.0
chr12	121768505	121769149	five_utr_exonic_10583	+	121768817	NA	NA	NA	1	1	0.0
chr12	121768505	121769149	five_utr_exonic_10583	+	121769109	NA	NA	NA	1	1	0.0
chr12	124207756	124209200	five_utr_exonic_10721	+	124208422	NA	AATATA AATATA	22 10	1	1	0.0
chr12	70715834	70718054	five_utr_exonic_10059	+	70716862	NA	NA	NA	1	1	0.0
chr12	70715834	70718054	five_utr_exonic_10059	+	70717673	NA	AAGAAA	4	1	1	0.0
chr1	151427437	151427673	five_utr_exonic_2498	+	151427522	NA	NA	NA	1	1	0.0
chr17	7387805	7388083	five_utr_exonic_15640	+	7387925	NA	NA	NA	1	1	0.0
chr9	33001330	33001564	five_utr_exonic_38831	+	33001330	NA	NA	NA	1	1	0.0
chr11	62609040	62609281	five_utr_exonic_7154	+	62609041	NA	NA	NA	1	1	0.0
chr12	4382937	4383206	five_utr_exonic_8778	+	4383136	NA	NA	NA	1	1	0.0
chr1	93298024	93298945	five_utr_exonic_1885	+	93298347	NA	NA	NA	1	1	0.0
chr9	95055727	95056038	five_utr_exonic_39269	+	95055961	NA	NA	NA	1	1	0.0
chr7	43688213	43689895	five_utr_exonic_35180	+	43688454	NA	AAGAAA	22	1	1	0.0
chr7	43688213	43689895	five_utr_exonic_35180	+	43689424	NA	NA	NA	1	1	0.0
chr22	38008542	38009198	five_utr_exonic_25602	+	38008777	NA	NA	NA	1	1	0.0
chr7	107531414	107531695	five_utr_exonic_36065	+	107531622	NA	NA	NA	1	1	0.0
chr5	90076897	90077181	five_utr_exonic_31253	+	90077089	NA	NA	NA	2	2	3.0
chrX	122993876	122994395	five_utr_exonic_41514	+	122994365	NA	NA	NA	1	1	0.0
chr2	27547317	27548547	five_utr_exonic_20776	+	27548421	NA	AATAGA	2	1	1	0.0
chr11	89939978	89942646	five_utr_exonic_7956	+	89940930	NA	AATACA	34	1	1	0.0
chr11	89938733	89939369	five_utr_exonic_7954	+	89939116	NA	NA	NA	1	1	0.0
chr20	31123243	31124200	five_utr_exonic_23798	+	31123525	NA	AAGAAA	3	1	1	0.0
chr17	7590237	7591966	five_utr_exonic_15661	+	7590551	NA	NA	NA	1	1	0.0
chr17	29648512	29648767	five_utr_exonic_16069	+	29648732	NA	ACTAAA	14	1	1	0.0
chr5	56471274	56472227	five_utr_exonic_30919	+	56472149	NA	NA	NA	1	1	0.0
chr19	1387998	1388303	five_utr_exonic_18093	+	1388198	NA	NA	NA	1	1	0.0
chr4	103747665	103748279	five_utr_exonic_29803	+	103748279	NA	AATACA	23	1	1	0.0
chr5	33441486	33441970	five_utr_exonic_30678	+	33441730	NA	NA	NA	1	1	0.0
chr5	33441486	33441970	five_utr_exonic_30678	+	33441970	NA	NA	NA	1	1	0.0
chr5	33440801	33441192	five_utr_exonic_30677	+	33441152	NA	NA	NA	1	1	0.0
chr6	144281605	144282549	five_utr_exonic_34309	+	144281815	NA	NA	NA	1	1	0.0
chr7	107111816	107112747	five_utr_exonic_36048	+	107112682	NA	ACTAAA	8	1	1	0.0
chrX	47067960	47068739	five_utr_exonic_40627	+	47068546	NA	NA	NA	1	1	0.0
chrX	47064319	47064783	five_utr_exonic_40626	+	47064753	NA	NA	NA	1	1	0.0
chr21	36259409	36260987	five_utr_exonic_24694	+	36259898	NA	NA	NA	1	1	0.0
chr11	93456564	93457419	five_utr_exonic_7979	+	93457127	NA	AATAGA	3	1	1	0.0
chr11	96120693	96121068	five_utr_exonic_8032	+	96120844	NA	TTTAAA GATAAA TTTAAA	14 4 20	1	1	0.0
chr1	247320806	247321268	five_utr_exonic_4115	+	247321253	NA	AATAGA	24	1	1	0.0
chr1	247094879	247095280	five_utr_exonic_4110	+	247095155	NA	NA	NA	1	1	0.0
chr4	57333080	57333783	five_utr_exonic_29346	+	57333613	NA	NA	NA	1	1	0.0
chr5	118690008	118691050	five_utr_exonic_31428	+	118690559	NA	TATAAA AATAGA	23 29	1	1	0.0
chr12	64803436	64803815	five_utr_exonic_9977	+	64803515	NA	NA	NA	1	1	0.0
chr12	64798825	64799117	five_utr_exonic_9976	+	64798924	NA	NA	NA	1	1	0.0
chr22	20845420	20845844	five_utr_exonic_25111	+	20845684	NA	NA	NA	1	1	0.0
chr2	98612125	98612354	five_utr_exonic_21614	+	98612154	NA	NA	NA	1	1	0.0
chr12	109895883	109897434	five_utr_exonic_10376	+	109896530	NA	NA	NA	1	1	0.0
chr12	109915067	109915914	five_utr_exonic_10378	+	109915914	NA	NA	NA	1	1	0.0
chr1	54513045	54513686	five_utr_exonic_1517	+	54513303	NA	AAGAAA	2	1	1	0.0
chr2	201754049	201754375	five_utr_exonic_22697	+	201754169	NA	TTTAAA TTTAAA	0 34	1	1	0.0
chr8	86130935	86131592	five_utr_exonic_37775	+	86131464	NA	NA	NA	1	1	0.0
chrX	70752932	70753149	five_utr_exonic_41008	+	70752996	NA	NA	NA	1	1	0.0
chrX	153044801	153045680	five_utr_exonic_41912	+	153044801	NA	NA	NA	1	1	0.0
chr10	18940132	18940551	five_utr_exonic_4399	+	18940260	NA	NA	NA	1	1	0.0
chr14	37641555	37641865	five_utr_exonic_11906	+	37641573	NA	NA	NA	1	1	0.0
chr4	175204560	175205415	five_utr_exonic_30359	+	175205098	NA	NA	NA	2	1	0.0
chr22	21271713	21272222	five_utr_exonic_25130	+	21271713	NA	NA	NA	1	1	0.0
chr17	78518618	78519429	five_utr_exonic_17377	+	78518971	NA	NA	NA	1	1	0.0
chr11	9602773	9603078	five_utr_exonic_6251	+	9602774	NA	NA	NA	1	1	0.0
chr11	9602773	9603078	five_utr_exonic_6251	+	9603016	NA	AAGAAA	33	1	1	0.0
chr16	3027214	3027494	five_utr_exonic_14058	+	3027220	NA	NA	NA	1	1	0.0
chr16	3027214	3027494	five_utr_exonic_14058	+	3027475	NA	AAGAAA	4	1	1	0.0
chr5	133510622	133511261	five_utr_exonic_31583	+	133510622	NA	NA	NA	1	1	0.0
chr19	14599757	14600199	five_utr_exonic_18699	+	14599758	NA	NA	NA	1	1	0.0
chr1	170036644	170038058	five_utr_exonic_3166	+	170036829	NA	NA	NA	1	1	0.0
chr9	134065507	134065815	five_utr_exonic_39974	+	134065607	NA	CATAAA	10	1	1	0.0
chr2	201983213	201983624	five_utr_exonic_22714	+	201983300	NA	NA	NA	1	1	0.0
chr2	122513746	122514216	five_utr_exonic_21928	+	122514157	NA	NA	NA	1	1	0.0
chr5	6714717	6715232	five_utr_exonic_30571	+	6714968	NA	NA	NA	1	1	0.0
chr6	116989728	116989957	five_utr_exonic_34054	+	116989778	NA	NA	NA	1	1	0.0
chr14	58894709	58894955	five_utr_exonic_12060	+	58894955	NA	NA	NA	1	1	0.0
chr6	74229749	74231444	five_utr_exonic_33701	+	74229753	NA	NA	NA	1	1	0.0
chr3	138488892	138489397	five_utr_exonic_27927	+	138488892	NA	NA	NA	1	1	0.0
chr4	88312222	88312538	five_utr_exonic_29657	+	88312325	NA	NA	NA	1	1	0.0
chr12	133226868	133227993	five_utr_exonic_10834	+	133227201	NA	NA	NA	1	1	0.0
chr12	133236095	133237499	five_utr_exonic_10836	+	133236371	NA	ACTAAA	21	1	1	0.0
chr9	133589267	133589706	five_utr_exonic_39957	+	133589706	NA	NA	NA	1	1	0.0
chr11	66028383	66029212	five_utr_exonic_7405	+	66028535	NA	NA	NA	1	1	0.0
chr7	139076547	139077078	five_utr_exonic_36423	+	139077078	NA	AAGAAA	17	1	1	0.0
chr2	30371110	30371407	five_utr_exonic_20846	+	30371365	NA	NA	NA	1	1	0.0
chr17	35656257	35656692	five_utr_exonic_16200	+	35656257	NA	NA	NA	1	1	0.0
chr17	35656257	35656692	five_utr_exonic_16200	+	35656484	NA	NA	NA	1	1	0.0
chr8	142431487	142432340	five_utr_exonic_38365	+	142431822	NA	AATGAA	9	1	1	0.0
chr19	50336140	50338242	five_utr_exonic_19868	+	50336381	NA	NA	NA	1	1	0.0
chr11	34074527	34074732	five_utr_exonic_6595	+	34074625	NA	NA	NA	1	1	0.0
chr3	17780834	17782399	five_utr_exonic_26288	+	17781451	NA	NA	NA	1	1	0.0
chr3	17780834	17782399	five_utr_exonic_26288	+	17782089	NA	NA	NA	1	1	0.0
chr17	26685065	26685452	five_utr_exonic_15974	+	26685392	NA	NA	NA	1	1	0.0
chr5	133983805	133984766	five_utr_exonic_31604	+	133983996	NA	NA	NA	1	1	0.0
chr8	102214560	102217557	five_utr_exonic_38009	+	102215200	NA	CATAAA	12	1	1	0.0
chr12	132398624	132398896	five_utr_exonic_10810	+	132398791	NA	NA	NA	1	1	0.0
chrX	11777670	11777911	five_utr_exonic_40333	+	11777757	NA	NA	NA	1	1	0.0
chr1	19444404	19445343	five_utr_exonic_486	+	19444863	NA	TTTAAA	17	1	1	0.0
chr1	19444404	19445343	five_utr_exonic_486	+	19445101	NA	TTTAAA TTTAAA	24 10	1	1	0.0
chr2	29117951	29118219	five_utr_exonic_20828	+	29118091	NA	NA	NA	1	1	0.0
chr1	38455637	38456593	five_utr_exonic_1104	+	38456525	NA	AATAAA	24	2	1	0.0
chr11	13741449	13743276	five_utr_exonic_6330	+	13742090	NA	AATATA AATAAA	23 23	1	1	0.0
chr10	102759232	102762295	five_utr_exonic_5357	+	102760748	NA	NA	NA	1	1	0.0
chr1	245026054	245026396	five_utr_exonic_4084	+	245026277	NA	AAGAAA	25	1	1	0.0
chr7	99674980	99675462	five_utr_exonic_35831	+	99675370	NA	TTTAAA AATAAA AAGAAA TTTAAA	16 7 11 18	2	1	0.0
chr2	102314205	102314542	five_utr_exonic_21695	+	102314532	NA	AATAAA	21	1	1	0.0
chr19	1205797	1206912	five_utr_exonic_18075	+	1206843	NA	AAGAAA AAGAAA	27 34	1	1	0.0
chr1	21100103	21101498	five_utr_exonic_547	+	21101274	NA	NA	NA	1	1	0.0
chr1	21100103	21101498	five_utr_exonic_547	+	21101422	NA	NA	NA	1	1	0.0
chr2	232328411	232328918	five_utr_exonic_23161	+	232328489	NA	NA	NA	1	1	0.0
chr11	107729493	107729914	five_utr_exonic_8117	+	107729766	NA	NA	NA	1	1	0.0
chr17	26369181	26369899	five_utr_exonic_15965	+	26369691	NA	AAGAAA	5	1	1	0.0
chr11	61125204	61128736	five_utr_exonic_7039	+	61126993	NA	NA	NA	1	1	0.0
chr12	133580989	133583627	five_utr_exonic_10870	+	133581017	NA	NA	NA	1	1	0.0
chr12	133580989	133583627	five_utr_exonic_10870	+	133582485	NA	TATAAA TATAAA AAGAAA	7 29 33	1	1	0.0
chr3	152017193	152017982	five_utr_exonic_28126	+	152017446	NA	NA	NA	1	1	0.0
chr3	152017193	152017982	five_utr_exonic_28126	+	152017812	NA	NA	NA	1	1	0.0
chr19	42744331	42746045	five_utr_exonic_19471	+	42745166	NA	NA	NA	1	1	0.0
chr19	42744331	42746045	five_utr_exonic_19471	+	42745519	NA	NA	NA	2	1	0.0
chr10	3146915	3147306	five_utr_exonic_4204	+	3146990	NA	AATAGA	20	1	1	0.0
chr5	72860956	72861567	five_utr_exonic_31085	+	72861337	NA	AAGAAA	7	1	1	0.0
chr12	122234448	122234785	five_utr_exonic_10604	+	122234785	NA	NA	NA	1	1	0.0
chrX	102940098	102941149	five_utr_exonic_41292	+	102940337	NA	GATAAA AAGAAA AAGAAA	3 1 12	1	1	0.0
chr11	77849823	77850304	five_utr_exonic_7836	+	77850042	NA	AATGAA	5	1	1	0.0
chr1	153604513	153604716	five_utr_exonic_2667	+	153604526	NA	NA	NA	1	1	0.0
chr17	40703983	40704951	five_utr_exonic_16450	+	40704457	NA	NA	NA	1	1	0.0
chr6	24720129	24721064	five_utr_exonic_32698	+	24720734	NA	NA	NA	1	1	0.0
chr12	133311161	133311709	five_utr_exonic_10850	+	133311161	NA	NA	NA	1	1	0.0
chr20	62695439	62695705	five_utr_exonic_24475	+	62695476	NA	AATAAA	15	1	1	0.0
chrX	118726476	118727113	five_utr_exonic_41460	+	118726842	NA	NA	NA	1	1	0.0
chr11	33182871	33183077	five_utr_exonic_6572	+	33182871	NA	NA	NA	1	1	0.0
chr12	112563348	112563953	five_utr_exonic_10449	+	112563357	NA	NA	NA	1	1	0.0
chr18	47017941	47018203	five_utr_exonic_17829	+	47018126	NA	NA	NA	1	1	0.0
chr12	122618867	122619625	five_utr_exonic_10622	+	122619291	NA	NA	NA	1	1	0.0
chr12	122618867	122619625	five_utr_exonic_10622	+	122619552	NA	TTTAAA TTTAAA	21 13	1	1	0.0
chr12	122702944	122703322	five_utr_exonic_10629	+	122703088	NA	AAGAAA AATATA AATATA	16 5 20	1	1	0.0
chr8	25280846	25282170	five_utr_exonic_37124	+	25281898	NA	ATTAAA	11	1	1	0.0
chr10	70166707	70166942	five_utr_exonic_4868	+	70166942	NA	NA	NA	1	1	0.0
chr4	160188888	160189307	five_utr_exonic_30253	+	160189211	NA	NA	NA	1	1	0.0
chr2	64068843	64069319	five_utr_exonic_21173	+	64069196	NA	AATAAA ATTAAA	18 29	1	1	0.0
chr11	118958212	118958788	five_utr_exonic_8369	+	118958721	NA	NA	NA	15	1	0.0
chr3	123675642	123677747	five_utr_exonic_27633	+	123676386	NA	AAGAAA GATAAA	4 30	1	1	0.0
chr16	24550907	24551947	five_utr_exonic_14428	+	24551908	NA	TATAAA AATATA TATAAA AATATA	14 18 22 8	1	1	0.0
chr1	11863571	11864589	five_utr_exonic_315	+	11864451	NA	NA	NA	2	1	0.0
chr10	101945383	101948054	five_utr_exonic_5335	+	101946230	NA	AATAAA	0	1	1	0.0
chr17	56068242	56072211	five_utr_exonic_16860	+	56072021	NA	NA	NA	1	1	0.0
chr19	58201167	58202072	five_utr_exonic_20360	+	58201196	NA	TATAAA AAGAAA	22 10	1	1	0.0
chr2	241499470	241500101	five_utr_exonic_23327	+	241499488	NA	NA	NA	3	2	1.41421356237
chr5	137910459	137910855	five_utr_exonic_31684	+	137910524	NA	AAGAAA	2	1	1	0.0
chr6	30584254	30584775	five_utr_exonic_32907	+	30584254	NA	NA	NA	1	1	0.0
chr6	30584254	30584775	five_utr_exonic_32907	+	30584460	NA	NA	NA	1	1	0.0
chr2	111878490	111878765	five_utr_exonic_21808	+	111878696	NA	NA	NA	1	1	0.0
chr7	116594444	116594733	five_utr_exonic_36152	+	116594623	NA	NA	NA	1	1	0.0
chr20	3147809	3149207	five_utr_exonic_23511	+	3149205	NA	NA	NA	1	1	0.0
chr1	12677353	12677737	five_utr_exonic_337	+	12677474	NA	AGTAAA	2	2	2	2.0
chr5	139059267	139059525	five_utr_exonic_31744	+	139059496	NA	NA	NA	1	1	0.0
chr17	49242795	49243042	five_utr_exonic_16805	+	49242913	NA	NA	NA	1	1	0.0
chr11	57439492	57440562	five_utr_exonic_6897	+	57439860	NA	NA	NA	1	1	0.0
chr11	57439492	57440562	five_utr_exonic_6897	+	57440527	NA	AAGAAA	30	1	1	0.0
chr20	23331372	23331698	five_utr_exonic_23702	+	23331698	NA	NA	NA	1	1	0.0
chr1	230778556	230778786	five_utr_exonic_3947	+	230778712	NA	NA	NA	1	1	0.0
chr7	117824334	117825700	five_utr_exonic_36172	+	117824845	NA	NA	NA	1	1	0.0
chr7	117824334	117825700	five_utr_exonic_36172	+	117825049	NA	NA	NA	1	1	0.0
chr6	10887063	10887359	five_utr_exonic_32585	+	10887301	NA	NA	NA	4	3	0.866025403784
chr17	4046461	4047049	five_utr_exonic_15483	+	4046756	NA	NA	NA	1	1	0.0
chr2	197036056	197036299	five_utr_exonic_22627	+	197036056	NA	NA	NA	1	1	0.0
chr15	64455185	64455404	five_utr_exonic_13270	+	64455203	NA	NA	NA	1	1	0.0
chr19	55580689	55580914	five_utr_exonic_20214	+	55580852	NA	NA	NA	1	1	0.0
chr14	24782312	24784226	five_utr_exonic_11811	+	24783726	NA	NA	NA	3	3	4.08248290464
chr1	203767973	203772144	five_utr_exonic_3551	+	203768476	NA	NA	NA	1	1	0.0
chr1	203767973	203772144	five_utr_exonic_3551	+	203770053	NA	NA	NA	1	1	0.0
chr1	203767973	203772144	five_utr_exonic_3551	+	203770299	NA	CATAAA	11	1	1	0.0
chr1	203767973	203772144	five_utr_exonic_3551	+	203771160	NA	ATTAAA	29	2	1	0.0
chr1	203767973	203772144	five_utr_exonic_3551	+	203771863	NA	AATGAA TTTAAA TTTAAA	10 6 28	2	1	0.0
chr1	203767973	203772144	five_utr_exonic_3551	+	203772134	NA	NA	NA	1	1	0.0
chr11	828229	828607	five_utr_exonic_5860	+	828368	NA	NA	NA	1	1	0.0
chr11	71938924	71939233	five_utr_exonic_7642	+	71939232	NA	NA	NA	1	1	0.0
chr12	123464590	123464934	five_utr_exonic_10682	+	123464591	NA	NA	NA	1	1	0.0
chr2	132044329	132044681	five_utr_exonic_22010	+	132044358	NA	NA	NA	1	1	0.0
chr4	2481579	2482937	five_utr_exonic_28864	+	2482248	NA	NA	NA	1	1	0.0
chr2	190647321	190648299	five_utr_exonic_22554	+	190647994	NA	AAGAAA	7	2	1	0.0
chr5	130694901	130695186	five_utr_exonic_31512	+	130694902	NA	NA	NA	1	1	0.0
chr6	159062392	159063820	five_utr_exonic_34471	+	159062616	NA	TTTAAA AATAAA AATAAA TTTAAA	8 2 12 26	1	1	0.0
