chrm	beg	end	utr_ID	strand	polyA_coordinate	annotated_polyA_distance	nearby_PAS	PAS_distance	number_supporting_reads	number_unique_supporting_reads	unique_reads_spread
chr19	36054560	36066626	intergenic_297319	+	36066521	NA	NA	NA	108	11	4.30116263352
chr19	36054560	36066626	intergenic_297319	+	36066542	NA	NA	NA	1	1	0.0
chr19	36054560	36066626	intergenic_297319	+	36066606	NA	NA	NA	11	3	0.797724035217
chr20	18169031	18200756	intergenic_278859	+	18197380	NA	NA	NA	1	1	0.0
chr16	67009051	67022572	intergenic_248547	+	67009052	NA	NA	NA	1	1	0.0
chr16	19091417	19125253	intergenic_242847	+	19125087	NA	NA	NA	1	1	0.0
chr6	34231450	34247481	intergenic_101611	+	34247457	NA	ACTAAA	27	1	1	0.0
chr5	140105831	140111874	intergenic_93680	+	140105862	NA	NA	NA	3	1	0.0
chr19	49426528	49436938	intergenic_302538	+	49426530	NA	NA	NA	1	1	0.0
chr17	45700642	45726841	intergenic_264033	+	45701745	NA	NA	NA	1	1	0.0
chr19	36066721	36088808	intergenic_297320	+	36066737	NA	NA	NA	4	3	16.1400123916
chr6	41635387	41651715	intergenic_102771	+	41645066	NA	NA	NA	1	1	0.0
chr16	59765344	61089348	intergenic_248256	+	60058576	NA	NA	NA	1	1	0.0
chr19	14169971	14181209	intergenic_294166	+	14181146	NA	AAGAAA	19	1	1	0.0
chr17	8173809	8191081	intergenic_256101	+	8191080	NA	NA	NA	1	1	0.0
chr10	95288849	95326421	intergenic_172594	+	95289854	NA	NA	NA	1	1	0.0
chr19	9931281	9938567	intergenic_292038	+	9934553	NA	AAGAAA	13	1	1	0.0
chrM	1	576	intergenic_315576	+	104	NA	NA	NA	1	1	0.0
chrM	1	576	intergenic_315576	+	212	NA	ACTAAA	24	3	3	18.2117178395
chrM	1	576	intergenic_315576	+	75	NA	NA	NA	1	1	0.0
chr17	66111659	66244144	intergenic_267524	+	66208350	NA	NA	NA	1	1	0.0
chr10	1779670	2047666	intergenic_164458	+	2017480	NA	NA	NA	1	1	0.0
chr19	17693965	17700403	intergenic_294972	+	17693966	NA	NA	NA	1	1	0.0
chr15	40821872	40845297	intergenic_229157	+	40823816	NA	TTTAAA TTTAAA	11 23	1	1	0.0
chr18	47018906	47088426	intergenic_275185	+	47022758	NA	NA	NA	1	1	0.0
chr7	44081905	44084231	intergenic_117221	+	44083781	NA	NA	NA	1	1	0.0
chr10	127464390	127477145	intergenic_176780	+	127477144	NA	NA	NA	1	1	0.0
chr19	3557571	3572774	intergenic_289413	+	3569216	NA	AATAAA	14	1	1	0.0
chr1	202844369	202848084	intergenic_25281	+	202847102	NA	NA	NA	1	1	0.0
chr12	31257725	31264585	intergenic_195481	+	31257733	NA	NA	NA	1	1	0.0
chr19	30506611	30863327	intergenic_296438	+	30507517	NA	ATTAAA	16	1	1	0.0
chr6	27179663	27215479	intergenic_99435	+	27198270	NA	CATAAA	0	6	2	5.61248608016
chr19	39399533	39405903	intergenic_298725	+	39405888	NA	NA	NA	1	1	0.0
chr19	49527632	49535129	intergenic_302607	+	49534940	NA	GATAAA	22	1	1	0.0
chr12	54758270	54762919	intergenic_199146	+	54762917	NA	NA	NA	1	1	0.0
chr12	93896432	93903262	intergenic_203302	+	93902964	NA	GATAAA	18	1	1	0.0
chr4	70296753	70303074	intergenic_75782	+	70296754	NA	NA	NA	3	1	0.0
chr6	26108364	26115128	intergenic_99285	+	26113947	NA	TTTAAA GATAAA TTTAAA	12 7 22	1	1	0.0
chr6	26104518	26107639	intergenic_99284	+	26104519	NA	NA	NA	1	1	0.0
chr12	122506522	122516627	intergenic_207764	+	122507265	NA	NA	NA	1	1	0.0
chr12	122506522	122516627	intergenic_207764	+	122514303	NA	NA	NA	1	1	0.0
chr17	66042969	66097707	intergenic_267517	+	66046404	NA	AAGAAA	4	1	1	0.0
chr12	69239214	69244959	intergenic_201640	+	69243370	NA	AATACA	4	1	1	0.0
chr5	71146942	71403060	intergenic_88951	+	71146942	NA	NA	NA	2	2	0.707106781187
chr15	76227609	76233276	intergenic_235858	+	76233123	NA	NA	NA	1	1	0.0
chr9	34612101	34613547	intergenic_153030	+	34613544	NA	NA	NA	1	1	0.0
chr17	80231576	80247921	intergenic_271325	+	80242704	NA	NA	NA	1	1	0.0
chr15	93262970	93443418	intergenic_238168	+	93367518	NA	NA	NA	1	1	0.0
chr8	124479470	124510128	intergenic_148567	+	124484432	NA	NA	NA	1	1	0.0
chr6	68335357	68598593	intergenic_105133	+	68597536	NA	NA	NA	1	1	0.0
chr19	41097301	41099071	intergenic_299445	+	41097302	NA	NA	NA	1	1	0.0
chr4	183747518	183811212	intergenic_83514	+	183803794	NA	AAGAAA AATAGA	6 15	1	1	0.0
chr6	90581107	90586262	intergenic_107098	+	90582741	NA	AATGAA	7	1	1	0.0
chr7	64866038	64927983	intergenic_118754	+	64914246	NA	AAGAAA	29	1	1	0.0
chr19	14041693	14041999	intergenic_294054	+	14041694	NA	NA	NA	1	1	0.0
chr1	228637322	228645064	intergenic_28262	+	228644682	NA	ATTAAA	20	1	1	0.0
chr2	133020615	133038646	intergenic_43513	+	133038177	NA	NA	NA	1	1	0.0
chr2	133020615	133038646	intergenic_43513	+	133038643	NA	NA	NA	4	2	4.35889894354
chr2	133038738	133043367	intergenic_43514	+	133039125	NA	NA	NA	1	1	0.0
chr2	133038738	133043367	intergenic_43514	+	133039165	NA	NA	NA	2	2	0.707106781187
chr17	34965397	35218934	intergenic_260500	+	34965407	NA	NA	NA	1	1	0.0
chr15	21937408	21941146	intergenic_226770	+	21937781	NA	NA	NA	1	1	0.0
chr1	108048070	108113460	intergenic_14394	+	108113123	NA	NA	NA	1	1	0.0
chr1	108113552	108113781	intergenic_14395	+	108113593	NA	NA	NA	2	2	6.5192024052
chr6	159056460	159057505	intergenic_112267	+	159056466	NA	NA	NA	1	1	0.0
chr19	41767670	41768390	intergenic_299772	+	41767671	NA	NA	NA	2	1	0.0
chr8	23119512	23127632	intergenic_142003	+	23119514	NA	NA	NA	1	1	0.0
chr19	5456867	5558177	intergenic_290218	+	5495709	NA	NA	NA	1	1	0.0
chr18	15330281	18529700	intergenic_273107	+	18526956	NA	AATAAA TATAAA	1 28	1	1	0.0
chr12	112461024	112464493	intergenic_206211	+	112463961	NA	AATGAA	27	1	1	0.0
chr3	101285290	101292938	intergenic_62415	+	101287039	NA	ACTAAA	1	1	1	0.0
chr15	83382778	83419323	intergenic_236861	+	83413306	NA	NA	NA	1	1	0.0
chr6	111347303	111368070	intergenic_108393	+	111347735	NA	NA	NA	1	1	0.0
chr1	12092102	12096796	intergenic_2381	+	12092104	NA	NA	NA	1	1	0.0
chr11	491393	494511	intergenic_177801	+	491399	NA	NA	NA	1	1	0.0
chr10	105206049	105206542	intergenic_174575	+	105206051	NA	NA	NA	1	1	0.0
chr16	85337002	85645022	intergenic_251729	+	85402840	NA	NA	NA	1	1	0.0
chrY	13263307	13340550	intergenic_285842	+	13323861	NA	NA	NA	1	1	0.0
chrY	13263307	13340550	intergenic_285842	+	13323931	NA	NA	NA	1	1	0.0
chr3	52023218	52027643	intergenic_59305	+	52027624	NA	NA	NA	1	1	0.0
chr1	3397677	3406483	intergenic_947	+	3403812	NA	NA	NA	1	1	0.0
chr7	157075380	157097081	intergenic_127911	+	157087663	NA	AATGAA	6	1	1	0.0
chr6	37059582	37137978	intergenic_102132	+	37110620	NA	NA	NA	1	1	0.0
chr14	105225990	105235688	intergenic_225960	+	105225991	NA	NA	NA	1	1	0.0
chr11	18610294	18617005	intergenic_180515	+	18613559	NA	AATACA	30	1	1	0.0
chr19	58906170	58915622	intergenic_305786	+	58906171	NA	NA	NA	3	1	0.0
chr1	15995539	16010826	intergenic_2979	+	16008537	NA	NA	NA	1	1	0.0
chr6	109676266	109687716	intergenic_108102	+	109686461	NA	AATGAA	21	1	1	0.0
chr17	57279924	57287370	intergenic_265812	+	57281594	NA	NA	NA	1	1	0.0
chr11	107048256	107197070	intergenic_189076	+	107192490	NA	NA	NA	1	1	0.0
chr19	34893318	34895302	intergenic_296934	+	34893319	NA	NA	NA	1	1	0.0
chr14	21085150	21108854	intergenic_216413	+	21093637	NA	NA	NA	1	1	0.0
chr16	33962503	33965425	intergenic_246132	+	33963308	NA	AGTAAA	8	7	3	11.3829446353
chr16	33962503	33965425	intergenic_246132	+	33963371	NA	NA	NA	2	1	0.0
chr16	33962503	33965425	intergenic_246132	+	33963763	NA	NA	NA	1	1	0.0
chr16	33962503	33965425	intergenic_246132	+	33963912	NA	NA	NA	76	6	5.78109441469
chr16	33962503	33965425	intergenic_246132	+	33963968	NA	NA	NA	2	2	14.5086181285
chr12	14651697	14656594	intergenic_194083	+	14651799	NA	AATATA	2	1	1	0.0
chr19	18054793	18062110	intergenic_295192	+	18054794	NA	NA	NA	2	1	0.0
chr17	79688041	79762009	intergenic_270909	+	79688042	NA	NA	NA	1	1	0.0
chr21	9683272	9907189	intergenic_312121	+	9825998	NA	NA	NA	1	1	0.0
chr21	9683272	9907189	intergenic_312121	+	9826081	NA	NA	NA	1	1	0.0
chr21	9683272	9907189	intergenic_312121	+	9827017	NA	NA	NA	194	15	3.18015755299
chr21	9683272	9907189	intergenic_312121	+	9827056	NA	NA	NA	9	7	12.265579662
chr21	9683272	9907189	intergenic_312121	+	9827082	NA	NA	NA	1	1	0.0
chr21	9683272	9907189	intergenic_312121	+	9827136	NA	ATTAAA	6	41	17	4.63812409514
chr21	9683272	9907189	intergenic_312121	+	9827187	NA	AATACA	26	66	13	7.53677850962
chr21	9683272	9907189	intergenic_312121	+	9827233	NA	GATAAA	6	58	14	5.82947327129
chr21	9683272	9907189	intergenic_312121	+	9827288	NA	NA	NA	12	9	12.179217271
chr21	9683272	9907189	intergenic_312121	+	9827323	NA	NA	NA	8	7	5.33853912602
chr21	9683272	9907189	intergenic_312121	+	9827383	NA	NA	NA	253	40	11.4879211355
chr21	9683272	9907189	intergenic_312121	+	9827411	NA	NA	NA	9	8	7.43863786814
chr21	9683272	9907189	intergenic_312121	+	9827453	NA	NA	NA	89	14	4.06547535814
chr21	9683272	9907189	intergenic_312121	+	9827487	NA	NA	NA	25	9	4.87852436706
chr21	9683272	9907189	intergenic_312121	+	9827516	NA	NA	NA	9	5	5.85946527708
chr17	48227991	48235693	intergenic_264594	+	48228052	NA	TTTAAA TTTAAA	24 10	1	1	0.0
chr12	34372611	34402415	intergenic_195729	+	34372614	NA	NA	NA	2	1	0.0
chr12	34372611	34402415	intergenic_195729	+	34372680	NA	NA	NA	3	2	1.15470053838
chr6	26195999	26197067	intergenic_99296	+	26197043	NA	NA	NA	1	1	0.0
chr5	10435491	10441401	intergenic_85123	+	10435492	NA	NA	NA	1	1	0.0
chr15	85201794	85212776	intergenic_237142	+	85212775	NA	NA	NA	1	1	0.0
chr19	7929861	7933604	intergenic_291309	+	7929862	NA	NA	NA	1	1	0.0
chr19	52035110	52074550	intergenic_303959	+	52056111	NA	NA	NA	1	1	0.0
chr17	41154956	41158741	intergenic_262844	+	41154970	NA	TATAAA	6	1	1	0.0
chr17	46200105	46210801	intergenic_264251	+	46200106	NA	NA	NA	1	1	0.0
chr6	28700681	28743692	intergenic_99633	+	28710661	NA	NA	NA	1	1	0.0
chr15	41673245	41679546	intergenic_229468	+	41673248	NA	NA	NA	1	1	0.0
chr16	4745860	4746512	intergenic_241116	+	4745863	NA	NA	NA	1	1	0.0
chr19	55998935	55999869	intergenic_305073	+	55998936	NA	NA	NA	1	1	0.0
chr9	133580248	133589267	intergenic_161958	+	133580607	NA	NA	NA	1	1	0.0
chrY	17567954	17659095	intergenic_286137	+	17645591	NA	NA	NA	1	1	0.0
chr11	62323719	62327072	intergenic_184157	+	62327067	NA	NA	NA	2	2	0.707106781187
chr16	9057341	9178577	intergenic_241530	+	9077973	NA	NA	NA	1	1	0.0
chr6	43278095	43295871	intergenic_103281	+	43278139	NA	AATAAA	15	2	1	0.0
chr1	22419437	22446460	intergenic_4677	+	22419438	NA	NA	NA	1	1	0.0
chr1	249158995	249200394	intergenic_30299	+	249168458	NA	NA	NA	1	1	0.0
chr19	59000899	59009703	intergenic_305819	+	59009702	NA	NA	NA	1	1	0.0
chr7	127125858	127220671	intergenic_124345	+	127220269	NA	NA	NA	1	1	0.0
chr19	1570859	1576677	intergenic_288676	+	1576640	NA	NA	NA	1	1	0.0
chr10	65225722	65249220	intergenic_169548	+	65226251	NA	NA	NA	1	1	0.0
chr19	36038428	36041095	intergenic_297276	+	36038429	NA	NA	NA	1	1	0.0
chr12	127650987	127759011	intergenic_208676	+	127650990	NA	NA	NA	1	1	0.0
chr19	50570050	50655804	intergenic_303358	+	50643475	NA	GATAAA AATATA	20 26	1	1	0.0
chr19	49470135	49471381	intergenic_302553	+	49470136	NA	NA	NA	3	1	0.0
chr19	50002944	50004041	intergenic_302948	+	50002948	NA	NA	NA	2	2	2.5495097568
chr1	39176564	39303869	intergenic_7664	+	39275022	NA	NA	NA	1	1	0.0
chr15	48066417	48413168	intergenic_231329	+	48304656	NA	NA	NA	1	1	0.0
chrX	108297792	108585041	intergenic_136211	+	108297792	NA	NA	NA	52	1	0.0
chrX	108297792	108585041	intergenic_136211	+	108297831	NA	NA	NA	24	5	0.935414346693
chrX	108070099	108297360	intergenic_136210	+	108297360	NA	NA	NA	3	1	0.0
chr22	21998587	22006558	intergenic_307356	+	21998588	NA	NA	NA	1	1	0.0
chr19	13064448	13064971	intergenic_293761	+	13064456	NA	NA	NA	1	1	0.0
chr18	75575523	75796738	intergenic_276863	+	75688136	NA	AATAAA AATGAA	2 32	1	1	0.0
chr18	75575523	75796738	intergenic_276863	+	75704545	NA	NA	NA	1	1	0.0
chr9	87774865	88107493	intergenic_156249	+	87904929	NA	NA	NA	1	1	0.0
chr16	3030505	3062456	intergenic_240515	+	3031060	NA	NA	NA	1	1	0.0
chr12	118583389	118587605	intergenic_207174	+	118583391	NA	NA	NA	1	1	0.0
chr19	3209572	3224700	intergenic_289321	+	3209573	NA	NA	NA	1	1	0.0
chr18	46987079	47008029	intergenic_275169	+	47007333	NA	NA	NA	1	1	0.0
chr5	115378958	115387606	intergenic_91694	+	115387581	NA	AATAAA AATAAA AATAAA AATAAA ATTAAA	22 4 27 33 15	1	1	0.0
chr14	62214976	62229092	intergenic_220777	+	62214977	NA	NA	NA	1	1	0.0
chr12	53901422	53905844	intergenic_199034	+	53905839	NA	NA	NA	1	1	0.0
chr19	50986607	51009254	intergenic_303575	+	50986608	NA	NA	NA	1	1	0.0
chr19	24127961	24184074	intergenic_296320	+	24183715	NA	NA	NA	4	3	9.0
chr19	24184165	24187159	intergenic_296321	+	24184805	NA	NA	NA	1	1	0.0
chr19	24184165	24187159	intergenic_296321	+	24184999	NA	AATGAA	29	1	1	0.0
chr6	26574925	26597179	intergenic_99386	+	26577490	NA	NA	NA	1	1	0.0
