chrm	beg	end	utr_ID	strand	polyA_coordinate	annotated_polyA_distance	nearby_PAS	PAS_distance	number_supporting_reads	number_unique_supporting_reads	unique_reads_spread
chr19	53313499	53313700	five_utr_exonic_20061	+	53313654	NA	NA	NA	1	1	0.0
chr19	53308397	53309274	five_utr_exonic_20060	+	53308527	NA	NA	NA	1	1	0.0
chr16	88803207	88803966	five_utr_exonic_15312	+	88803484	NA	AATGAA AATGAA	15 24	1	1	0.0
chr1	61547979	61548432	five_utr_exonic_1586	+	61548400	NA	NA	NA	2	2	0.707106781187
chr1	1509937	1510249	five_utr_exonic_70	+	1509960	NA	NA	NA	1	1	0.0
chr12	57118745	57120981	five_utr_exonic_9869	+	57119164	NA	NA	NA	1	1	0.0
chr11	93517392	93517679	five_utr_exonic_7989	+	93517679	NA	NA	NA	1	1	0.0
chr3	186524078	186524484	five_utr_exonic_28540	+	186524163	NA	NA	NA	1	1	0.0
chr7	23509729	23510086	five_utr_exonic_34917	+	23509729	NA	NA	NA	1	1	0.0
chr7	23509729	23510086	five_utr_exonic_34917	+	23509772	NA	TTTAAA TTTAAA	12 22	1	1	0.0
chr7	23509729	23510086	five_utr_exonic_34917	+	23509984	NA	NA	NA	1	1	0.0
chr3	12881736	12883087	five_utr_exonic_26190	+	12882697	NA	NA	NA	1	1	0.0
chr3	12881736	12883087	five_utr_exonic_26190	+	12882813	NA	AATACA	17	3	3	1.82574185835
chr14	105354380	105355851	five_utr_exonic_12647	+	105354572	NA	NA	NA	1	1	0.0
chr6	160209175	160209471	five_utr_exonic_34495	+	160209458	NA	NA	NA	2	2	4.0
chr6	160209641	160209900	five_utr_exonic_34496	+	160209777	NA	NA	NA	1	1	0.0
chr12	53571854	53572138	five_utr_exonic_9676	+	53572090	NA	NA	NA	1	1	0.0
chr19	53119970	53120675	five_utr_exonic_20043	+	53120042	NA	NA	NA	1	1	0.0
chr19	53119970	53120675	five_utr_exonic_20043	+	53120447	NA	AATAGA	30	1	1	0.0
chr5	159848910	159849319	five_utr_exonic_32093	+	159849281	NA	NA	NA	1	1	0.0
chr19	48752779	48753135	five_utr_exonic_19733	+	48752779	NA	NA	NA	2	1	0.0
chr19	10362639	10362929	five_utr_exonic_18486	+	10362915	NA	NA	NA	1	1	0.0
chr17	26925964	26926297	five_utr_exonic_15991	+	26926022	NA	NA	NA	3	2	1.91485421551
chr17	74553859	74555122	five_utr_exonic_17265	+	74553894	NA	NA	NA	1	1	0.0
chr4	78079449	78079685	five_utr_exonic_29538	+	78079493	NA	NA	NA	1	1	0.0
chr1	71546678	71546980	five_utr_exonic_1689	+	71546696	NA	NA	NA	13	3	1.0
chrX	48433339	48433568	five_utr_exonic_40695	+	48433552	NA	NA	NA	1	1	0.0
chrX	48434055	48434573	five_utr_exonic_40696	+	48434186	NA	NA	NA	1	1	0.0
chr1	70697253	70697541	five_utr_exonic_1683	+	70697302	NA	NA	NA	1	1	0.0
chr1	70697253	70697541	five_utr_exonic_1683	+	70697533	NA	NA	NA	4	2	13.8564064606
chr1	151257681	151258550	five_utr_exonic_2483	+	151258207	NA	AAGAAA AATATA	7 11	1	1	0.0
chr15	80206929	80207598	five_utr_exonic_13574	+	80207023	NA	NA	NA	1	1	0.0
chr3	142744623	142745990	five_utr_exonic_28016	+	142745538	NA	TATAAA TATAAA	8 28	2	1	0.0
chr16	30583596	30584055	five_utr_exonic_14599	+	30583914	NA	AATAAA	5	1	1	0.0
chr11	313852	314155	five_utr_exonic_5790	+	314058	NA	AATACA	0	3	3	10.6614570611
chr17	74261282	74261586	five_utr_exonic_17240	+	74261532	NA	NA	NA	1	1	0.0
chr1	151030233	151033029	five_utr_exonic_2460	+	151030295	NA	NA	NA	1	1	0.0
chr1	151030233	151033029	five_utr_exonic_2460	+	151030839	NA	NA	NA	2	2	0.707106781187
chr11	94300473	94300684	five_utr_exonic_8001	+	94300553	NA	NA	NA	1	1	0.0
chr17	7492994	7493488	five_utr_exonic_15650	+	7493312	NA	NA	NA	1	1	0.0
chr14	103801989	103802197	five_utr_exonic_12607	+	103802002	NA	NA	NA	1	1	0.0
chr19	36726560	36727342	five_utr_exonic_19147	+	36726841	NA	NA	NA	1	1	0.0
chr2	66662531	66662988	five_utr_exonic_21206	+	66662920	NA	NA	NA	1	1	0.0
chr6	31704077	31704349	five_utr_exonic_33019	+	31704289	NA	NA	NA	1	1	0.0
chr6	31696938	31697573	five_utr_exonic_33017	+	31697174	NA	NA	NA	1	1	0.0
chr1	153949728	153950164	five_utr_exonic_2692	+	153949741	NA	NA	NA	1	1	0.0
chr2	170655788	170656026	five_utr_exonic_22333	+	170655855	NA	NA	NA	1	1	0.0
chr2	170648442	170650342	five_utr_exonic_22331	+	170649213	NA	AATAAA	16	1	1	0.0
chr14	24036523	24037246	five_utr_exonic_11762	+	24037246	NA	NA	NA	1	1	0.0
chr15	93443418	93444054	five_utr_exonic_13762	+	93443795	NA	NA	NA	1	1	0.0
chrX	153044801	153045680	five_utr_exonic_41912	+	153044898	NA	NA	NA	1	1	0.0
chr1	167307206	167307443	five_utr_exonic_3112	+	167307373	NA	NA	NA	1	1	0.0
chr12	124070108	124071293	five_utr_exonic_10712	+	124070917	NA	AAGAAA	17	1	1	0.0
chr12	124070108	124071293	five_utr_exonic_10712	+	124071139	NA	NA	NA	1	1	0.0
chr2	38978398	38978636	five_utr_exonic_20942	+	38978453	NA	NA	NA	1	1	0.0
chr7	44162777	44163107	five_utr_exonic_35205	+	44162777	NA	NA	NA	1	1	0.0
chr2	12857014	12858433	five_utr_exonic_20573	+	12858408	NA	NA	NA	1	1	0.0
chr12	109530591	109531293	five_utr_exonic_10361	+	109530655	NA	NA	NA	1	1	0.0
chr1	226251677	226252052	five_utr_exonic_3866	+	226251677	NA	NA	NA	1	1	0.0
chr6	144285923	144289975	five_utr_exonic_34310	+	144286017	NA	GATAAA	18	1	1	0.0
chr22	38884120	38884535	five_utr_exonic_25663	+	38884120	NA	NA	NA	1	1	0.0
chr22	38884120	38884535	five_utr_exonic_25663	+	38884201	NA	NA	NA	17	6	3.94073746458
chr22	38884120	38884535	five_utr_exonic_25663	+	38884267	NA	NA	NA	17	3	4.22875311897
chr22	38884120	38884535	five_utr_exonic_25663	+	38884377	NA	NA	NA	1	1	0.0
chr19	33571785	33572099	five_utr_exonic_19025	+	33572094	NA	NA	NA	1	1	0.0
chr8	86290274	86291243	five_utr_exonic_37785	+	86290343	NA	NA	NA	1	1	0.0
chr1	150522297	150522733	five_utr_exonic_2424	+	150522692	NA	NA	NA	1	1	0.0
chr3	9860605	9862229	five_utr_exonic_26114	+	9860708	NA	AATAGA	17	1	1	0.0
chr3	9860605	9862229	five_utr_exonic_26114	+	9860811	NA	NA	NA	1	1	0.0
chr3	9860605	9862229	five_utr_exonic_26114	+	9862175	NA	NA	NA	1	1	0.0
chrX	152989655	152990152	five_utr_exonic_41906	+	152989857	NA	NA	NA	1	1	0.0
chr17	7218649	7218950	five_utr_exonic_15616	+	7218947	NA	NA	NA	1	1	0.0
chr11	62437503	62438711	five_utr_exonic_7127	+	62438619	NA	NA	NA	2	2	0.707106781187
chr20	62492565	62492893	five_utr_exonic_24457	+	62492567	NA	NA	NA	4	3	1.5
chr3	52444635	52445263	five_utr_exonic_26969	+	52445036	NA	AATAAA AATAAA	3 10	2	2	5.52268050859
chr21	47742652	47743789	five_utr_exonic_24988	+	47743380	NA	NA	NA	3	2	2.82842712475
chr12	21810401	21810776	five_utr_exonic_9238	+	21810754	NA	NA	NA	1	1	0.0
chr9	139997799	139998781	five_utr_exonic_40172	+	139997835	NA	NA	NA	1	1	0.0
chr9	139997799	139998781	five_utr_exonic_40172	+	139998698	NA	NA	NA	1	1	0.0
chr9	139997799	139998781	five_utr_exonic_40172	+	139998760	NA	NA	NA	4	3	0.866025403784
chr5	133706869	133707286	five_utr_exonic_31591	+	133707259	NA	NA	NA	1	1	0.0
chr12	125398317	125399894	five_utr_exonic_10750	+	125398447	NA	NA	NA	1	1	0.0
chrX	12993226	12994380	five_utr_exonic_40340	+	12993684	NA	NA	NA	1	1	0.0
chr10	103879867	103880210	five_utr_exonic_5385	+	103880210	NA	NA	NA	1	1	0.0
chr7	44613494	44614650	five_utr_exonic_35219	+	44614213	NA	NA	NA	1	1	0.0
chr7	99949781	99950101	five_utr_exonic_35868	+	99949781	NA	NA	NA	1	1	0.0
chr22	32021801	32022280	five_utr_exonic_25444	+	32021863	NA	NA	NA	1	1	0.0
chr1	89149904	89150263	five_utr_exonic_1814	+	89150223	NA	NA	NA	2	1	0.0
chr1	145438468	145438802	five_utr_exonic_2286	+	145438759	NA	NA	NA	3	1	0.0
chr3	45635815	45636371	five_utr_exonic_26621	+	45636073	NA	NA	NA	1	1	0.0
chr5	141016516	141017792	five_utr_exonic_31805	+	141017748	NA	NA	NA	1	1	0.0
chr9	138853008	138853226	five_utr_exonic_40098	+	138853014	NA	NA	NA	1	1	0.0
chr13	103422376	103422620	five_utr_exonic_11481	+	103422376	NA	NA	NA	1	1	0.0
chr13	103421891	103422361	five_utr_exonic_11480	+	103422354	NA	NA	NA	1	1	0.0
chr9	116037622	116038023	five_utr_exonic_39553	+	116037669	NA	NA	NA	1	1	0.0
chr19	49588464	49588835	five_utr_exonic_19811	+	49588733	NA	NA	NA	1	1	0.0
chr19	49606844	49607703	five_utr_exonic_19813	+	49607339	NA	NA	NA	1	1	0.0
chr12	123077962	123078822	five_utr_exonic_10654	+	123078395	NA	NA	NA	1	1	0.0
chr8	33370131	33371119	five_utr_exonic_37260	+	33371119	NA	NA	NA	1	1	0.0
chr5	43121697	43122140	five_utr_exonic_30818	+	43122072	NA	NA	NA	3	3	4.32049379894
chr3	38178526	38178733	five_utr_exonic_26453	+	38178565	NA	NA	NA	1	1	0.0
chr2	187350882	187351109	five_utr_exonic_22516	+	187351094	NA	NA	NA	1	1	0.0
chr11	61572282	61574000	five_utr_exonic_7067	+	61572397	NA	NA	NA	1	1	0.0
chr19	56165415	56166470	five_utr_exonic_20270	+	56166444	NA	NA	NA	2	2	2.0
chr10	102106876	102107261	five_utr_exonic_5341	+	102106974	NA	NA	NA	1	1	0.0
chr22	22899252	22900174	five_utr_exonic_25180	+	22899252	NA	NA	NA	1	1	0.0
chr22	22899252	22900174	five_utr_exonic_25180	+	22899359	NA	NA	NA	3	2	2.82842712475
chr22	22899252	22900174	five_utr_exonic_25180	+	22899521	NA	NA	NA	1	1	0.0
chr19	50376559	50378542	five_utr_exonic_19872	+	50377007	NA	NA	NA	1	1	0.0
chr11	33792376	33795893	five_utr_exonic_6585	+	33794483	NA	NA	NA	2	2	1.0
chr12	123461971	123462746	five_utr_exonic_10679	+	123461971	NA	NA	NA	2	1	0.0
chr12	123461971	123462746	five_utr_exonic_10679	+	123462058	NA	NA	NA	1	1	0.0
chr12	49523505	49525080	five_utr_exonic_9529	+	49523527	NA	NA	NA	1	1	0.0
chr5	134369571	134369988	five_utr_exonic_31614	+	134369662	NA	NA	NA	1	1	0.0
chr1	172411762	172413230	five_utr_exonic_3200	+	172413197	NA	NA	NA	2	2	0.707106781187
chr12	132195992	132198615	five_utr_exonic_10800	+	132197389	NA	ATTAAA GATAAA	18 22	7	1	0.0
chr1	27022523	27022894	five_utr_exonic_763	+	27022523	NA	NA	NA	1	1	0.0
chr2	219433302	219433677	five_utr_exonic_22960	+	219433602	NA	NA	NA	1	1	0.0
chr11	10529773	10530723	five_utr_exonic_6265	+	10530519	NA	NA	NA	1	1	0.0
chr11	64012792	64013288	five_utr_exonic_7217	+	64012838	NA	NA	NA	1	1	0.0
chr7	111201906	111202347	five_utr_exonic_36095	+	111201915	NA	NA	NA	1	1	0.0
chr1	161145850	161146638	five_utr_exonic_3011	+	161146060	NA	NA	NA	1	1	0.0
chr19	57862644	57863032	five_utr_exonic_20337	+	57862664	NA	NA	NA	1	1	0.0
chr1	44445718	44446286	five_utr_exonic_1305	+	44445853	NA	NA	NA	1	1	0.0
chr1	89449509	89449749	five_utr_exonic_1818	+	89449520	NA	NA	NA	1	1	0.0
chr2	61764696	61765418	five_utr_exonic_21147	+	61764873	NA	AGTAAA	7	1	1	0.0
chr2	61763844	61764252	five_utr_exonic_21146	+	61763863	NA	NA	NA	1	1	0.0
chr2	61761032	61761413	five_utr_exonic_21142	+	61761047	NA	NA	NA	1	1	0.0
chr1	151763285	151763892	five_utr_exonic_2517	+	151763563	NA	AAGAAA	7	1	1	0.0
chr1	156566964	156567591	five_utr_exonic_2848	+	156567193	NA	NA	NA	1	1	0.0
chr7	39663484	39664026	five_utr_exonic_35162	+	39663973	NA	NA	NA	3	2	1.0
chr17	46127968	46128423	five_utr_exonic_16674	+	46128381	NA	NA	NA	1	1	0.0
chr12	27090590	27091259	five_utr_exonic_9297	+	27090726	NA	NA	NA	1	1	0.0
chr12	27090590	27091259	five_utr_exonic_9297	+	27090793	NA	NA	NA	3	1	0.0
chrX	102931955	102933308	five_utr_exonic_41289	+	102933037	NA	NA	NA	2	1	0.0
chrX	102931955	102933308	five_utr_exonic_41289	+	102933165	NA	AATGAA	6	2	2	19.5064092031
chr3	48964150	48964991	five_utr_exonic_26788	+	48964365	NA	NA	NA	1	1	0.0
chr3	179042829	179043110	five_utr_exonic_28368	+	179042896	NA	NA	NA	1	1	0.0
chr19	54960064	54960488	five_utr_exonic_20174	+	54960416	NA	NA	NA	1	1	0.0
chr6	35995487	35995934	five_utr_exonic_33242	+	35995907	NA	NA	NA	1	1	0.0
chr7	102036423	102036858	five_utr_exonic_35960	+	102036690	NA	AATGAA	14	1	1	0.0
chrX	48826678	48827976	five_utr_exonic_40722	+	48827597	NA	NA	NA	1	1	0.0
chr6	43737949	43738443	five_utr_exonic_33477	+	43738190	NA	AATAAA ATTAAA	23 28	4	3	6.80073525437
chr18	47813959	47814692	five_utr_exonic_17839	+	47814239	NA	NA	NA	1	1	0.0
chr12	109957360	109958952	five_utr_exonic_10382	+	109958123	NA	NA	NA	1	1	0.0
chr7	30538946	30539592	five_utr_exonic_35050	+	30539269	NA	NA	NA	1	1	0.0
chr7	26241312	26242229	five_utr_exonic_34958	+	26241376	NA	NA	NA	1	1	0.0
chr7	26241312	26242229	five_utr_exonic_34958	+	26242091	NA	NA	NA	2	1	0.0
chr2	112641518	112642267	five_utr_exonic_21814	+	112641589	NA	NA	NA	1	1	0.0
chr8	41455810	41456658	five_utr_exonic_37366	+	41456115	NA	AGTAAA	29	1	1	0.0
chr1	157014122	157015162	five_utr_exonic_2882	+	157014652	NA	NA	NA	1	1	0.0
chr2	74729986	74731805	five_utr_exonic_21373	+	74731804	NA	TATAAA	23	1	1	0.0
chr6	2959566	2961561	five_utr_exonic_32476	+	2960005	NA	NA	NA	1	1	0.0
chr19	12834582	12834810	five_utr_exonic_18627	+	12834582	NA	NA	NA	2	1	0.0
chr19	12834582	12834810	five_utr_exonic_18627	+	12834650	NA	AATGAA	32	1	1	0.0
chr5	149379490	149380742	five_utr_exonic_31926	+	149380528	NA	NA	NA	1	1	0.0
chr1	46152083	46152302	five_utr_exonic_1362	+	46152112	NA	NA	NA	1	1	0.0
chr8	145578427	145579090	five_utr_exonic_38523	+	145579089	NA	NA	NA	1	1	0.0
chr13	28195473	28196120	five_utr_exonic_10997	+	28196076	NA	NA	NA	4	2	1.0
chr13	41556190	41556418	five_utr_exonic_11119	+	41556243	NA	NA	NA	1	1	0.0
chr19	40697650	40697938	five_utr_exonic_19348	+	40697854	NA	NA	NA	1	1	0.0
chr5	140063252	140064923	five_utr_exonic_31770	+	140063906	NA	NA	NA	1	1	0.0
chr5	140063252	140064923	five_utr_exonic_31770	+	140064713	NA	AAGAAA	28	1	1	0.0
chr6	43028799	43029048	five_utr_exonic_33432	+	43029028	NA	NA	NA	1	1	0.0
chr9	117187417	117188351	five_utr_exonic_39599	+	117188160	NA	AATACA	0	1	1	0.0
chr17	46659653	46659984	five_utr_exonic_16693	+	46659896	NA	NA	NA	1	1	0.0
chr1	32384666	32385259	five_utr_exonic_911	+	32384666	NA	NA	NA	1	1	0.0
chr1	32384666	32385259	five_utr_exonic_911	+	32384715	NA	NA	NA	3	2	2.82842712475
chr17	16284112	16284498	five_utr_exonic_15804	+	16284423	NA	NA	NA	2	2	5.0
chr12	46766291	46766645	five_utr_exonic_9447	+	46766381	NA	AATACA CATAAA	2 11	3	3	19.2006944319
chr1	25664407	25664947	five_utr_exonic_694	+	25664476	NA	NA	NA	1	1	0.0
chr16	28222689	28223190	five_utr_exonic_14454	+	28222812	NA	NA	NA	1	1	0.0
chr11	114314934	114315223	five_utr_exonic_8240	+	114314934	NA	NA	NA	2	1	0.0
chr5	138677275	138677669	five_utr_exonic_31719	+	138677602	NA	NA	NA	9	2	0.333333333333
chr20	61847244	61847586	five_utr_exonic_24411	+	61847285	NA	NA	NA	1	1	0.0
chr16	75033249	75033569	five_utr_exonic_15146	+	75033444	NA	NA	NA	2	2	3.0
chr14	24674925	24675129	five_utr_exonic_11795	+	24675017	NA	NA	NA	1	1	0.0
chr5	180665239	180665663	five_utr_exonic_32437	+	180665576	NA	NA	NA	1	1	0.0
chr5	180665239	180665663	five_utr_exonic_32437	+	180665646	NA	NA	NA	1	1	0.0
chr19	47287854	47288134	five_utr_exonic_19685	+	47287945	NA	AATACA	31	1	1	0.0
chr19	18548789	18549111	five_utr_exonic_18873	+	18548977	NA	NA	NA	1	1	0.0
chr2	192542852	192543340	five_utr_exonic_22610	+	192543167	NA	AAGAAA	11	3	2	7.54983443527
chr2	192542852	192543340	five_utr_exonic_22610	+	192543221	NA	NA	NA	1	1	0.0
chr2	171785035	171785850	five_utr_exonic_22347	+	171785849	NA	NA	NA	2	1	0.0
chr22	50354160	50354595	five_utr_exonic_25965	+	50354160	NA	NA	NA	1	1	0.0
chr19	10464322	10464717	five_utr_exonic_18495	+	10464492	NA	NA	NA	1	1	0.0
chr21	40717884	40718454	five_utr_exonic_24764	+	40718329	NA	NA	NA	1	1	0.0
chr21	40717884	40718454	five_utr_exonic_24764	+	40718454	NA	AATACA AATAGA	14 9	1	1	0.0
chr3	50334958	50335514	five_utr_exonic_26875	+	50335422	NA	NA	NA	2	2	18.0
chr12	57504892	57505196	five_utr_exonic_9891	+	57505039	NA	NA	NA	1	1	0.0
chr14	21730759	21733675	five_utr_exonic_11678	+	21733173	NA	NA	NA	1	1	0.0
chr6	53213147	53213587	five_utr_exonic_33597	+	53213147	NA	NA	NA	1	1	0.0
chr2	175260545	175261021	five_utr_exonic_22400	+	175260545	NA	NA	NA	2	1	0.0
chr7	97499089	97499289	five_utr_exonic_35751	+	97499134	NA	AAGAAA AATAAA	23 29	1	1	0.0
chr7	97500992	97501477	five_utr_exonic_35752	+	97501060	NA	NA	NA	1	1	0.0
chr7	97500992	97501477	five_utr_exonic_35752	+	97501260	NA	NA	NA	1	1	0.0
chr7	97500992	97501477	five_utr_exonic_35752	+	97501326	NA	NA	NA	1	1	0.0
chr21	46221663	46221934	five_utr_exonic_24933	+	46221694	NA	NA	NA	4	2	0.866025403784
chr6	31725198	31725905	five_utr_exonic_33026	+	31725452	NA	NA	NA	1	1	0.0
chr6	31707724	31707997	five_utr_exonic_33023	+	31707787	NA	NA	NA	1	1	0.0
chr11	65270288	65271093	five_utr_exonic_7322	+	65270299	NA	NA	NA	6	3	7.43863786814
chr11	65270288	65271093	five_utr_exonic_7322	+	65270456	NA	NA	NA	2	1	0.0
chr11	65270288	65271093	five_utr_exonic_7322	+	65270739	NA	NA	NA	1	1	0.0
chr11	65270288	65271093	five_utr_exonic_7322	+	65270782	NA	NA	NA	1	1	0.0
chr11	65270288	65271093	five_utr_exonic_7322	+	65271093	NA	AATAAA ATTAAA AATAAA	21 4 1	6	1	0.0
chr12	121768505	121769149	five_utr_exonic_10583	+	121768622	NA	AAGAAA	17	2	1	0.0
chr12	121768505	121769149	five_utr_exonic_10583	+	121768653	NA	ATTAAA	33	1	1	0.0
chr7	1489941	1490172	five_utr_exonic_34646	+	1489941	NA	NA	NA	1	1	0.0
chr17	7387805	7388083	five_utr_exonic_15640	+	7387922	NA	NA	NA	2	2	0.707106781187
chr2	176046121	176049335	five_utr_exonic_22423	+	176046141	NA	NA	NA	1	1	0.0
chr2	176046121	176049335	five_utr_exonic_22423	+	176046308	NA	NA	NA	1	1	0.0
chr1	182359631	182361341	five_utr_exonic_3318	+	182359788	NA	NA	NA	1	1	0.0
chr1	182359631	182361341	five_utr_exonic_3318	+	182360485	NA	NA	NA	1	1	0.0
chr11	62609040	62609281	five_utr_exonic_7154	+	62609076	NA	ATTAAA	21	1	1	0.0
chr8	68255522	68255912	five_utr_exonic_37614	+	68255621	NA	NA	NA	1	1	0.0
chr12	4382937	4383206	five_utr_exonic_8778	+	4383073	NA	NA	NA	4	2	3.04138126515
chr12	4382937	4383206	five_utr_exonic_8778	+	4383136	NA	NA	NA	1	1	0.0
chr6	31637943	31638727	five_utr_exonic_33007	+	31638422	NA	NA	NA	1	1	0.0
chr16	89627055	89627367	five_utr_exonic_15345	+	89627255	NA	NA	NA	1	1	0.0
chr1	93298024	93298945	five_utr_exonic_1885	+	93298361	NA	NA	NA	1	1	0.0
chr14	35452103	35452421	five_utr_exonic_11880	+	35452421	NA	NA	NA	1	1	0.0
chr14	35591165	35591519	five_utr_exonic_11885	+	35591174	NA	NA	NA	3	3	6.97614984549
chr15	96869156	96869538	five_utr_exonic_13773	+	96869538	NA	ACTAAA	7	1	1	0.0
chr15	96873945	96875334	five_utr_exonic_13774	+	96874929	NA	NA	NA	1	1	0.0
chr8	116680771	116681228	five_utr_exonic_38137	+	116680983	NA	NA	NA	1	1	0.0
chr9	95055727	95056038	five_utr_exonic_39269	+	95055789	NA	AAGAAA	33	1	1	0.0
chr7	43688213	43689895	five_utr_exonic_35180	+	43689424	NA	NA	NA	1	1	0.0
chr7	43688213	43689895	five_utr_exonic_35180	+	43689657	NA	NA	NA	1	1	0.0
chr11	89956122	89956532	five_utr_exonic_7958	+	89956223	NA	NA	NA	1	1	0.0
chr3	160116933	160118614	five_utr_exonic_28215	+	160117443	NA	AATACA	15	1	1	0.0
chr3	160116933	160118614	five_utr_exonic_28215	+	160118532	NA	NA	NA	1	1	0.0
chr9	33927990	33928833	five_utr_exonic_38858	+	33928774	NA	NA	NA	1	1	0.0
chr1	110162458	110162890	five_utr_exonic_2043	+	110162521	NA	NA	NA	1	1	0.0
chr8	99057595	99057818	five_utr_exonic_37949	+	99057646	NA	NA	NA	2	1	0.0
chr2	228189866	228190376	five_utr_exonic_23095	+	228190093	NA	NA	NA	1	1	0.0
chr8	144679024	144679914	five_utr_exonic_38445	+	144679586	NA	NA	NA	3	1	0.0
chr6	143771917	143772179	five_utr_exonic_34300	+	143772138	NA	AAGAAA	16	1	1	0.0
chr9	130186660	130187066	five_utr_exonic_39799	+	130187017	NA	NA	NA	1	1	0.0
chr3	157823813	157824292	five_utr_exonic_28185	+	157824290	NA	AGTAAA	15	1	1	0.0
chr21	36259409	36260987	five_utr_exonic_24694	+	36260423	NA	NA	NA	1	1	0.0
chr21	36259409	36260987	five_utr_exonic_24694	+	36260803	NA	AAGAAA	23	1	1	0.0
chr3	9975505	9976122	five_utr_exonic_26122	+	9975824	NA	NA	NA	1	1	0.0
chrX	153200357	153200676	five_utr_exonic_41932	+	153200450	NA	NA	NA	1	1	0.0
chr11	96123157	96123813	five_utr_exonic_8036	+	96123457	NA	NA	NA	2	2	0.707106781187
chr15	44084039	44084574	five_utr_exonic_13037	+	44084545	NA	NA	NA	1	1	0.0
chr12	109915067	109915914	five_utr_exonic_10378	+	109915846	NA	NA	NA	3	2	1.41421356237
chr12	109915067	109915914	five_utr_exonic_10378	+	109915914	NA	NA	NA	1	1	0.0
chr2	150443611	150444116	five_utr_exonic_22122	+	150443921	NA	NA	NA	2	1	0.0
chr19	19144383	19144822	five_utr_exonic_18901	+	19144635	NA	NA	NA	1	1	0.0
chr15	57025655	57026284	five_utr_exonic_13197	+	57025739	NA	NA	NA	1	1	0.0
chrX	70752932	70753149	five_utr_exonic_41008	+	70752971	NA	NA	NA	1	1	0.0
chr6	170167110	170168198	five_utr_exonic_34591	+	170167784	NA	NA	NA	1	1	0.0
chr13	31037817	31038447	five_utr_exonic_11026	+	31038245	NA	AATAAA	28	1	1	0.0
chr14	102974977	102975183	five_utr_exonic_12593	+	102974977	NA	NA	NA	1	1	0.0
chr1	150266339	150266786	five_utr_exonic_2415	+	150266786	NA	TTTAAA TTTAAA	25 8	1	1	0.0
chr20	1164445	1165319	five_utr_exonic_23448	+	1164612	NA	AATAGA AGTAAA	30 18	1	1	0.0
chr16	28834319	28834580	five_utr_exonic_14479	+	28834580	NA	NA	NA	1	1	0.0
chr2	122363471	122363756	five_utr_exonic_21923	+	122363471	NA	NA	NA	1	1	0.0
chr7	99950995	99951635	five_utr_exonic_35871	+	99951322	NA	NA	NA	1	1	0.0
chrX	149106410	149107029	five_utr_exonic_41768	+	149106681	NA	NA	NA	1	1	0.0
chr9	139730297	139731606	five_utr_exonic_40141	+	139730931	NA	NA	NA	1	1	0.0
chr9	139730297	139731606	five_utr_exonic_40141	+	139731345	NA	AAGAAA	7	1	1	0.0
chr16	29802289	29802782	five_utr_exonic_14523	+	29802633	NA	NA	NA	1	1	0.0
chr2	209118609	209119063	five_utr_exonic_22839	+	209118951	NA	NA	NA	1	1	0.0
chr6	74229749	74231444	five_utr_exonic_33701	+	74229889	NA	NA	NA	1	1	0.0
chr6	74229749	74231444	five_utr_exonic_33701	+	74230414	NA	NA	NA	1	1	0.0
chr4	88312222	88312538	five_utr_exonic_29657	+	88312318	NA	NA	NA	5	4	8.35463942968
chr12	120107228	120107731	five_utr_exonic_10527	+	120107455	NA	NA	NA	1	1	0.0
chr20	60698192	60698470	five_utr_exonic_24364	+	60698427	NA	NA	NA	1	1	0.0
chr12	7024370	7024996	five_utr_exonic_8893	+	7024987	NA	NA	NA	1	1	0.0
chrX	153626405	153626860	five_utr_exonic_41958	+	153626738	NA	NA	NA	1	1	0.0
chr1	40041623	40042462	five_utr_exonic_1129	+	40041775	NA	NA	NA	1	1	0.0
chr1	40041623	40042462	five_utr_exonic_1129	+	40041826	NA	NA	NA	1	1	0.0
chr1	40041623	40042462	five_utr_exonic_1129	+	40042405	NA	GATAAA	15	1	1	0.0
chr13	107220267	107220512	five_utr_exonic_11497	+	107220433	NA	CATAAA	32	1	1	0.0
chr8	142431487	142432340	five_utr_exonic_38365	+	142432104	NA	AAGAAA	5	1	1	0.0
chr18	48405418	48405678	five_utr_exonic_17847	+	48405614	NA	NA	NA	1	1	0.0
chr4	83350843	83351294	five_utr_exonic_29577	+	83350916	NA	NA	NA	1	1	0.0
chr3	128209142	128209491	five_utr_exonic_27733	+	128209194	NA	NA	NA	1	1	0.0
chr8	102214560	102217557	five_utr_exonic_38009	+	102216037	NA	NA	NA	1	1	0.0
chr17	80010445	80011149	five_utr_exonic_17451	+	80010925	NA	NA	NA	1	1	0.0
chr1	38455637	38456593	five_utr_exonic_1104	+	38456210	NA	NA	NA	3	2	8.48528137424
chr11	13741449	13743276	five_utr_exonic_6330	+	13742426	NA	AAGAAA	12	1	1	0.0
chr16	28875295	28877415	five_utr_exonic_14485	+	28875497	NA	NA	NA	1	1	0.0
chr16	28875295	28877415	five_utr_exonic_14485	+	28876511	NA	NA	NA	1	1	0.0
chr7	150777295	150777771	five_utr_exonic_36651	+	150777310	NA	NA	NA	1	1	0.0
chr19	1205797	1206912	five_utr_exonic_18075	+	1206795	NA	NA	NA	1	1	0.0
chr8	38033838	38034387	five_utr_exonic_37297	+	38033838	NA	NA	NA	1	1	0.0
chr1	21100103	21101498	five_utr_exonic_547	+	21100187	NA	TATAAA	6	1	1	0.0
chr1	21100103	21101498	five_utr_exonic_547	+	21100459	NA	NA	NA	1	1	0.0
chr1	21100103	21101498	five_utr_exonic_547	+	21100765	NA	NA	NA	1	1	0.0
chr1	21100103	21101498	five_utr_exonic_547	+	21101361	NA	NA	NA	1	1	0.0
chr1	21100103	21101498	five_utr_exonic_547	+	21101427	NA	NA	NA	2	1	0.0
chr17	26369181	26369899	five_utr_exonic_15965	+	26369743	NA	NA	NA	2	1	0.0
chr12	133580989	133583627	five_utr_exonic_10870	+	133582930	NA	NA	NA	1	1	0.0
chr12	133617685	133618053	five_utr_exonic_10874	+	133617865	NA	AATATA	6	1	1	0.0
chr4	130014258	130015183	five_utr_exonic_30026	+	130014438	NA	NA	NA	1	1	0.0
chr19	9545959	9546234	five_utr_exonic_18445	+	9546090	NA	NA	NA	1	1	0.0
chrX	102940098	102941149	five_utr_exonic_41292	+	102941115	NA	AATATA	8	1	1	0.0
chr2	148602085	148602721	five_utr_exonic_22095	+	148602571	NA	AAGAAA	25	1	1	0.0
chr7	56119322	56119541	five_utr_exonic_35348	+	56119539	NA	NA	NA	2	1	0.0
chr8	103876034	103876578	five_utr_exonic_38047	+	103876348	NA	NA	NA	3	3	1.41421356237
chr8	38008336	38008783	five_utr_exonic_37296	+	38008564	NA	GATAAA	10	1	1	0.0
chr6	24720129	24721064	five_utr_exonic_32698	+	24720743	NA	AAGAAA	33	2	2	3.0
chr6	24720129	24721064	five_utr_exonic_32698	+	24720776	NA	AAGAAA	0	1	1	0.0
chr6	24667262	24667491	five_utr_exonic_32695	+	24667417	NA	NA	NA	1	1	0.0
chr6	24718896	24720087	five_utr_exonic_32697	+	24719360	NA	NA	NA	4	4	1.22474487139
chr12	133331719	133338203	five_utr_exonic_10855	+	133332229	NA	NA	NA	1	1	0.0
chr20	62695439	62695705	five_utr_exonic_24475	+	62695494	NA	AATAAA	0	1	1	0.0
chr6	32939371	32940675	five_utr_exonic_33123	+	32940491	NA	NA	NA	1	1	0.0
chr6	32939371	32940675	five_utr_exonic_33123	+	32940630	NA	NA	NA	1	1	0.0
chr11	33182871	33183077	five_utr_exonic_6572	+	33182925	NA	NA	NA	3	2	8.04155872121
chr11	33182871	33183077	five_utr_exonic_6572	+	33183027	NA	NA	NA	1	1	0.0
chr12	112563348	112563953	five_utr_exonic_10449	+	112563357	NA	NA	NA	2	1	0.0
chr12	122618867	122619625	five_utr_exonic_10622	+	122619295	NA	NA	NA	3	3	1.63299316186
chr11	75273100	75274815	five_utr_exonic_7769	+	75274497	NA	NA	NA	1	1	0.0
chr22	19839784	19840009	five_utr_exonic_25073	+	19839833	NA	NA	NA	1	1	0.0
chr11	118958212	118958788	five_utr_exonic_8369	+	118958721	NA	NA	NA	154	2	0.11396057646
chr16	24550907	24551947	five_utr_exonic_14428	+	24550921	NA	NA	NA	2	1	0.0
chr16	24550907	24551947	five_utr_exonic_14428	+	24551368	NA	NA	NA	1	1	0.0
chr11	71190339	71191320	five_utr_exonic_7593	+	71190376	NA	NA	NA	1	1	0.0
chr11	71190339	71191320	five_utr_exonic_7593	+	71190592	NA	AAGAAA AATGAA	25 23	1	1	0.0
chr1	11863571	11864589	five_utr_exonic_315	+	11864446	NA	NA	NA	1	1	0.0
chr4	141445311	141445815	five_utr_exonic_30064	+	141445367	NA	NA	NA	3	2	1.41421356237
chr17	56068242	56072211	five_utr_exonic_16860	+	56070830	NA	CATAAA	10	1	1	0.0
chr17	56068242	56072211	five_utr_exonic_16860	+	56071878	NA	GATAAA	1	1	1	0.0
chr2	61404756	61406115	five_utr_exonic_21140	+	61405509	NA	NA	NA	1	1	0.0
chr2	241499470	241500101	five_utr_exonic_23327	+	241499483	NA	NA	NA	2	2	3.53553390593
chr14	100841619	100841927	five_utr_exonic_12557	+	100841747	NA	ATTAAA AAGAAA	34 16	1	1	0.0
chr2	111878490	111878765	five_utr_exonic_21808	+	111878695	NA	NA	NA	3	3	0.816496580928
chr2	111432503	111432874	five_utr_exonic_21801	+	111432728	NA	NA	NA	1	1	0.0
chr7	142552791	142553147	five_utr_exonic_36487	+	142553079	NA	NA	NA	1	1	0.0
chr19	40776404	40776676	five_utr_exonic_19358	+	40776485	NA	NA	NA	1	1	0.0
chr16	31885078	31885287	five_utr_exonic_14667	+	31885134	NA	NA	NA	1	1	0.0
chr2	198364505	198365160	five_utr_exonic_22649	+	198364579	NA	NA	NA	1	1	0.0
chr12	110719031	110719594	five_utr_exonic_10403	+	110719594	NA	NA	NA	1	1	0.0
chr6	30687977	30688283	five_utr_exonic_32922	+	30688152	NA	NA	NA	1	1	0.0
chr8	145678843	145683311	five_utr_exonic_38534	+	145679742	NA	NA	NA	1	1	0.0
chr8	145678843	145683311	five_utr_exonic_38534	+	145682793	NA	NA	NA	1	1	0.0
chr4	166248774	166249274	five_utr_exonic_30290	+	166249178	NA	TTTAAA AAGAAA TTTAAA	34 10 0	1	1	0.0
chr5	78808597	78810040	five_utr_exonic_31168	+	78809461	NA	AATGAA	2	1	1	0.0
chr6	10887063	10887359	five_utr_exonic_32585	+	10887300	NA	NA	NA	6	2	0.707106781187
chr7	100286168	100287071	five_utr_exonic_35913	+	100286481	NA	NA	NA	1	1	0.0
chr7	100286168	100287071	five_utr_exonic_35913	+	100286556	NA	NA	NA	1	1	0.0
chr7	100286168	100287071	five_utr_exonic_35913	+	100286654	NA	AATAAA	28	1	1	0.0
chr19	53661932	53662322	five_utr_exonic_20085	+	53662106	NA	NA	NA	1	1	0.0
chr6	34204576	34205094	five_utr_exonic_33186	+	34204865	NA	NA	NA	1	1	0.0
chr9	130331153	130331367	five_utr_exonic_39806	+	130331161	NA	NA	NA	2	2	8.0
chr11	10879408	10880343	five_utr_exonic_6284	+	10879414	NA	NA	NA	1	1	0.0
chrX	55478537	55478807	five_utr_exonic_40898	+	55478610	NA	NA	NA	1	1	0.0
chr1	227085236	227087256	five_utr_exonic_3881	+	227085901	NA	NA	NA	1	1	0.0
chr1	203767973	203772144	five_utr_exonic_3551	+	203770969	NA	TTTAAA TTTAAA	27 7	1	1	0.0
chr12	123464590	123464934	five_utr_exonic_10682	+	123464592	NA	NA	NA	14	2	0.377964473009
chr11	129763858	129764170	five_utr_exonic_8647	+	129764051	NA	NA	NA	1	1	0.0
chr12	69018287	69018653	five_utr_exonic_10026	+	69018572	NA	NA	NA	1	1	0.0
chr22	20073209	20073486	five_utr_exonic_25093	+	20073376	NA	NA	NA	2	1	0.0
chr22	20105304	20105836	five_utr_exonic_25097	+	20105634	NA	NA	NA	1	1	0.0
chr19	51301705	51302215	five_utr_exonic_19922	+	51301981	NA	NA	NA	1	1	0.0
chr17	42264573	42265076	five_utr_exonic_16544	+	42265076	NA	NA	NA	1	1	0.0
