chrm	beg	end	utr_ID	strand	polyA_coordinate	annotated_polyA_distance	nearby_PAS	PAS_distance	number_supporting_reads	number_unique_supporting_reads	unique_reads_spread
chr1	61547979	61548432	five_utr_exonic_1586	+	61548336	NA	NA	NA	1	1	0.0
chr5	169724615	169725231	five_utr_exonic_32136	+	169724631	NA	NA	NA	1	1	0.0
chr1	1509937	1510249	five_utr_exonic_70	+	1509954	NA	NA	NA	1	1	0.0
chr9	86590426	86591023	five_utr_exonic_39187	+	86590634	NA	NA	NA	1	1	0.0
chr9	86590426	86591023	five_utr_exonic_39187	+	86590820	NA	AATAAA	5	1	1	0.0
chr12	57118745	57120981	five_utr_exonic_9869	+	57119120	NA	NA	NA	1	1	0.0
chr12	57118745	57120981	five_utr_exonic_9869	+	57120829	NA	NA	NA	1	1	0.0
chr1	22050655	22051612	five_utr_exonic_583	+	22050655	NA	NA	NA	2	1	0.0
chr3	12881736	12883087	five_utr_exonic_26190	+	12882818	NA	AATACA	12	1	1	0.0
chr22	41175217	41176198	five_utr_exonic_25747	+	41175840	NA	AATACA	11	1	1	0.0
chr6	160181359	160183119	five_utr_exonic_34493	+	160183046	NA	NA	NA	1	1	0.0
chr2	17934892	17935097	five_utr_exonic_20598	+	17934913	NA	NA	NA	1	1	0.0
chr8	48886251	48887293	five_utr_exonic_37444	+	48886304	NA	NA	NA	1	1	0.0
chr19	48752779	48753135	five_utr_exonic_19733	+	48752779	NA	NA	NA	2	1	0.0
chr19	48822690	48823332	five_utr_exonic_19739	+	48822750	NA	NA	NA	1	1	0.0
chr17	26988894	26989122	five_utr_exonic_15995	+	26989004	NA	NA	NA	1	1	0.0
chr17	74553859	74555122	five_utr_exonic_17265	+	74553868	NA	NA	NA	1	1	0.0
chr18	9885762	9886171	five_utr_exonic_17595	+	9886074	NA	AATACA	2	1	1	0.0
chr1	71546678	71546980	five_utr_exonic_1689	+	71546696	NA	NA	NA	9	2	0.471404520791
chrX	48434055	48434573	five_utr_exonic_40696	+	48434131	NA	AATGAA	22	1	1	0.0
chrX	48434055	48434573	five_utr_exonic_40696	+	48434188	NA	NA	NA	1	1	0.0
chr1	70697253	70697541	five_utr_exonic_1683	+	70697541	NA	TATAAA	0	4	1	0.0
chr1	52520768	52522051	five_utr_exonic_1465	+	52520869	NA	NA	NA	1	1	0.0
chr20	30310420	30310901	five_utr_exonic_23769	+	30310477	NA	NA	NA	1	1	0.0
chr20	30310021	30310400	five_utr_exonic_23768	+	30310194	NA	NA	NA	1	1	0.0
chr15	80206929	80207598	five_utr_exonic_13574	+	80207355	NA	NA	NA	1	1	0.0
chr4	17805764	17806394	five_utr_exonic_29055	+	17805795	NA	AATAAA	3	1	1	0.0
chr4	17805764	17806394	five_utr_exonic_29055	+	17805898	NA	NA	NA	1	1	0.0
chr4	17805764	17806394	five_utr_exonic_29055	+	17805939	NA	CATAAA	0	1	1	0.0
chr4	17805764	17806394	five_utr_exonic_29055	+	17806236	NA	NA	NA	1	1	0.0
chr12	104359581	104359815	five_utr_exonic_10276	+	104359799	NA	NA	NA	1	1	0.0
chr18	21032786	21033403	five_utr_exonic_17671	+	21032913	NA	AATGAA	21	2	1	0.0
chr3	142744623	142745990	five_utr_exonic_28016	+	142744803	NA	AATATA	0	1	1	0.0
chr10	73979808	73980083	five_utr_exonic_4944	+	73980036	NA	NA	NA	1	1	0.0
chr2	170429505	170430385	five_utr_exonic_22317	+	170429718	NA	AAGAAA	32	2	2	6.0
chr16	30583596	30584055	five_utr_exonic_14599	+	30583897	NA	ATTAAA TTTAAA TTTAAA	14 9 25	1	1	0.0
chr1	38158089	38158362	five_utr_exonic_1092	+	38158362	NA	NA	NA	1	1	0.0
chr11	313852	314155	five_utr_exonic_5790	+	314049	NA	AATACA	9	1	1	0.0
chr11	313852	314155	five_utr_exonic_5790	+	314096	NA	NA	NA	1	1	0.0
chr12	122017957	122018364	five_utr_exonic_10596	+	122017983	NA	NA	NA	1	1	0.0
chr1	151030233	151033029	five_utr_exonic_2460	+	151031381	NA	AAGAAA	18	1	1	0.0
chr5	126112839	126113200	five_utr_exonic_31478	+	126113046	NA	NA	NA	1	1	0.0
chr4	15687858	15688600	five_utr_exonic_29035	+	15688227	NA	AATAAA	21	2	2	0.707106781187
chr1	201977072	201980264	five_utr_exonic_3493	+	201977874	NA	NA	NA	1	1	0.0
chr6	31697827	31698357	five_utr_exonic_33018	+	31698286	NA	NA	NA	1	1	0.0
chr6	31704077	31704349	five_utr_exonic_33019	+	31704132	NA	NA	NA	3	2	4.72581562625
chr1	153949728	153950164	five_utr_exonic_2692	+	153950001	NA	NA	NA	1	1	0.0
chr1	43424322	43424539	five_utr_exonic_1252	+	43424531	NA	NA	NA	1	1	0.0
chr14	23468232	23468611	five_utr_exonic_11720	+	23468298	NA	NA	NA	1	1	0.0
chr15	93443418	93444054	five_utr_exonic_13762	+	93443960	NA	AATAAA	12	1	1	0.0
chr12	124070108	124071293	five_utr_exonic_10712	+	124070425	NA	GATAAA	19	1	1	0.0
chr4	170541671	170542214	five_utr_exonic_30326	+	170542075	NA	NA	NA	1	1	0.0
chr16	277335	277685	five_utr_exonic_13857	+	277524	NA	AATACA	14	1	1	0.0
chr6	28219758	28220002	five_utr_exonic_32805	+	28219842	NA	NA	NA	1	1	0.0
chr16	87736120	87739290	five_utr_exonic_15281	+	87736616	NA	TTTAAA TTTAAA	0 34	1	1	0.0
chr6	144285923	144289975	five_utr_exonic_34310	+	144289085	NA	AAGAAA	21	1	1	0.0
chr6	144285923	144289975	five_utr_exonic_34310	+	144289624	NA	AAGAAA	2	1	1	0.0
chr22	38884120	38884535	five_utr_exonic_25663	+	38884120	NA	NA	NA	2	1	0.0
chr22	38884120	38884535	five_utr_exonic_25663	+	38884199	NA	NA	NA	3	2	1.41421356237
chr22	38884120	38884535	five_utr_exonic_25663	+	38884267	NA	NA	NA	3	1	0.0
chr14	56134368	56135521	five_utr_exonic_12035	+	56134640	NA	AATAGA AAGAAA	7 1	1	1	0.0
chr8	17753678	17753925	five_utr_exonic_36966	+	17753712	NA	NA	NA	1	1	0.0
chr8	86290274	86291243	five_utr_exonic_37785	+	86290343	NA	NA	NA	1	1	0.0
chr12	8088630	8088871	five_utr_exonic_8953	+	8088761	NA	NA	NA	1	1	0.0
chr5	151151839	151152229	five_utr_exonic_32002	+	151152063	NA	ACTAAA	12	1	1	0.0
chr1	150522297	150522733	five_utr_exonic_2424	+	150522456	NA	AAGAAA	5	1	1	0.0
chr3	9860605	9862229	five_utr_exonic_26114	+	9861175	NA	NA	NA	1	1	0.0
chr1	41625402	41625605	five_utr_exonic_1192	+	41625534	NA	AATGAA	16	1	1	0.0
chr11	62433118	62433351	five_utr_exonic_7126	+	62433181	NA	AATAAA	20	1	1	0.0
chr20	62492565	62492893	five_utr_exonic_24457	+	62492567	NA	NA	NA	4	2	1.58113883008
chr21	47667846	47668689	five_utr_exonic_24980	+	47668082	NA	NA	NA	1	1	0.0
chr21	47742652	47743789	five_utr_exonic_24988	+	47742689	NA	NA	NA	1	1	0.0
chr21	47742652	47743789	five_utr_exonic_24988	+	47742935	NA	AAGAAA	7	1	1	0.0
chr21	47742652	47743789	five_utr_exonic_24988	+	47743377	NA	NA	NA	1	1	0.0
chr8	101733811	101735037	five_utr_exonic_37997	+	101734302	NA	NA	NA	1	1	0.0
chr9	139997799	139998781	five_utr_exonic_40172	+	139998695	NA	NA	NA	1	1	0.0
chr20	10394162	10394579	five_utr_exonic_23609	+	10394178	NA	NA	NA	2	1	0.0
chr20	10394162	10394579	five_utr_exonic_23609	+	10394358	NA	ATTAAA	9	10	3	1.09544511501
chr20	10394162	10394579	five_utr_exonic_23609	+	10394569	NA	NA	NA	1	1	0.0
chr5	133861432	133861701	five_utr_exonic_31595	+	133861494	NA	NA	NA	1	1	0.0
chrX	12993226	12994380	five_utr_exonic_40340	+	12994232	NA	NA	NA	1	1	0.0
chr9	3525746	3526004	five_utr_exonic_38624	+	3525984	NA	NA	NA	1	1	0.0
chr7	44613494	44614650	five_utr_exonic_35219	+	44614423	NA	AAGAAA	4	1	1	0.0
chr2	99225041	99226171	five_utr_exonic_21627	+	99225554	NA	NA	NA	1	1	0.0
chr8	144672777	144673063	five_utr_exonic_38439	+	144673006	NA	NA	NA	1	1	0.0
chr1	145438468	145438802	five_utr_exonic_2286	+	145438681	NA	TTTAAA AATAAA AATGAA TTTAAA	9 13 33 25	1	1	0.0
chr1	145438468	145438802	five_utr_exonic_2286	+	145438759	NA	NA	NA	2	1	0.0
chr3	45635815	45636371	five_utr_exonic_26621	+	45636077	NA	NA	NA	1	1	0.0
chr13	103422376	103422620	five_utr_exonic_11481	+	103422376	NA	NA	NA	3	1	0.0
chr13	103421891	103422361	five_utr_exonic_11480	+	103422354	NA	NA	NA	3	1	0.0
chr13	103497193	103498616	five_utr_exonic_11488	+	103498564	NA	NA	NA	1	1	0.0
chr22	22292618	22292956	five_utr_exonic_25166	+	22292956	NA	NA	NA	1	1	0.0
chr4	111119491	111119832	five_utr_exonic_29890	+	111119555	NA	AATAAA	16	1	1	0.0
chr19	34790583	34791378	five_utr_exonic_19044	+	34790594	NA	NA	NA	1	1	0.0
chr2	187350882	187351109	five_utr_exonic_22516	+	187351109	NA	NA	NA	3	1	0.0
chr12	132569024	132569861	five_utr_exonic_10821	+	132569853	NA	AATAAA TATAAA	17 22	1	1	0.0
chr1	235492330	235493819	five_utr_exonic_3997	+	235492395	NA	NA	NA	1	1	0.0
chr1	235492330	235493819	five_utr_exonic_3997	+	235493124	NA	NA	NA	1	1	0.0
chr1	235492330	235493819	five_utr_exonic_3997	+	235493318	NA	NA	NA	1	1	0.0
chr1	235492330	235493819	five_utr_exonic_3997	+	235493432	NA	GATAAA	18	1	1	0.0
chr11	61558934	61560027	five_utr_exonic_7063	+	61559484	NA	GATAAA	16	1	1	0.0
chr1	6845383	6845590	five_utr_exonic_215	+	6845552	NA	NA	NA	1	1	0.0
chr17	57776234	57777553	five_utr_exonic_16895	+	57776784	NA	AATGAA	20	1	1	0.0
chr17	57776234	57777553	five_utr_exonic_16895	+	57776897	NA	NA	NA	1	1	0.0
chr17	57776234	57777553	five_utr_exonic_16895	+	57777405	NA	NA	NA	1	1	0.0
chr10	102106876	102107261	five_utr_exonic_5341	+	102107207	NA	NA	NA	1	1	0.0
chrX	65389748	65390399	five_utr_exonic_40937	+	65390399	NA	AATAAA AAGAAA	13 33	1	1	0.0
chr22	22899252	22900174	five_utr_exonic_25180	+	22899287	NA	NA	NA	1	1	0.0
chr22	22899252	22900174	five_utr_exonic_25180	+	22899919	NA	NA	NA	1	1	0.0
chr22	22899252	22900174	five_utr_exonic_25180	+	22900039	NA	NA	NA	2	2	1.0
chr11	33792376	33795893	five_utr_exonic_6585	+	33792376	NA	NA	NA	1	1	0.0
chr11	33792376	33795893	five_utr_exonic_6585	+	33792829	NA	AATACA TTTAAA AATAAA TTTAAA	0 26 21 8	1	1	0.0
chr11	33792376	33795893	five_utr_exonic_6585	+	33794539	NA	NA	NA	1	1	0.0
chr15	60674640	60677026	five_utr_exonic_13234	+	60675509	NA	NA	NA	2	1	0.0
chr19	54618649	54619177	five_utr_exonic_20137	+	54618933	NA	AAGAAA	23	1	1	0.0
chr11	108093263	108093913	five_utr_exonic_8126	+	108093356	NA	NA	NA	1	1	0.0
chr1	172411762	172413230	five_utr_exonic_3200	+	172413194	NA	NA	NA	2	2	3.53553390593
chr17	26925964	26926297	five_utr_exonic_15991	+	26925982	NA	NA	NA	2	2	1.0
chr12	132195992	132198615	five_utr_exonic_10800	+	132197389	NA	ATTAAA GATAAA	18 22	1	1	0.0
chr11	10529773	10530723	five_utr_exonic_6265	+	10530519	NA	NA	NA	3	1	0.0
chr22	24236190	24236612	five_utr_exonic_25210	+	24236609	NA	NA	NA	1	1	0.0
chr4	139163223	139163503	five_utr_exonic_30035	+	139163452	NA	NA	NA	1	1	0.0
chr16	84135388	84135592	five_utr_exonic_15221	+	84135470	NA	ATTAAA AAGAAA	18 26	1	1	0.0
chr8	126010847	126011645	five_utr_exonic_38231	+	126011272	NA	AAGAAA	28	2	2	0.707106781187
chr8	126010847	126011645	five_utr_exonic_38231	+	126011335	NA	NA	NA	2	1	0.0
chr8	126010847	126011645	five_utr_exonic_38231	+	126011607	NA	NA	NA	1	1	0.0
chr2	61764696	61765418	five_utr_exonic_21147	+	61765211	NA	NA	NA	1	1	0.0
chr7	120629104	120629675	five_utr_exonic_36182	+	120629525	NA	NA	NA	2	2	19.0
chr7	120629104	120629675	five_utr_exonic_36182	+	120629613	NA	NA	NA	1	1	0.0
chr1	26148013	26149509	five_utr_exonic_708	+	26148476	NA	NA	NA	2	1	0.0
chr13	97927885	97928489	five_utr_exonic_11427	+	97928059	NA	NA	NA	1	1	0.0
chr4	141297574	141297932	five_utr_exonic_30059	+	141297779	NA	ATTAAA	2	1	1	0.0
chr4	76649761	76650003	five_utr_exonic_29497	+	76649967	NA	NA	NA	1	1	0.0
chr12	27090590	27091259	five_utr_exonic_9297	+	27090726	NA	NA	NA	26	1	0.0
chr12	27090590	27091259	five_utr_exonic_9297	+	27090790	NA	NA	NA	5	2	8.43800924389
chrX	102931955	102933308	five_utr_exonic_41289	+	102932639	NA	AATGAA AATAGA	29 21	1	1	0.0
chr5	54603587	54603841	five_utr_exonic_30877	+	54603626	NA	NA	NA	2	2	1.0
chr5	54603587	54603841	five_utr_exonic_30877	+	54603839	NA	NA	NA	1	1	0.0
chr19	54960064	54960488	five_utr_exonic_20174	+	54960064	NA	NA	NA	1	1	0.0
chr19	54960064	54960488	five_utr_exonic_20174	+	54960135	NA	NA	NA	2	1	0.0
chr2	62934031	62934326	five_utr_exonic_21160	+	62934031	NA	NA	NA	1	1	0.0
chr2	63815405	63816177	five_utr_exonic_21168	+	63816113	NA	NA	NA	1	1	0.0
chr19	7966906	7968427	five_utr_exonic_18383	+	7967590	NA	AATAAA	34	1	1	0.0
chr4	186315932	186317053	five_utr_exonic_30460	+	186316928	NA	NA	NA	4	3	2.59807621135
chr4	142142040	142142262	five_utr_exonic_30073	+	142142236	NA	NA	NA	1	1	0.0
chr6	43737949	43738443	five_utr_exonic_33477	+	43738137	NA	AAGAAA GATAAA	15 31	1	1	0.0
chr1	242012032	242012329	five_utr_exonic_4058	+	242012208	NA	NA	NA	3	3	2.16024689947
chr12	109946254	109947400	five_utr_exonic_10381	+	109946871	NA	AATATA AAGAAA AATACA	2 14 5	1	1	0.0
chr7	50515878	50517422	five_utr_exonic_35292	+	50515946	NA	NA	NA	2	1	0.0
chr7	50515878	50517422	five_utr_exonic_35292	+	50516024	NA	NA	NA	2	1	0.0
chr1	101360188	101361554	five_utr_exonic_1961	+	101360355	NA	NA	NA	1	1	0.0
chr1	101360188	101361554	five_utr_exonic_1961	+	101360910	NA	ATTAAA	20	1	1	0.0
chr7	26241312	26242229	five_utr_exonic_34958	+	26241375	NA	NA	NA	2	2	0.707106781187
chr7	100880862	100882101	five_utr_exonic_35946	+	100881348	NA	NA	NA	1	1	0.0
chr12	6602302	6603320	five_utr_exonic_8825	+	6602960	NA	NA	NA	1	1	0.0
chr6	43395291	43395495	five_utr_exonic_33450	+	43395445	NA	NA	NA	1	1	0.0
chr11	809646	810234	five_utr_exonic_5854	+	809986	NA	NA	NA	1	1	0.0
chr3	49314643	49315263	five_utr_exonic_26817	+	49314990	NA	NA	NA	1	1	0.0
chr21	18985016	18985265	five_utr_exonic_24520	+	18985081	NA	NA	NA	1	1	0.0
chr1	46125855	46126897	five_utr_exonic_1360	+	46126115	NA	CATAAA	26	2	2	1.58113883008
chr1	46125855	46126897	five_utr_exonic_1360	+	46126502	NA	CATAAA	20	2	1	0.0
chr13	28195473	28196120	five_utr_exonic_10997	+	28196076	NA	NA	NA	1	1	0.0
chr2	58274009	58274263	five_utr_exonic_21121	+	58274260	NA	NA	NA	2	1	0.0
chr12	95467155	95467404	five_utr_exonic_10192	+	95467390	NA	NA	NA	1	1	0.0
chr2	24299099	24299313	five_utr_exonic_20657	+	24299313	NA	AATAGA	2	1	1	0.0
chr19	7069470	7069784	five_utr_exonic_18341	+	7069718	NA	NA	NA	3	3	0.816496580928
chr13	41556190	41556418	five_utr_exonic_11119	+	41556243	NA	NA	NA	1	1	0.0
chr5	140070889	140071233	five_utr_exonic_31771	+	140071049	NA	NA	NA	1	1	0.0
chr5	140063252	140064923	five_utr_exonic_31770	+	140063315	NA	NA	NA	1	1	0.0
chr10	112723882	112724116	five_utr_exonic_5497	+	112723920	NA	AATGAA	7	2	2	0.707106781187
chr1	227504883	227506175	five_utr_exonic_3890	+	227505296	NA	NA	NA	1	1	0.0
chr1	227504883	227506175	five_utr_exonic_3890	+	227505373	NA	AAGAAA	7	2	2	11.0
chr11	65767860	65768213	five_utr_exonic_7384	+	65768107	NA	NA	NA	1	1	0.0
chr1	32384666	32385259	five_utr_exonic_911	+	32384666	NA	NA	NA	7	1	0.0
chr1	32384666	32385259	five_utr_exonic_911	+	32384715	NA	NA	NA	4	2	2.64575131106
chr1	32384666	32385259	five_utr_exonic_911	+	32385082	NA	ATTAAA ATTAAA AAGAAA	5 26 10	4	4	11.0679718106
chr1	165737988	165738417	five_utr_exonic_3095	+	165738092	NA	NA	NA	1	1	0.0
chr11	72432894	72433403	five_utr_exonic_7658	+	72433343	NA	NA	NA	1	1	0.0
chr12	51318533	51318821	five_utr_exonic_9588	+	51318787	NA	ATTAAA	22	1	1	0.0
chr6	31802384	31802724	five_utr_exonic_33037	+	31802699	NA	CATAAA ACTAAA	2 8	1	1	0.0
chr1	160231906	160232318	five_utr_exonic_2969	+	160232032	NA	NA	NA	1	1	0.0
chr3	40351174	40351432	five_utr_exonic_26495	+	40351407	NA	GATAAA	2	2	2	2.5495097568
chr17	16284112	16284498	five_utr_exonic_15804	+	16284434	NA	NA	NA	1	1	0.0
chr12	46766291	46766645	five_utr_exonic_9447	+	46766390	NA	CATAAA	2	11	4	5.25702992538
chr12	46766291	46766645	five_utr_exonic_9447	+	46766414	NA	ATTAAA	1	1	1	0.0
chr12	6862104	6862721	five_utr_exonic_8860	+	6862120	NA	NA	NA	1	1	0.0
chr3	146262253	146262651	five_utr_exonic_28040	+	146262309	NA	NA	NA	1	1	0.0
chr1	155278538	155278867	five_utr_exonic_2771	+	155278867	NA	NA	NA	1	1	0.0
chr19	17416476	17416701	five_utr_exonic_18811	+	17416666	NA	NA	NA	1	1	0.0
chr5	138677275	138677669	five_utr_exonic_31719	+	138677602	NA	NA	NA	20	1	0.0
chr8	124054362	124054663	five_utr_exonic_38196	+	124054522	NA	NA	NA	1	1	0.0
chr16	75033249	75033569	five_utr_exonic_15146	+	75033426	NA	NA	NA	1	1	0.0
chr5	180670800	180671209	five_utr_exonic_32439	+	180670901	NA	NA	NA	2	2	10.0
chr5	180665239	180665663	five_utr_exonic_32437	+	180665240	NA	NA	NA	2	2	1.58113883008
chr12	67663060	67663497	five_utr_exonic_10012	+	67663497	NA	NA	NA	1	1	0.0
chr13	53191604	53191817	five_utr_exonic_11308	+	53191817	NA	NA	NA	1	1	0.0
chr19	47287854	47288134	five_utr_exonic_19685	+	47288126	NA	NA	NA	1	1	0.0
chr6	53409443	53409927	five_utr_exonic_33601	+	53409473	NA	NA	NA	1	1	0.0
chr7	135661848	135662101	five_utr_exonic_36387	+	135661890	NA	NA	NA	1	1	0.0
chr5	64777169	64777747	five_utr_exonic_30978	+	64777290	NA	AATAAA AATAAA ATTAAA	5 13 23	1	1	0.0
chr2	20100882	20101402	five_utr_exonic_20616	+	20101025	NA	NA	NA	1	1	0.0
chr11	57508824	57509067	five_utr_exonic_6900	+	57509059	NA	NA	NA	1	1	0.0
chr2	171785035	171785850	five_utr_exonic_22347	+	171785849	NA	NA	NA	1	1	0.0
chr2	47143295	47143716	five_utr_exonic_21037	+	47143716	NA	NA	NA	1	1	0.0
chr6	33256947	33257633	five_utr_exonic_33140	+	33256952	NA	NA	NA	2	1	0.0
chr21	40717884	40718454	five_utr_exonic_24764	+	40718342	NA	AATACA	12	1	1	0.0
chr21	40717884	40718454	five_utr_exonic_24764	+	40718429	NA	AATACA AATACA AATAGA	1 10 34	1	1	0.0
chrX	80064970	80065187	five_utr_exonic_41085	+	80065187	NA	NA	NA	1	1	0.0
chr12	57504892	57505196	five_utr_exonic_9891	+	57504976	NA	NA	NA	1	1	0.0
chr14	21730759	21733675	five_utr_exonic_11678	+	21731010	NA	TTTAAA AATAAA TTTAAA	25 24 9	1	1	0.0
chr14	21730759	21733675	five_utr_exonic_11678	+	21732379	NA	TATAAA TTTAAA TTTAAA	4 30 4	1	1	0.0
chr6	160146616	160147883	five_utr_exonic_34487	+	160146943	NA	AATACA	1	1	1	0.0
chr6	160146616	160147883	five_utr_exonic_34487	+	160147143	NA	NA	NA	1	1	0.0
chr6	160146616	160147883	five_utr_exonic_34487	+	160147431	NA	AATATA	28	2	1	0.0
chr2	175260545	175261021	five_utr_exonic_22400	+	175260545	NA	NA	NA	2	1	0.0
chr2	175260545	175261021	five_utr_exonic_22400	+	175260954	NA	AATAGA	12	2	1	0.0
chr7	97499089	97499289	five_utr_exonic_35751	+	97499089	NA	NA	NA	1	1	0.0
chr7	97500992	97501477	five_utr_exonic_35752	+	97501326	NA	NA	NA	1	1	0.0
chr12	53400061	53400267	five_utr_exonic_9667	+	53400267	NA	NA	NA	1	1	0.0
chr21	46221663	46221934	five_utr_exonic_24933	+	46221695	NA	NA	NA	6	3	1.41421356237
chr1	109234944	109235213	five_utr_exonic_2001	+	109235119	NA	NA	NA	1	1	0.0
chr6	31725198	31725905	five_utr_exonic_33026	+	31725522	NA	NA	NA	1	1	0.0
chr6	31725198	31725905	five_utr_exonic_33026	+	31725693	NA	NA	NA	1	1	0.0
chr11	65270288	65271093	five_utr_exonic_7322	+	65270456	NA	NA	NA	9	2	1.66666666667
chr11	65270288	65271093	five_utr_exonic_7322	+	65270784	NA	NA	NA	3	2	4.24264068712
chr11	65270288	65271093	five_utr_exonic_7322	+	65270820	NA	TTTAAA TTTAAA	31 3	1	1	0.0
chr11	65270288	65271093	five_utr_exonic_7322	+	65271093	NA	AATAAA ATTAAA AATAAA	21 4 1	27	1	0.0
chr1	224517829	224518089	five_utr_exonic_3836	+	224517871	NA	NA	NA	1	1	0.0
chr12	121768505	121769149	five_utr_exonic_10583	+	121768653	NA	ATTAAA	33	1	1	0.0
chr20	34329862	34330234	five_utr_exonic_23913	+	34329969	NA	NA	NA	1	1	0.0
chr20	30327073	30327424	five_utr_exonic_23771	+	30327196	NA	AAGAAA	6	1	1	0.0
chr20	30327073	30327424	five_utr_exonic_23771	+	30327389	NA	NA	NA	1	1	0.0
chr2	207024064	207024703	five_utr_exonic_22796	+	207024376	NA	NA	NA	1	1	0.0
chr2	207024064	207024703	five_utr_exonic_22796	+	207024651	NA	NA	NA	2	1	0.0
chr2	176046121	176049335	five_utr_exonic_22423	+	176046420	NA	NA	NA	1	1	0.0
chr17	41909349	41909610	five_utr_exonic_16515	+	41909518	NA	NA	NA	1	1	0.0
chr12	4382937	4383206	five_utr_exonic_8778	+	4383136	NA	NA	NA	1	1	0.0
chr4	106394496	106394866	five_utr_exonic_29827	+	106394540	NA	NA	NA	1	1	0.0
chr14	35592157	35592451	five_utr_exonic_11887	+	35592187	NA	NA	NA	1	1	0.0
chr15	96869156	96869538	five_utr_exonic_13773	+	96869212	NA	NA	NA	1	1	0.0
chr22	38008542	38009198	five_utr_exonic_25602	+	38009022	NA	NA	NA	1	1	0.0
chr7	107531414	107531695	five_utr_exonic_36065	+	107531623	NA	NA	NA	1	1	0.0
chr1	10509775	10510130	five_utr_exonic_281	+	10509871	NA	NA	NA	1	1	0.0
chr11	95523624	95523862	five_utr_exonic_8019	+	95523666	NA	NA	NA	1	1	0.0
chr4	103747665	103748279	five_utr_exonic_29803	+	103748154	NA	AAGAAA	16	1	1	0.0
chr8	144679024	144679914	five_utr_exonic_38445	+	144679587	NA	NA	NA	3	2	1.41421356237
chr5	33440801	33441192	five_utr_exonic_30677	+	33441115	NA	NA	NA	1	1	0.0
chr1	179834311	179834989	five_utr_exonic_3298	+	179834858	NA	TATAAA	17	1	1	0.0
chr12	76478346	76478738	five_utr_exonic_10092	+	76478466	NA	NA	NA	1	1	0.0
chr20	35401796	35402230	five_utr_exonic_23955	+	35402136	NA	NA	NA	2	1	0.0
chr1	115292441	115292828	five_utr_exonic_2189	+	115292467	NA	NA	NA	1	1	0.0
chr1	115292441	115292828	five_utr_exonic_2189	+	115292534	NA	NA	NA	2	1	0.0
chr21	36421196	36421641	five_utr_exonic_24696	+	36421532	NA	NA	NA	1	1	0.0
chr17	7165362	7166264	five_utr_exonic_15606	+	7166264	NA	NA	NA	1	1	0.0
chr1	247320806	247321268	five_utr_exonic_4115	+	247320892	NA	NA	NA	2	1	0.0
chr4	57333080	57333783	five_utr_exonic_29346	+	57333080	NA	NA	NA	1	1	0.0
chr2	162164548	162165297	five_utr_exonic_22226	+	162165121	NA	NA	NA	2	1	0.0
chr6	31804071	31804294	five_utr_exonic_33040	+	31804257	NA	NA	NA	1	1	0.0
chr12	109915067	109915914	five_utr_exonic_10378	+	109915845	NA	NA	NA	3	1	0.0
chr6	122907065	122907269	five_utr_exonic_34093	+	122907264	NA	AATAAA ATTAAA	1 22	1	1	0.0
chr20	10401175	10401406	five_utr_exonic_23610	+	10401235	NA	NA	NA	1	1	0.0
chr1	169337207	169337600	five_utr_exonic_3143	+	169337285	NA	AATAAA	3	1	1	0.0
chr8	86130935	86131592	five_utr_exonic_37775	+	86131464	NA	NA	NA	1	1	0.0
chr8	86130935	86131592	five_utr_exonic_37775	+	86131532	NA	TATAAA	34	1	1	0.0
chrX	153059781	153060040	five_utr_exonic_41916	+	153059786	NA	NA	NA	1	1	0.0
chr10	18940132	18940551	five_utr_exonic_4399	+	18940197	NA	NA	NA	1	1	0.0
chr10	18940132	18940551	five_utr_exonic_4399	+	18940253	NA	NA	NA	1	1	0.0
chr13	31037817	31038447	five_utr_exonic_11026	+	31037955	NA	NA	NA	1	1	0.0
chr7	92462637	92463004	five_utr_exonic_35696	+	92462637	NA	NA	NA	1	1	0.0
chr9	134151566	134151934	five_utr_exonic_39976	+	134151785	NA	NA	NA	2	2	1.0
chr1	150266339	150266786	five_utr_exonic_2415	+	150266340	NA	NA	NA	1	1	0.0
chr1	150266339	150266786	five_utr_exonic_2415	+	150266678	NA	NA	NA	2	2	9.51314879522
chr17	43224683	43226557	five_utr_exonic_16595	+	43226547	NA	AAGAAA	13	1	1	0.0
chrX	149106410	149107029	five_utr_exonic_41768	+	149106681	NA	NA	NA	4	1	0.0
chr9	139743255	139743882	five_utr_exonic_40143	+	139743882	NA	NA	NA	1	1	0.0
chr4	88312222	88312538	five_utr_exonic_29657	+	88312323	NA	NA	NA	12	5	2.81365716936
chr1	234509586	234509972	five_utr_exonic_3988	+	234509925	NA	NA	NA	1	1	0.0
chr13	107220267	107220512	five_utr_exonic_11497	+	107220278	NA	NA	NA	1	1	0.0
chr1	156307975	156308256	five_utr_exonic_2833	+	156308010	NA	NA	NA	3	2	1.41421356237
chr16	67970652	67970990	five_utr_exonic_15000	+	67970652	NA	NA	NA	1	1	0.0
chr13	51483813	51484212	five_utr_exonic_11277	+	51483949	NA	NA	NA	2	2	0.707106781187
chr8	142431487	142432340	five_utr_exonic_38365	+	142432125	NA	AAGAAA AAGAAA	5 26	1	1	0.0
chr8	142431487	142432340	five_utr_exonic_38365	+	142432275	NA	NA	NA	1	1	0.0
chr8	142431487	142432340	five_utr_exonic_38365	+	142432316	NA	NA	NA	1	1	0.0
chr3	128209142	128209491	five_utr_exonic_27733	+	128209260	NA	NA	NA	1	1	0.0
chr3	17780834	17782399	five_utr_exonic_26288	+	17781768	NA	NA	NA	1	1	0.0
chr4	110736708	110736960	five_utr_exonic_29884	+	110736882	NA	TTTAAA TTTAAA	9 25	1	1	0.0
chr17	21117465	21117908	five_utr_exonic_15943	+	21117471	NA	NA	NA	1	1	0.0
chr8	102214560	102217557	five_utr_exonic_38009	+	102214992	NA	AGTAAA AGTAAA CATAAA	0 24 33	1	1	0.0
chr8	102214560	102217557	five_utr_exonic_38009	+	102215422	NA	ATTAAA	9	1	1	0.0
chr1	173793063	173793270	five_utr_exonic_3214	+	173793104	NA	AATAAA	0	1	1	0.0
chr1	38455637	38456593	five_utr_exonic_1104	+	38455701	NA	NA	NA	1	1	0.0
chr11	13741449	13743276	five_utr_exonic_6330	+	13742090	NA	AATATA AATAAA	23 23	1	1	0.0
chr16	28875295	28877415	five_utr_exonic_14485	+	28875824	NA	NA	NA	1	1	0.0
chr16	28875295	28877415	five_utr_exonic_14485	+	28876789	NA	NA	NA	1	1	0.0
chr19	9947030	9947551	five_utr_exonic_18469	+	9947352	NA	AAGAAA	27	1	1	0.0
chr2	102314205	102314542	five_utr_exonic_21695	+	102314469	NA	NA	NA	1	1	0.0
chr20	32581451	32581937	five_utr_exonic_23838	+	32581876	NA	NA	NA	1	1	0.0
chr19	1205797	1206912	five_utr_exonic_18075	+	1206864	NA	NA	NA	1	1	0.0
chr8	38033838	38034387	five_utr_exonic_37297	+	38033838	NA	NA	NA	2	1	0.0
chr1	21100103	21101498	five_utr_exonic_547	+	21100134	NA	TTTAAA	1	1	1	0.0
chr1	21100103	21101498	five_utr_exonic_547	+	21100445	NA	NA	NA	1	1	0.0
chr1	21100103	21101498	five_utr_exonic_547	+	21100622	NA	GATAAA	14	1	1	0.0
chr1	21100103	21101498	five_utr_exonic_547	+	21101254	NA	NA	NA	1	1	0.0
chr1	21100103	21101498	five_utr_exonic_547	+	21101425	NA	NA	NA	3	3	2.44948974278
chr17	26369181	26369899	five_utr_exonic_15965	+	26369696	NA	AAGAAA	10	6	2	6.0
chr19	12098431	12098638	five_utr_exonic_18586	+	12098638	NA	NA	NA	1	1	0.0
chr11	61100440	61100838	five_utr_exonic_7030	+	61100505	NA	NA	NA	1	1	0.0
chr12	133617685	133618053	five_utr_exonic_10874	+	133617865	NA	AATATA	6	2	1	0.0
chr3	152017193	152017982	five_utr_exonic_28126	+	152017926	NA	NA	NA	1	1	0.0
chr21	33984553	33985176	five_utr_exonic_24630	+	33984576	NA	NA	NA	1	1	0.0
chr11	118271868	118272289	five_utr_exonic_8324	+	118272288	NA	NA	NA	1	1	0.0
chr2	27884263	27885045	five_utr_exonic_20808	+	27884357	NA	TTTAAA TTTAAA	7 27	1	1	0.0
chr1	52869917	52870131	five_utr_exonic_1473	+	52870073	NA	NA	NA	1	1	0.0
chr4	186299340	186300172	five_utr_exonic_30459	+	186299796	NA	ATTAAA AATAGA	18 3	1	1	0.0
chr4	130014258	130015183	five_utr_exonic_30026	+	130014884	NA	NA	NA	1	1	0.0
chr19	37016056	37016275	five_utr_exonic_19157	+	37016150	NA	TTTAAA TTTAAA	28 6	1	1	0.0
chr9	113018715	113018920	five_utr_exonic_39506	+	113018715	NA	NA	NA	1	1	0.0
chr19	9529726	9529975	five_utr_exonic_18440	+	9529939	NA	NA	NA	1	1	0.0
chr5	72794232	72794492	five_utr_exonic_31083	+	72794318	NA	NA	NA	3	1	0.0
chr19	54645111	54646714	five_utr_exonic_20141	+	54645222	NA	NA	NA	1	1	0.0
chr11	77790790	77791265	five_utr_exonic_7834	+	77790856	NA	NA	NA	1	1	0.0
chr2	216973813	216974159	five_utr_exonic_22897	+	216974096	NA	NA	NA	1	1	0.0
chr17	40703983	40704951	five_utr_exonic_16450	+	40704581	NA	NA	NA	1	1	0.0
chr8	103665700	103666603	five_utr_exonic_38041	+	103665981	NA	NA	NA	1	1	0.0
chr3	187453877	187454876	five_utr_exonic_28574	+	187453978	NA	NA	NA	1	1	0.0
chr17	80695576	80696358	five_utr_exonic_17491	+	80695659	NA	NA	NA	2	1	0.0
chr20	56099261	56099923	five_utr_exonic_24307	+	56099332	NA	NA	NA	1	1	0.0
chr11	47198404	47198676	five_utr_exonic_6767	+	47198411	NA	NA	NA	1	1	0.0
chr11	16759947	16760325	five_utr_exonic_6371	+	16760325	NA	NA	NA	1	1	0.0
chr18	47017941	47018203	five_utr_exonic_17829	+	47018127	NA	NA	NA	1	1	0.0
chr17	45906602	45907039	five_utr_exonic_16660	+	45906631	NA	NA	NA	1	1	0.0
chr12	54689032	54689544	five_utr_exonic_9751	+	54689046	NA	NA	NA	1	1	0.0
chr8	124268186	124268411	five_utr_exonic_38204	+	124268350	NA	AGTAAA	29	1	1	0.0
chr2	64068843	64069319	five_utr_exonic_21173	+	64069198	NA	AATAAA ATTAAA	16 31	1	1	0.0
chr11	118958212	118958788	five_utr_exonic_8369	+	118958721	NA	NA	NA	230	2	0.114208048144
chr11	118888994	118889505	five_utr_exonic_8362	+	118889039	NA	NA	NA	1	1	0.0
chr11	118888994	118889505	five_utr_exonic_8362	+	118889210	NA	NA	NA	1	1	0.0
chr1	11863571	11864589	five_utr_exonic_315	+	11864506	NA	NA	NA	1	1	0.0
chr10	101945383	101948054	five_utr_exonic_5335	+	101946212	NA	AATAAA ACTAAA	18 3	1	1	0.0
chr4	141445311	141445815	five_utr_exonic_30064	+	141445369	NA	NA	NA	2	1	0.0
chr4	141445311	141445815	five_utr_exonic_30064	+	141445745	NA	NA	NA	1	1	0.0
chr15	23810453	23810929	five_utr_exonic_12725	+	23810453	NA	NA	NA	1	1	0.0
chr10	5855221	5855512	five_utr_exonic_4244	+	5855221	NA	NA	NA	1	1	0.0
chr10	5855221	5855512	five_utr_exonic_4244	+	5855328	NA	NA	NA	1	1	0.0
chr2	74699923	74700449	five_utr_exonic_21368	+	74700082	NA	AATAAA CATAAA	10 6	1	1	0.0
chr19	58201167	58202072	five_utr_exonic_20360	+	58202015	NA	AATAAA AATATA	16 27	1	1	0.0
chr2	241499470	241500101	five_utr_exonic_23327	+	241499484	NA	NA	NA	3	2	3.36650164612
chr19	46195144	46195443	five_utr_exonic_19636	+	46195192	NA	NA	NA	1	1	0.0
chr22	39916182	39917450	five_utr_exonic_25722	+	39916572	NA	TATAAA	4	1	1	0.0
chr9	75772569	75773437	five_utr_exonic_39131	+	75772770	NA	CATAAA AATGAA	17 21	1	1	0.0
chr7	142552791	142553147	five_utr_exonic_36487	+	142553079	NA	NA	NA	1	1	0.0
chr2	198364505	198365160	five_utr_exonic_22649	+	198365081	NA	NA	NA	2	1	0.0
chr2	198364505	198365160	five_utr_exonic_22649	+	198365148	NA	NA	NA	1	1	0.0
chr5	148930527	148931007	five_utr_exonic_31915	+	148930554	NA	NA	NA	1	1	0.0
chr11	111944653	111945640	five_utr_exonic_8195	+	111945176	NA	NA	NA	1	1	0.0
chr11	57439492	57440562	five_utr_exonic_6897	+	57440168	NA	NA	NA	1	1	0.0
chr11	57439492	57440562	five_utr_exonic_6897	+	57440467	NA	GATAAA AAGAAA	1 9	1	1	0.0
chr6	30687977	30688283	five_utr_exonic_32922	+	30688151	NA	NA	NA	11	5	1.85864075457
chr6	30687977	30688283	five_utr_exonic_32922	+	30688239	NA	AAGAAA	1	1	1	0.0
chr6	20402136	20402463	five_utr_exonic_32672	+	20402284	NA	NA	NA	1	1	0.0
chr19	50879491	50879833	five_utr_exonic_19902	+	50879828	NA	AAGAAA	19	1	1	0.0
chr18	32885939	32886588	five_utr_exonic_17748	+	32886109	NA	ATTAAA GATAAA AATGAA	14 9 18	1	1	0.0
chr1	185125844	185126116	five_utr_exonic_3365	+	185126022	NA	NA	NA	1	1	0.0
chr6	10887063	10887359	five_utr_exonic_32585	+	10887300	NA	NA	NA	11	3	1.04446593573
chr2	61244359	61244894	five_utr_exonic_21131	+	61244616	NA	NA	NA	1	1	0.0
chr9	130331153	130331367	five_utr_exonic_39806	+	130331169	NA	NA	NA	1	1	0.0
chr1	2487229	2487700	five_utr_exonic_138	+	2487531	NA	NA	NA	2	1	0.0
chrX	40944887	40945362	five_utr_exonic_40577	+	40945299	NA	NA	NA	1	1	0.0
chrX	41192650	41193505	five_utr_exonic_40579	+	41192965	NA	NA	NA	1	1	0.0
chr17	3819519	3819960	five_utr_exonic_15480	+	3819554	NA	NA	NA	1	1	0.0
chr11	10830251	10830657	five_utr_exonic_6280	+	10830277	NA	NA	NA	1	1	0.0
chr14	24778330	24779777	five_utr_exonic_11810	+	24778331	NA	NA	NA	3	1	0.0
chr17	46629836	46631284	five_utr_exonic_16687	+	46631240	NA	CATAAA	15	1	1	0.0
chrX	55478537	55478807	five_utr_exonic_40898	+	55478610	NA	NA	NA	2	2	0.707106781187
chr1	203767973	203772144	five_utr_exonic_3551	+	203771372	NA	NA	NA	1	1	0.0
chr1	203767973	203772144	five_utr_exonic_3551	+	203771764	NA	NA	NA	1	1	0.0
chr1	203767973	203772144	five_utr_exonic_3551	+	203771822	NA	NA	NA	1	1	0.0
chr12	123464590	123464934	five_utr_exonic_10682	+	123464592	NA	NA	NA	3	1	0.0
chr11	122932295	122932541	five_utr_exonic_8468	+	122932420	NA	NA	NA	1	1	0.0
chr11	5526642	5526847	five_utr_exonic_6070	+	5526704	NA	NA	NA	2	1	0.0
chr11	5526642	5526847	five_utr_exonic_6070	+	5526847	NA	NA	NA	1	1	0.0
chr2	190647321	190648299	five_utr_exonic_22554	+	190647727	NA	AATAAA ATTAAA AAGAAA TATAAA AATATA	16 27 33 12 10	1	1	0.0
chr2	190647321	190648299	five_utr_exonic_22554	+	190647994	NA	AAGAAA	7	1	1	0.0
chr22	20105304	20105836	five_utr_exonic_25097	+	20105759	NA	NA	NA	1	1	0.0
chr19	51301705	51302215	five_utr_exonic_19922	+	51302120	NA	NA	NA	1	1	0.0
chr10	14965068	14965674	five_utr_exonic_4345	+	14965637	NA	NA	NA	2	1	0.0
chr22	39102515	39102861	five_utr_exonic_25681	+	39102861	NA	TTTAAA TTTAAA	8 25	1	1	0.0
