chrm	beg	end	utr_ID	strand	polyA_coordinate	annotated_polyA_distance	nearby_PAS	PAS_distance	number_supporting_reads	number_unique_supporting_reads	unique_reads_spread
chr16	19441734	19441962	five_utr_exonic_14331	+	19441896	NA	NA	NA	1	1	0.0
chr1	61547979	61548432	five_utr_exonic_1586	+	61548403	NA	NA	NA	1	1	0.0
chr15	99192199	99192810	five_utr_exonic_13780	+	99192779	NA	AAGAAA AAGAAA	23 33	2	1	0.0
chr9	86590426	86591023	five_utr_exonic_39187	+	86590652	NA	NA	NA	2	2	19.0
chr12	57118745	57120981	five_utr_exonic_9869	+	57119162	NA	NA	NA	1	1	0.0
chr11	93482196	93483511	five_utr_exonic_7987	+	93482424	NA	NA	NA	1	1	0.0
chr1	22050655	22051612	five_utr_exonic_583	+	22050655	NA	NA	NA	1	1	0.0
chr11	61070627	61070829	five_utr_exonic_7020	+	61070627	NA	NA	NA	2	1	0.0
chr4	1954478	1954869	five_utr_exonic_28844	+	1954645	NA	NA	NA	1	1	0.0
chr19	5622726	5622938	five_utr_exonic_18272	+	5622786	NA	NA	NA	1	1	0.0
chr19	53119970	53120675	five_utr_exonic_20043	+	53120042	NA	NA	NA	3	1	0.0
chr3	132378595	132379381	five_utr_exonic_27821	+	132378851	NA	NA	NA	1	1	0.0
chr17	38256347	38256978	five_utr_exonic_16310	+	38256586	NA	NA	NA	1	1	0.0
chr11	207510	208854	five_utr_exonic_5776	+	208175	NA	NA	NA	1	1	0.0
chr17	26925964	26926297	five_utr_exonic_15991	+	26926020	NA	NA	NA	2	2	0.707106781187
chr21	40177754	40178044	five_utr_exonic_24758	+	40177852	NA	NA	NA	1	1	0.0
chr4	77996696	77997158	five_utr_exonic_29536	+	77996990	NA	NA	NA	1	1	0.0
chr1	71546678	71546980	five_utr_exonic_1689	+	71546694	NA	NA	NA	8	3	6.204836823
chr16	57219732	57219976	five_utr_exonic_14818	+	57219835	NA	AAGAAA AATGAA	20 30	1	1	0.0
chr1	151257681	151258550	five_utr_exonic_2483	+	151257908	NA	AATACA	13	1	1	0.0
chr1	249152713	249153059	five_utr_exonic_4161	+	249152713	NA	NA	NA	1	1	0.0
chr19	5911385	5913943	five_utr_exonic_18299	+	5912254	NA	NA	NA	1	1	0.0
chr12	104359581	104359815	five_utr_exonic_10276	+	104359678	NA	NA	NA	1	1	0.0
chr3	142744623	142745990	five_utr_exonic_28016	+	142745239	NA	NA	NA	3	2	2.44948974278
chr10	73976611	73976892	five_utr_exonic_4943	+	73976697	NA	AATAGA	28	1	1	0.0
chr7	12443342	12443567	five_utr_exonic_34826	+	12443381	NA	NA	NA	1	1	0.0
chr11	313852	314155	five_utr_exonic_5790	+	314050	NA	AATACA	8	1	1	0.0
chr1	151030233	151033029	five_utr_exonic_2460	+	151030797	NA	NA	NA	1	1	0.0
chr11	86013252	86013490	five_utr_exonic_7919	+	86013488	NA	NA	NA	1	1	0.0
chr1	202128647	202129119	five_utr_exonic_3496	+	202128745	NA	AATAGA	6	1	1	0.0
chr2	66662531	66662988	five_utr_exonic_21206	+	66662930	NA	AAGAAA	4	1	1	0.0
chr6	31704077	31704349	five_utr_exonic_33019	+	31704247	NA	NA	NA	1	1	0.0
chr6	31704077	31704349	five_utr_exonic_33019	+	31704288	NA	NA	NA	1	1	0.0
chr1	153949728	153950164	five_utr_exonic_2692	+	153949878	NA	NA	NA	1	1	0.0
chr14	24036523	24037246	five_utr_exonic_11762	+	24037246	NA	NA	NA	1	1	0.0
chr15	93443418	93444054	five_utr_exonic_13762	+	93443795	NA	NA	NA	2	2	1.0
chrX	153058970	153059700	five_utr_exonic_41915	+	153058976	NA	NA	NA	1	1	0.0
chr17	47074773	47075107	five_utr_exonic_16715	+	47074796	NA	NA	NA	1	1	0.0
chr12	124102562	124103215	five_utr_exonic_10714	+	124103147	NA	AAGAAA	5	1	1	0.0
chr4	83294831	83295144	five_utr_exonic_29574	+	83294926	NA	NA	NA	1	1	0.0
chr20	277736	278227	five_utr_exonic_23419	+	277739	NA	NA	NA	1	1	0.0
chr4	170533170	170533780	five_utr_exonic_30324	+	170533707	NA	NA	NA	1	1	0.0
chr7	44162777	44163107	five_utr_exonic_35205	+	44162777	NA	NA	NA	1	1	0.0
chr5	176433539	176433752	five_utr_exonic_32251	+	176433721	NA	NA	NA	1	1	0.0
chr2	12857014	12858433	five_utr_exonic_20573	+	12858268	NA	NA	NA	1	1	0.0
chr20	33872290	33872518	five_utr_exonic_23887	+	33872336	NA	NA	NA	1	1	0.0
chr6	28249313	28249695	five_utr_exonic_32808	+	28249570	NA	NA	NA	1	1	0.0
chr1	226251677	226252052	five_utr_exonic_3866	+	226252052	NA	NA	NA	1	1	0.0
chr22	38884120	38884535	five_utr_exonic_25663	+	38884120	NA	NA	NA	1	1	0.0
chr22	38884120	38884535	five_utr_exonic_25663	+	38884199	NA	NA	NA	7	5	16.5917363252
chr22	38884120	38884535	five_utr_exonic_25663	+	38884267	NA	NA	NA	1	1	0.0
chr22	38884120	38884535	five_utr_exonic_25663	+	38884395	NA	NA	NA	1	1	0.0
chr17	66244144	66244846	five_utr_exonic_17022	+	66244815	NA	NA	NA	1	1	0.0
chr12	74931550	74931892	five_utr_exonic_10081	+	74931632	NA	NA	NA	1	1	0.0
chr3	88105126	88106459	five_utr_exonic_27241	+	88105685	NA	AATATA	3	1	1	0.0
chr1	150522297	150522733	five_utr_exonic_2424	+	150522416	NA	NA	NA	1	1	0.0
chr1	150524563	150524764	five_utr_exonic_2425	+	150524741	NA	NA	NA	1	1	0.0
chr3	9860605	9862229	five_utr_exonic_26114	+	9862168	NA	NA	NA	1	1	0.0
chr3	9860605	9862229	five_utr_exonic_26114	+	9862229	NA	NA	NA	2	1	0.0
chr17	7218649	7218950	five_utr_exonic_15616	+	7218946	NA	NA	NA	3	2	0.57735026919
chr15	44089554	44090117	five_utr_exonic_13044	+	44089667	NA	NA	NA	1	1	0.0
chr11	62433118	62433351	five_utr_exonic_7126	+	62433181	NA	AATAAA	20	1	1	0.0
chr11	62437503	62438711	five_utr_exonic_7127	+	62438619	NA	NA	NA	1	1	0.0
chr20	62492565	62492893	five_utr_exonic_24457	+	62492567	NA	NA	NA	11	3	1.38169855942
chr21	47667846	47668689	five_utr_exonic_24980	+	47668531	NA	CATAAA GATAAA	7 16	1	1	0.0
chr8	101733811	101735037	five_utr_exonic_37997	+	101734295	NA	NA	NA	1	1	0.0
chr9	139999054	140000303	five_utr_exonic_40173	+	139999494	NA	AATACA ACTAAA	11 5	1	1	0.0
chr9	139997799	139998781	five_utr_exonic_40172	+	139998708	NA	NA	NA	2	2	10.0
chr17	2239721	2240678	five_utr_exonic_15441	+	2240037	NA	TATAAA	19	1	1	0.0
chr14	73525143	73525519	five_utr_exonic_12238	+	73525267	NA	NA	NA	1	1	0.0
chrX	153672806	153673257	five_utr_exonic_41969	+	153673096	NA	NA	NA	1	1	0.0
chr4	175443602	175444305	five_utr_exonic_30364	+	175444230	NA	NA	NA	1	1	0.0
chr5	176923513	176923878	five_utr_exonic_32296	+	176923535	NA	NA	NA	1	1	0.0
chr3	150263922	150264589	five_utr_exonic_28091	+	150264077	NA	NA	NA	1	1	0.0
chr11	124932962	124933263	five_utr_exonic_8520	+	124933144	NA	NA	NA	1	1	0.0
chr2	99225041	99226171	five_utr_exonic_21627	+	99225267	NA	ATTAAA	17	2	2	1.58113883008
chr12	107486739	107487598	five_utr_exonic_10324	+	107487082	NA	NA	NA	1	1	0.0
chr1	89149904	89150263	five_utr_exonic_1814	+	89150223	NA	NA	NA	1	1	0.0
chr2	174829899	174830430	five_utr_exonic_22392	+	174830031	NA	NA	NA	1	1	0.0
chr8	144672777	144673063	five_utr_exonic_38439	+	144673010	NA	NA	NA	1	1	0.0
chr19	14201232	14201520	five_utr_exonic_18682	+	14201346	NA	NA	NA	1	1	0.0
chr17	76127361	76127669	five_utr_exonic_17303	+	76127376	NA	NA	NA	1	1	0.0
chr3	196295309	196295855	five_utr_exonic_28704	+	196295312	NA	NA	NA	2	2	1.0
chr19	49588464	49588835	five_utr_exonic_19811	+	49588783	NA	NA	NA	1	1	0.0
chr19	49606844	49607703	five_utr_exonic_19813	+	49607084	NA	NA	NA	1	1	0.0
chr19	49606844	49607703	five_utr_exonic_19813	+	49607340	NA	NA	NA	1	1	0.0
chr19	49606844	49607703	five_utr_exonic_19813	+	49607398	NA	NA	NA	1	1	0.0
chr19	49606844	49607703	five_utr_exonic_19813	+	49607624	NA	NA	NA	1	1	0.0
chr12	123077962	123078822	five_utr_exonic_10654	+	123078402	NA	NA	NA	1	1	0.0
chr20	33530430	33530733	five_utr_exonic_23869	+	33530635	NA	GATAAA	2	1	1	0.0
chr4	111119491	111119832	five_utr_exonic_29890	+	111119557	NA	AATAAA	14	1	1	0.0
chr17	62502269	62502484	five_utr_exonic_16979	+	62502272	NA	NA	NA	1	1	0.0
chr17	62502269	62502484	five_utr_exonic_16979	+	62502380	NA	NA	NA	1	1	0.0
chr5	132161832	132162279	five_utr_exonic_31559	+	132161876	NA	NA	NA	1	1	0.0
chr2	187350882	187351109	five_utr_exonic_22516	+	187351109	NA	NA	NA	1	1	0.0
chr2	55459038	55459294	five_utr_exonic_21098	+	55459038	NA	NA	NA	1	1	0.0
chr19	56165415	56166470	five_utr_exonic_20270	+	56166446	NA	NA	NA	1	1	0.0
chr22	22899252	22900174	five_utr_exonic_25180	+	22899804	NA	NA	NA	1	1	0.0
chr22	22899252	22900174	five_utr_exonic_25180	+	22899919	NA	NA	NA	2	1	0.0
chr18	48556582	48556993	five_utr_exonic_17851	+	48556871	NA	NA	NA	1	1	0.0
chr19	48752779	48753135	five_utr_exonic_19733	+	48752779	NA	NA	NA	2	1	0.0
chr19	48752779	48753135	five_utr_exonic_19733	+	48753075	NA	NA	NA	1	1	0.0
chr1	161494035	161494448	five_utr_exonic_3033	+	161494293	NA	NA	NA	1	1	0.0
chr20	44754188	44755278	five_utr_exonic_24166	+	44754254	NA	AAGAAA	23	1	1	0.0
chr12	123461971	123462746	five_utr_exonic_10679	+	123462690	NA	NA	NA	1	1	0.0
chr12	49504338	49504681	five_utr_exonic_9528	+	49504648	NA	NA	NA	1	1	0.0
chr19	19455060	19455657	five_utr_exonic_18917	+	19455169	NA	NA	NA	1	1	0.0
chr6	37137978	37138351	five_utr_exonic_33287	+	37138332	NA	NA	NA	1	1	0.0
chr10	120101238	120101752	five_utr_exonic_5573	+	120101308	NA	NA	NA	1	1	0.0
chr5	179293024	179293872	five_utr_exonic_32392	+	179293522	NA	NA	NA	1	1	0.0
chr5	179293918	179294302	five_utr_exonic_32393	+	179294150	NA	NA	NA	1	1	0.0
chr12	132329414	132329662	five_utr_exonic_10805	+	132329634	NA	NA	NA	1	1	0.0
chr12	132195992	132198615	five_utr_exonic_10800	+	132197391	NA	ATTAAA AATGAA GATAAA	16 33 24	3	2	3.31662479036
chr12	132198785	132199366	five_utr_exonic_10801	+	132199085	NA	AATAAA TATAAA	18 14	1	1	0.0
chr6	88032583	88032795	five_utr_exonic_33785	+	88032795	NA	NA	NA	1	1	0.0
chrX	153775521	153775960	five_utr_exonic_41982	+	153775861	NA	NA	NA	1	1	0.0
chr12	80328711	80328978	five_utr_exonic_10113	+	80328806	NA	NA	NA	1	1	0.0
chr1	113230949	113231556	five_utr_exonic_2140	+	113231556	NA	NA	NA	1	1	0.0
chr17	73224255	73225226	five_utr_exonic_17127	+	73224878	NA	NA	NA	1	1	0.0
chr11	77910015	77910640	five_utr_exonic_7845	+	77910640	NA	NA	NA	1	1	0.0
chr20	19997759	19998040	five_utr_exonic_23683	+	19998015	NA	NA	NA	1	1	0.0
chr2	215595647	215595869	five_utr_exonic_22880	+	215595800	NA	AATAAA	9	1	1	0.0
chr8	126010847	126011645	five_utr_exonic_38231	+	126010964	NA	NA	NA	1	1	0.0
chr11	61100105	61100307	five_utr_exonic_7029	+	61100127	NA	NA	NA	1	1	0.0
chr9	134615217	134615461	five_utr_exonic_39985	+	134615225	NA	NA	NA	1	1	0.0
chr2	61763336	61763723	five_utr_exonic_21145	+	61763634	NA	NA	NA	1	1	0.0
chr2	61764696	61765418	five_utr_exonic_21147	+	61764734	NA	NA	NA	1	1	0.0
chr7	120629104	120629675	five_utr_exonic_36182	+	120629503	NA	ATTAAA	19	1	1	0.0
chr1	228332028	228332453	five_utr_exonic_3909	+	228332377	NA	NA	NA	1	1	0.0
chr7	39663484	39664026	five_utr_exonic_35162	+	39663976	NA	NA	NA	1	1	0.0
chr7	150929900	150931097	five_utr_exonic_36665	+	150929920	NA	NA	NA	2	2	18.0
chr12	27090590	27091259	five_utr_exonic_9297	+	27090726	NA	NA	NA	1	1	0.0
chrX	102931955	102933308	five_utr_exonic_41289	+	102931968	NA	NA	NA	1	1	0.0
chrX	102931955	102933308	five_utr_exonic_41289	+	102933037	NA	NA	NA	3	1	0.0
chr19	54960064	54960488	five_utr_exonic_20174	+	54960416	NA	NA	NA	2	1	0.0
chr6	88411402	88411927	five_utr_exonic_33799	+	88411721	NA	NA	NA	2	2	1.0
chr3	156877883	156878549	five_utr_exonic_28174	+	156877903	NA	NA	NA	1	1	0.0
chr11	118972365	118972949	five_utr_exonic_8372	+	118972633	NA	NA	NA	1	1	0.0
chr3	196668829	196669240	five_utr_exonic_28716	+	196668829	NA	NA	NA	1	1	0.0
chr6	43737949	43738443	five_utr_exonic_33477	+	43738128	NA	AAGAAA GATAAA	6 22	2	2	8.51469318296
chr2	122406947	122407163	five_utr_exonic_21924	+	122407029	NA	NA	NA	1	1	0.0
chr4	39460059	39460508	five_utr_exonic_29169	+	39460508	NA	NA	NA	1	1	0.0
chr15	41046981	41048049	five_utr_exonic_12925	+	41047813	NA	NA	NA	1	1	0.0
chr7	50515878	50517422	five_utr_exonic_35292	+	50515946	NA	NA	NA	2	1	0.0
chr7	26241312	26242229	five_utr_exonic_34958	+	26242201	NA	NA	NA	1	1	0.0
chr5	177631507	177631838	five_utr_exonic_32336	+	177631775	NA	NA	NA	1	1	0.0
chr1	43918675	43919056	five_utr_exonic_1281	+	43918920	NA	AATACA GATAAA	20 15	2	2	4.52769256907
chr12	6977277	6977673	five_utr_exonic_8881	+	6977277	NA	NA	NA	1	1	0.0
chr11	809646	810234	five_utr_exonic_5854	+	809973	NA	NA	NA	1	1	0.0
chr1	211432620	211432902	five_utr_exonic_3707	+	211432902	NA	NA	NA	1	1	0.0
chr3	49314643	49315263	five_utr_exonic_26817	+	49314981	NA	NA	NA	3	2	4.72581562625
chr14	20922842	20923226	five_utr_exonic_11615	+	20922878	NA	NA	NA	1	1	0.0
chr19	46283317	46283580	five_utr_exonic_19642	+	46283577	NA	NA	NA	1	1	0.0
chr8	145550299	145550573	five_utr_exonic_38520	+	145550330	NA	NA	NA	1	1	0.0
chr8	145578427	145579090	five_utr_exonic_38523	+	145579087	NA	NA	NA	5	2	0.894427191
chr13	28195473	28196120	five_utr_exonic_10997	+	28196076	NA	NA	NA	1	1	0.0
chr12	6797332	6797855	five_utr_exonic_8847	+	6797729	NA	NA	NA	1	1	0.0
chr19	7069470	7069784	five_utr_exonic_18341	+	7069719	NA	NA	NA	1	1	0.0
chr1	11908137	11908402	five_utr_exonic_320	+	11908137	NA	NA	NA	1	1	0.0
chr13	41556190	41556418	five_utr_exonic_11119	+	41556244	NA	NA	NA	1	1	0.0
chr5	140063252	140064923	five_utr_exonic_31770	+	140064713	NA	AAGAAA	28	1	1	0.0
chr17	46692066	46692301	five_utr_exonic_16699	+	46692165	NA	NA	NA	1	1	0.0
chr17	46651198	46651849	five_utr_exonic_16690	+	46651273	NA	NA	NA	1	1	0.0
chr15	72523260	72523684	five_utr_exonic_13405	+	72523545	NA	NA	NA	1	1	0.0
chr1	32384666	32385259	five_utr_exonic_911	+	32384666	NA	NA	NA	1	1	0.0
chr1	32384666	32385259	five_utr_exonic_911	+	32385093	NA	ATTAAA	15	1	1	0.0
chr3	194406621	194407555	five_utr_exonic_28651	+	194407255	NA	NA	NA	1	1	0.0
chr7	924031	925692	five_utr_exonic_34626	+	924494	NA	NA	NA	1	1	0.0
chr17	16284112	16284498	five_utr_exonic_15804	+	16284421	NA	NA	NA	1	1	0.0
chr12	46766291	46766645	five_utr_exonic_9447	+	46766355	NA	AATACA	28	2	2	1.0
chr12	46766291	46766645	five_utr_exonic_9447	+	46766393	NA	NA	NA	2	1	0.0
chr21	47666800	47667074	five_utr_exonic_24979	+	47667051	NA	NA	NA	1	1	0.0
chr11	114314934	114315223	five_utr_exonic_8240	+	114314934	NA	NA	NA	2	1	0.0
chr11	114314934	114315223	five_utr_exonic_8240	+	114315092	NA	NA	NA	1	1	0.0
chr19	17416476	17416701	five_utr_exonic_18811	+	17416597	NA	NA	NA	1	1	0.0
chr16	75033249	75033569	five_utr_exonic_15146	+	75033426	NA	NA	NA	1	1	0.0
chr10	135103473	135104538	five_utr_exonic_5741	+	135103933	NA	NA	NA	1	1	0.0
chr14	34419958	34420287	five_utr_exonic_11868	+	34419970	NA	NA	NA	1	1	0.0
chr5	180670800	180671209	five_utr_exonic_32439	+	180670911	NA	NA	NA	1	1	0.0
chr20	17949342	17949784	five_utr_exonic_23660	+	17949717	NA	NA	NA	1	1	0.0
chr1	1385068	1386063	five_utr_exonic_62	+	1385472	NA	NA	NA	1	1	0.0
chr11	122933457	122933938	five_utr_exonic_8471	+	122933938	NA	AATAAA TATAAA TTTAAA TATAAA TTTAAA	20 15 30 20 3	3	1	0.0
chr10	1094258	1094803	five_utr_exonic_4190	+	1094336	NA	NA	NA	1	1	0.0
chr19	47251771	47251974	five_utr_exonic_19683	+	47251901	NA	AGTAAA	16	2	1	0.0
chr17	42295597	42295870	five_utr_exonic_16551	+	42295619	NA	NA	NA	1	1	0.0
chr2	192542852	192543340	five_utr_exonic_22610	+	192543088	NA	NA	NA	1	1	0.0
chr14	31343740	31344144	five_utr_exonic_11849	+	31343931	NA	NA	NA	1	1	0.0
chr12	12870057	12870773	five_utr_exonic_9094	+	12870773	NA	NA	NA	1	1	0.0
chr7	97500992	97501477	five_utr_exonic_35752	+	97501262	NA	NA	NA	2	2	4.0
chr7	97500992	97501477	five_utr_exonic_35752	+	97501326	NA	NA	NA	2	1	0.0
chr12	53400061	53400267	five_utr_exonic_9667	+	53400267	NA	NA	NA	1	1	0.0
chr5	159826645	159827104	five_utr_exonic_32087	+	159826996	NA	NA	NA	1	1	0.0
chr21	46221663	46221934	five_utr_exonic_24933	+	46221692	NA	NA	NA	1	1	0.0
chr6	31725198	31725905	five_utr_exonic_33026	+	31725452	NA	NA	NA	1	1	0.0
chr6	31725198	31725905	five_utr_exonic_33026	+	31725619	NA	NA	NA	1	1	0.0
chr4	107236852	107237501	five_utr_exonic_29846	+	107237151	NA	NA	NA	1	1	0.0
chr14	91526778	91527048	five_utr_exonic_12406	+	91526793	NA	NA	NA	1	1	0.0
chr11	65270288	65271093	five_utr_exonic_7322	+	65270294	NA	NA	NA	2	1	0.0
chr11	65270288	65271093	five_utr_exonic_7322	+	65270456	NA	NA	NA	3	1	0.0
chr11	65270288	65271093	five_utr_exonic_7322	+	65270502	NA	AAGAAA AATGAA	2 6	1	1	0.0
chr11	65270288	65271093	five_utr_exonic_7322	+	65271092	NA	AATAAA ATTAAA AATAAA	22 5 1	10	2	1.3416407865
chr17	34868716	34869008	five_utr_exonic_16188	+	34868932	NA	TTTAAA TTTAAA	10 24	1	1	0.0
chr4	48485359	48485578	five_utr_exonic_29276	+	48485528	NA	NA	NA	1	1	0.0
chr20	30327073	30327424	five_utr_exonic_23771	+	30327387	NA	NA	NA	1	1	0.0
chr1	249141250	249141473	five_utr_exonic_4159	+	249141433	NA	AGTAAA	3	1	1	0.0
chr2	207024064	207024703	five_utr_exonic_22796	+	207024626	NA	NA	NA	1	1	0.0
chr19	5720229	5720463	five_utr_exonic_18281	+	5720269	NA	NA	NA	1	1	0.0
chr13	21141808	21142115	five_utr_exonic_10918	+	21142020	NA	NA	NA	1	1	0.0
chr12	4382937	4383206	five_utr_exonic_8778	+	4383076	NA	NA	NA	2	2	1.0
chr6	31637943	31638727	five_utr_exonic_33007	+	31638308	NA	NA	NA	1	1	0.0
chr2	157198551	157198860	five_utr_exonic_22160	+	157198763	NA	GATAAA	29	1	1	0.0
chr16	89627055	89627367	five_utr_exonic_15345	+	89627251	NA	NA	NA	1	1	0.0
chr14	35452103	35452421	five_utr_exonic_11880	+	35452412	NA	NA	NA	1	1	0.0
chr14	35591165	35591519	five_utr_exonic_11885	+	35591180	NA	NA	NA	1	1	0.0
chr2	46926325	46926588	five_utr_exonic_21028	+	46926588	NA	NA	NA	1	1	0.0
chr12	7079706	7079988	five_utr_exonic_8901	+	7079817	NA	NA	NA	1	1	0.0
chr11	89939978	89942646	five_utr_exonic_7956	+	89941238	NA	NA	NA	1	1	0.0
chr11	95523624	95523862	five_utr_exonic_8019	+	95523746	NA	NA	NA	1	1	0.0
chr8	99057595	99057818	five_utr_exonic_37949	+	99057646	NA	NA	NA	2	1	0.0
chr1	43314961	43315329	five_utr_exonic_1249	+	43315232	NA	AATAAA AAGAAA AAGAAA	16 5 20	1	1	0.0
chr14	23340925	23341512	five_utr_exonic_11710	+	23341224	NA	NA	NA	1	1	0.0
chr4	103747665	103748279	five_utr_exonic_29803	+	103748153	NA	AAGAAA	17	1	1	0.0
chr4	103747665	103748279	five_utr_exonic_29803	+	103748279	NA	AATACA	23	1	1	0.0
chr16	103586	103989	five_utr_exonic_13844	+	103846	NA	NA	NA	1	1	0.0
chr2	44586854	44587815	five_utr_exonic_21003	+	44587354	NA	GATAAA	13	1	1	0.0
chr21	36259409	36260987	five_utr_exonic_24694	+	36260803	NA	AAGAAA	23	1	1	0.0
chrX	153237777	153238337	five_utr_exonic_41935	+	153238313	NA	NA	NA	1	1	0.0
chr11	96120693	96121068	five_utr_exonic_8032	+	96120762	NA	NA	NA	1	1	0.0
chr17	7165362	7166264	five_utr_exonic_15606	+	7165442	NA	AGTAAA	6	1	1	0.0
chr5	118691087	118691785	five_utr_exonic_31429	+	118691401	NA	TATAAA AAGAAA	10 16	1	1	0.0
chr15	77223959	77224182	five_utr_exonic_13528	+	77224129	NA	NA	NA	1	1	0.0
chr19	14812395	14812709	five_utr_exonic_18714	+	14812543	NA	NA	NA	1	1	0.0
chr1	201123051	201123568	five_utr_exonic_3462	+	201123258	NA	NA	NA	1	1	0.0
chr12	109915067	109915914	five_utr_exonic_10378	+	109915453	NA	NA	NA	1	1	0.0
chr12	109915067	109915914	five_utr_exonic_10378	+	109915847	NA	NA	NA	9	3	0.816496580928
chr11	9192324	9193792	five_utr_exonic_6237	+	9192740	NA	NA	NA	1	1	0.0
chr7	105172531	105172762	five_utr_exonic_36026	+	105172665	NA	NA	NA	1	1	0.0
chr8	86130935	86131592	five_utr_exonic_37775	+	86131464	NA	NA	NA	2	1	0.0
chrX	70752932	70753149	five_utr_exonic_41008	+	70752958	NA	NA	NA	1	1	0.0
chrX	70752932	70753149	five_utr_exonic_41008	+	70753068	NA	NA	NA	1	1	0.0
chr3	28390091	28390618	five_utr_exonic_26369	+	28390136	NA	NA	NA	1	1	0.0
chr15	75917676	75918156	five_utr_exonic_13503	+	75918041	NA	NA	NA	1	1	0.0
chr10	32635843	32636146	five_utr_exonic_4530	+	32636005	NA	NA	NA	1	1	0.0
chr13	31037817	31038447	five_utr_exonic_11026	+	31038242	NA	AATAAA	31	1	1	0.0
chr12	118573662	118574014	five_utr_exonic_10508	+	118573777	NA	NA	NA	1	1	0.0
chr9	134151566	134151934	five_utr_exonic_39976	+	134151784	NA	NA	NA	1	1	0.0
chr1	150266339	150266786	five_utr_exonic_2415	+	150266515	NA	NA	NA	1	1	0.0
chr1	150266339	150266786	five_utr_exonic_2415	+	150266628	NA	NA	NA	1	1	0.0
chr2	201983213	201983624	five_utr_exonic_22714	+	201983532	NA	NA	NA	1	1	0.0
chr12	58026554	58027022	five_utr_exonic_9935	+	58026760	NA	NA	NA	1	1	0.0
chr7	99950995	99951635	five_utr_exonic_35871	+	99951310	NA	NA	NA	1	1	0.0
chr16	29827284	29827846	five_utr_exonic_14529	+	29827846	NA	NA	NA	1	1	0.0
chr14	58894709	58894955	five_utr_exonic_12060	+	58894948	NA	NA	NA	1	1	0.0
chr6	74229749	74231444	five_utr_exonic_33701	+	74230369	NA	NA	NA	1	1	0.0
chr5	132387653	132387942	five_utr_exonic_31569	+	132387881	NA	NA	NA	1	1	0.0
chr4	88343733	88344057	five_utr_exonic_29658	+	88343960	NA	NA	NA	1	1	0.0
chr17	48556408	48556789	five_utr_exonic_16780	+	48556408	NA	NA	NA	1	1	0.0
chr1	40041623	40042462	five_utr_exonic_1129	+	40042416	NA	GATAAA	26	2	2	8.0
chr13	107220267	107220512	five_utr_exonic_11497	+	107220461	NA	NA	NA	1	1	0.0
chr17	5391515	5391909	five_utr_exonic_15557	+	5391595	NA	NA	NA	1	1	0.0
chr8	142431487	142432340	five_utr_exonic_38365	+	142431492	NA	NA	NA	1	1	0.0
chr4	83350843	83351294	five_utr_exonic_29577	+	83350911	NA	NA	NA	1	1	0.0
chr11	82868029	82868481	five_utr_exonic_7877	+	82868172	NA	AATGAA	2	1	1	0.0
chr6	30295035	30295473	five_utr_exonic_32897	+	30295406	NA	NA	NA	2	1	0.0
chr7	64450324	64451186	five_utr_exonic_35380	+	64450735	NA	NA	NA	1	1	0.0
chrX	109246728	109247002	five_utr_exonic_41383	+	109246770	NA	NA	NA	1	1	0.0
chr5	179229111	179229998	five_utr_exonic_32381	+	179229682	NA	NA	NA	1	1	0.0
chrX	11777670	11777911	five_utr_exonic_40333	+	11777758	NA	NA	NA	1	1	0.0
chr11	13741449	13743276	five_utr_exonic_6330	+	13741852	NA	NA	NA	1	1	0.0
chr16	28875295	28877415	five_utr_exonic_14485	+	28876509	NA	NA	NA	1	1	0.0
chr16	67311412	67313947	five_utr_exonic_14952	+	67311842	NA	NA	NA	1	1	0.0
chr19	41858949	41859831	five_utr_exonic_19424	+	41859287	NA	NA	NA	1	1	0.0
chr7	150777295	150777771	five_utr_exonic_36651	+	150777660	NA	NA	NA	1	1	0.0
chr19	9946118	9946688	five_utr_exonic_18468	+	9946516	NA	NA	NA	1	1	0.0
chr1	21100103	21101498	five_utr_exonic_547	+	21101096	NA	NA	NA	1	1	0.0
chr1	21100103	21101498	five_utr_exonic_547	+	21101427	NA	NA	NA	1	1	0.0
chr1	21100103	21101498	five_utr_exonic_547	+	21101484	NA	NA	NA	1	1	0.0
chr17	26369181	26369899	five_utr_exonic_15965	+	26369749	NA	ATTAAA	34	2	2	6.0
chr5	179017738	179018625	five_utr_exonic_32364	+	179017854	NA	TTTAAA GATAAA TTTAAA	2 22 32	1	1	0.0
chr12	133617685	133618053	five_utr_exonic_10874	+	133617865	NA	AATATA	6	3	1	0.0
chr11	118271868	118272289	five_utr_exonic_8324	+	118272221	NA	ATTAAA	28	1	1	0.0
chrX	48772669	48773012	five_utr_exonic_40717	+	48772812	NA	NA	NA	2	2	2.0
chr10	103577779	103578222	five_utr_exonic_5376	+	103578191	NA	NA	NA	1	1	0.0
chr5	72794232	72794492	five_utr_exonic_31083	+	72794318	NA	NA	NA	1	1	0.0
chr16	2802329	2802718	five_utr_exonic_14042	+	2802669	NA	NA	NA	1	1	0.0
chrX	102940098	102941149	five_utr_exonic_41292	+	102941116	NA	AATATA	7	1	1	0.0
chr1	153606433	153606819	five_utr_exonic_2668	+	153606593	NA	NA	NA	1	1	0.0
chr1	153606433	153606819	five_utr_exonic_2668	+	153606819	NA	NA	NA	1	1	0.0
chrX	152610237	152610974	five_utr_exonic_41873	+	152610920	NA	NA	NA	1	1	0.0
chr17	40703983	40704951	five_utr_exonic_16450	+	40704457	NA	NA	NA	1	1	0.0
chr8	103876034	103876578	five_utr_exonic_38047	+	103876359	NA	AAGAAA	27	2	1	0.0
chr6	24718896	24720087	five_utr_exonic_32697	+	24719359	NA	NA	NA	1	1	0.0
chr20	62695439	62695705	five_utr_exonic_24475	+	62695481	NA	AATAAA	13	2	2	1.58113883008
chr1	47694867	47695443	five_utr_exonic_1410	+	47695427	NA	NA	NA	2	2	0.707106781187
chr12	16035324	16035641	five_utr_exonic_9167	+	16035483	NA	NA	NA	1	1	0.0
chr10	38739061	38739957	five_utr_exonic_4594	+	38739433	NA	NA	NA	1	1	0.0
chr12	122617071	122617894	five_utr_exonic_10621	+	122617559	NA	NA	NA	1	1	0.0
chr12	122618867	122619625	five_utr_exonic_10622	+	122619298	NA	NA	NA	1	1	0.0
chr20	49307665	49308065	five_utr_exonic_24241	+	49307727	NA	NA	NA	1	1	0.0
chr3	14444075	14444355	five_utr_exonic_26221	+	14444239	NA	NA	NA	1	1	0.0
chr10	70166707	70166942	five_utr_exonic_4868	+	70166942	NA	NA	NA	1	1	0.0
chr6	32121621	32122181	five_utr_exonic_33077	+	32121841	NA	NA	NA	1	1	0.0
chr4	160188888	160189307	five_utr_exonic_30253	+	160188960	NA	AAGAAA	15	1	1	0.0
chr4	160188888	160189307	five_utr_exonic_30253	+	160189013	NA	NA	NA	1	1	0.0
chr22	19839784	19840009	five_utr_exonic_25073	+	19839784	NA	NA	NA	1	1	0.0
chr21	35467161	35467497	five_utr_exonic_24674	+	35467333	NA	TTTAAA GATAAA TTTAAA	6 7 28	1	1	0.0
chr11	118958212	118958788	five_utr_exonic_8369	+	118958721	NA	NA	NA	115	1	0.0
chr3	123675642	123677747	five_utr_exonic_27633	+	123677122	NA	NA	NA	1	1	0.0
chr16	24550907	24551947	five_utr_exonic_14428	+	24550917	NA	NA	NA	1	1	0.0
chr11	71190339	71191320	five_utr_exonic_7593	+	71191203	NA	NA	NA	1	1	0.0
chr4	141445311	141445815	five_utr_exonic_30064	+	141445369	NA	NA	NA	1	1	0.0
chr4	141445311	141445815	five_utr_exonic_30064	+	141445815	NA	NA	NA	1	1	0.0
chr17	56084498	56084707	five_utr_exonic_16861	+	56084498	NA	NA	NA	1	1	0.0
chr16	71917113	71917412	five_utr_exonic_15111	+	71917180	NA	NA	NA	1	1	0.0
chr2	61404756	61406115	five_utr_exonic_21140	+	61405661	NA	NA	NA	1	1	0.0
chr18	686776	688004	five_utr_exonic_17510	+	687657	NA	NA	NA	1	1	0.0
chr18	2567215	2567653	five_utr_exonic_17519	+	2567215	NA	NA	NA	1	1	0.0
chr2	241499470	241500101	five_utr_exonic_23327	+	241499490	NA	NA	NA	1	1	0.0
chr2	233414592	233415434	five_utr_exonic_23187	+	233415212	NA	NA	NA	2	2	1.0
chr16	3350614	3352009	five_utr_exonic_14090	+	3351477	NA	AATAAA	15	1	1	0.0
chr5	176943946	176944470	five_utr_exonic_32303	+	176944229	NA	NA	NA	1	1	0.0
chr2	111878490	111878765	five_utr_exonic_21808	+	111878696	NA	NA	NA	2	1	0.0
chr7	142552791	142553147	five_utr_exonic_36487	+	142553079	NA	NA	NA	2	1	0.0
chr7	142552791	142553147	five_utr_exonic_36487	+	142553147	NA	NA	NA	2	1	0.0
chr1	12677353	12677737	five_utr_exonic_337	+	12677725	NA	NA	NA	1	1	0.0
chr15	65808030	65809611	five_utr_exonic_13298	+	65808706	NA	AAGAAA	16	1	1	0.0
chr9	19379616	19380187	five_utr_exonic_38749	+	19379961	NA	NA	NA	1	1	0.0
chr12	53845885	53846160	five_utr_exonic_9711	+	53846097	NA	NA	NA	1	1	0.0
chr14	73491216	73491650	five_utr_exonic_12236	+	73491650	NA	AATATA	2	1	1	0.0
chr11	57439492	57440562	five_utr_exonic_6897	+	57440545	NA	NA	NA	1	1	0.0
chr8	145678843	145683311	five_utr_exonic_38534	+	145678843	NA	NA	NA	1	1	0.0
chr8	145678843	145683311	five_utr_exonic_38534	+	145682749	NA	NA	NA	1	1	0.0
chr6	20402136	20402463	five_utr_exonic_32672	+	20402312	NA	NA	NA	1	1	0.0
chr6	10887063	10887359	five_utr_exonic_32585	+	10887300	NA	NA	NA	2	1	0.0
chr7	100286168	100287071	five_utr_exonic_35913	+	100286550	NA	NA	NA	1	1	0.0
chr9	130331153	130331367	five_utr_exonic_39806	+	130331166	NA	NA	NA	5	3	6.61815684311
chr17	4046461	4047049	five_utr_exonic_15483	+	4046778	NA	NA	NA	1	1	0.0
chr17	3819519	3819960	five_utr_exonic_15480	+	3819755	NA	NA	NA	1	1	0.0
chr11	10830251	10830657	five_utr_exonic_6280	+	10830345	NA	NA	NA	1	1	0.0
chr14	24782312	24784226	five_utr_exonic_11811	+	24784127	NA	NA	NA	1	1	0.0
chr1	203767973	203772144	five_utr_exonic_3551	+	203771764	NA	NA	NA	1	1	0.0
chr11	828229	828607	five_utr_exonic_5860	+	828321	NA	NA	NA	1	1	0.0
chr12	123464590	123464934	five_utr_exonic_10682	+	123464592	NA	NA	NA	7	1	0.0
chr3	47554481	47554903	five_utr_exonic_26712	+	47554557	NA	NA	NA	1	1	0.0
chr2	190647321	190648299	five_utr_exonic_22554	+	190648061	NA	NA	NA	1	1	0.0
chr22	41681366	41681969	five_utr_exonic_25762	+	41681755	NA	NA	NA	1	1	0.0
chr22	20105304	20105836	five_utr_exonic_25097	+	20105666	NA	NA	NA	1	1	0.0
chr19	51301705	51302215	five_utr_exonic_19922	+	51301883	NA	NA	NA	1	1	0.0
chr19	51301705	51302215	five_utr_exonic_19922	+	51302120	NA	NA	NA	1	1	0.0
