chrm	beg	end	utr_ID	strand	polyA_coordinate	annotated_polyA_distance	nearby_PAS	PAS_distance	number_supporting_reads	number_unique_supporting_reads	unique_reads_spread
chr13	41836183	41836467	five_utr_exonic_11125	+	41836467	NA	NA	NA	1	1	0.0
chr5	172755196	172756506	five_utr_exonic_32179	+	172755342	NA	NA	NA	1	1	0.0
chr5	126112839	126113200	five_utr_exonic_31478	+	126112842	NA	NA	NA	1	1	0.0
chr6	31704077	31704349	five_utr_exonic_33019	+	31704200	NA	NA	NA	1	1	0.0
chr19	2809525	2810301	five_utr_exonic_18164	+	2809735	NA	NA	NA	1	1	0.0
chr9	139997799	139998781	five_utr_exonic_40172	+	139998765	NA	NA	NA	1	1	0.0
chr1	114301325	114302098	five_utr_exonic_2158	+	114301482	NA	NA	NA	1	1	0.0
chr1	150241210	150241703	five_utr_exonic_2409	+	150241300	NA	NA	NA	1	1	0.0
chr4	140222608	140222931	five_utr_exonic_30048	+	140222749	NA	NA	NA	1	1	0.0
chr3	150263922	150264589	five_utr_exonic_28091	+	150264275	NA	NA	NA	1	1	0.0
chr6	37137978	37138351	five_utr_exonic_33287	+	37138293	NA	NA	NA	1	1	0.0
chr8	126010847	126011645	five_utr_exonic_38231	+	126011335	NA	NA	NA	1	1	0.0
chr2	61761032	61761413	five_utr_exonic_21142	+	61761032	NA	NA	NA	1	1	0.0
chr7	142982042	142982538	five_utr_exonic_36505	+	142982511	NA	NA	NA	1	1	0.0
chr3	186857000	186857311	five_utr_exonic_28562	+	186857025	NA	NA	NA	1	1	0.0
chr7	26191859	26192118	five_utr_exonic_34954	+	26191955	NA	NA	NA	1	1	0.0
chr5	138677275	138677669	five_utr_exonic_31719	+	138677602	NA	NA	NA	1	1	0.0
chr19	5978093	5978320	five_utr_exonic_18300	+	5978144	NA	NA	NA	1	1	0.0
chr6	33256947	33257633	five_utr_exonic_33140	+	33256947	NA	NA	NA	1	1	0.0
chr11	65270288	65271093	five_utr_exonic_7322	+	65270293	NA	NA	NA	1	1	0.0
chr11	65270288	65271093	five_utr_exonic_7322	+	65270463	NA	AATAAA	29	1	1	0.0
chr5	36606456	36606837	five_utr_exonic_30734	+	36606825	NA	NA	NA	1	1	0.0
chr6	57086523	57087078	five_utr_exonic_33646	+	57086978	NA	NA	NA	1	1	0.0
chr5	122881108	122881357	five_utr_exonic_31464	+	122881357	NA	ATTAAA	4	1	1	0.0
chr17	72199720	72200094	five_utr_exonic_17075	+	72199823	NA	NA	NA	1	1	0.0
chr11	117167678	117170363	five_utr_exonic_8285	+	117167723	NA	NA	NA	1	1	0.0
chr7	128694824	128695198	five_utr_exonic_36283	+	128694931	NA	NA	NA	1	1	0.0
chr3	17780834	17782399	five_utr_exonic_26288	+	17781335	NA	AATATA	14	1	1	0.0
chr7	99698917	99699337	five_utr_exonic_35839	+	99698962	NA	NA	NA	2	2	3.53553390593
chr3	152017193	152017982	five_utr_exonic_28126	+	152017909	NA	NA	NA	1	1	0.0
chr8	11141879	11142397	five_utr_exonic_36853	+	11142058	NA	NA	NA	1	1	0.0
chr17	40703983	40704951	five_utr_exonic_16450	+	40704457	NA	NA	NA	1	1	0.0
chr12	16035324	16035641	five_utr_exonic_9167	+	16035510	NA	NA	NA	1	1	0.0
chr18	3261906	3262235	five_utr_exonic_17533	+	3262167	NA	NA	NA	1	1	0.0
chr16	23652478	23652678	five_utr_exonic_14421	+	23652478	NA	NA	NA	1	1	0.0
chr4	141445311	141445815	five_utr_exonic_30064	+	141445436	NA	NA	NA	1	1	0.0
chr7	142552791	142553147	five_utr_exonic_36487	+	142553078	NA	NA	NA	1	1	0.0
chr5	148930527	148931007	five_utr_exonic_31915	+	148930851	NA	NA	NA	1	1	0.0
chr6	30689350	30690036	five_utr_exonic_32923	+	30689762	NA	NA	NA	1	1	0.0
chr7	155539112	155539359	five_utr_exonic_36721	+	155539334	NA	CATAAA GATAAA	2 0	1	1	0.0
