chrm	beg	end	utr_ID	strand	polyA_coordinate	annotated_polyA_distance	nearby_PAS	PAS_distance	number_supporting_reads	number_unique_supporting_reads	unique_reads_spread
chr7	26242229	26242590	noncoding_exonic_78293	+	26242590	NA	NA	NA	9	1	0.0
chr1	46827864	46830824	noncoding_exonic_3139	+	46829123	NA	NA	NA	1	1	0.0
chr1	46827864	46830824	noncoding_exonic_3139	+	46829953	NA	NA	NA	1	1	0.0
chr1	46827864	46830824	noncoding_exonic_3139	+	46830691	NA	AATAAA TTTAAA TTTAAA	20 16 18	2	1	0.0
chr4	120420715	120421434	noncoding_exonic_64280	+	120421135	NA	AATAAA AATGAA	7 12	3	1	0.0
chr11	67803495	67803719	noncoding_exonic_19807	+	67803716	NA	NA	NA	1	1	0.0
chr21	47965874	47966217	noncoding_exonic_50810	+	47966217	NA	AATAAA AATAGA	21 2	3	1	0.0
chr12	20094454	20095952	noncoding_exonic_23963	+	20094624	NA	NA	NA	1	1	0.0
chr1	11814481	11814859	noncoding_exonic_932	+	11814850	NA	AATAAA ATTAAA	22 15	5	1	0.0
chr9	132891040	132892303	noncoding_exonic_93292	+	132891496	NA	NA	NA	1	1	0.0
chr9	132895264	132895515	noncoding_exonic_93293	+	132895515	NA	AATAAA	17	1	1	0.0
chr9	123606577	123607554	noncoding_exonic_92748	+	123607138	NA	NA	NA	2	1	0.0
chr13	92006186	92006833	noncoding_exonic_28306	+	92006833	NA	AATAAA	19	4	1	0.0
chr9	123605377	123605717	noncoding_exonic_92747	+	123605712	NA	NA	NA	1	1	0.0
chr7	11046025	11046503	noncoding_exonic_77831	+	11046392	NA	NA	NA	2	1	0.0
chr8	99056660	99057054	noncoding_exonic_87661	+	99056883	NA	NA	NA	1	1	0.0
chr3	142741906	142742237	noncoding_exonic_58372	+	142742203	NA	ACTAAA AGTAAA AATACA	19 9 22	1	1	0.0
chr11	118997835	118998168	noncoding_exonic_21955	+	118998139	NA	AATACA TTTAAA AATATA TTTAAA	14 10 28 24	1	1	0.0
chr3	186506205	186506913	noncoding_exonic_59969	+	186506518	NA	NA	NA	1	1	0.0
chr6	88304890	88305160	noncoding_exonic_75310	+	88305160	NA	AATAAA	13	2	1	0.0
chr17	80200542	80202245	noncoding_exonic_35774	+	80200546	NA	NA	NA	10	2	3.0
chr17	80200542	80202245	noncoding_exonic_35774	+	80201074	NA	NA	NA	1	1	0.0
chr17	80200542	80202245	noncoding_exonic_35774	+	80202242	NA	AATAAA AAGAAA	21 14	1	1	0.0
chr6	34231087	34231450	noncoding_exonic_74042	+	34231450	NA	NA	NA	1	1	0.0
chr6	34247481	34254545	noncoding_exonic_74043	+	34247481	NA	NA	NA	8	1	0.0
chr6	34247481	34254545	noncoding_exonic_74043	+	34248126	NA	NA	NA	2	1	0.0
chr6	34247481	34254545	noncoding_exonic_74043	+	34249622	NA	NA	NA	1	1	0.0
chr6	34247481	34254545	noncoding_exonic_74043	+	34252571	NA	AAGAAA	26	4	2	1.5
chr6	34247481	34254545	noncoding_exonic_74043	+	34253438	NA	AAGAAA	12	1	1	0.0
chr3	28367980	28368322	noncoding_exonic_54506	+	28367998	NA	NA	NA	1	1	0.0
chrX	130836677	130837546	noncoding_exonic_96642	+	130836679	NA	NA	NA	2	1	0.0
chrX	56843752	56844813	noncoding_exonic_95348	+	56844003	NA	AATAAA TATAAA	23 3	1	1	0.0
chr7	5265561	5266810	noncoding_exonic_77577	+	5265743	NA	NA	NA	1	1	0.0
chr15	55609381	55610065	noncoding_exonic_31060	+	55609384	NA	NA	NA	2	1	0.0
chr15	55609381	55610065	noncoding_exonic_31060	+	55609532	NA	NA	NA	5	1	0.0
chr11	65381720	65382853	noncoding_exonic_19381	+	65382214	NA	NA	NA	3	1	0.0
chr17	20827671	20828146	noncoding_exonic_34038	+	20828146	NA	NA	NA	1	1	0.0
chr11	93268633	93268982	noncoding_exonic_20962	+	93268858	NA	NA	NA	2	2	2.5495097568
chr11	93268633	93268982	noncoding_exonic_20962	+	93268918	NA	NA	NA	5	2	4.81663783152
chr3	195427191	195428540	noncoding_exonic_60344	+	195428207	NA	AATAAA AATAAA	2 12	1	1	0.0
chr11	72139851	72140150	noncoding_exonic_20102	+	72139857	NA	NA	NA	1	1	0.0
chr13	113200795	113201933	noncoding_exonic_28752	+	113200798	NA	NA	NA	2	1	0.0
chr3	156527339	156528521	noncoding_exonic_58860	+	156527417	NA	AAGAAA	0	6	2	3.82970843103
chr3	156527339	156528521	noncoding_exonic_58860	+	156527482	NA	NA	NA	12	5	1.58113883008
chr2	55845200	55846015	noncoding_exonic_39901	+	55845515	NA	AATACA	6	2	1	0.0
chr1	3662170	3663900	noncoding_exonic_532	+	3663269	NA	NA	NA	1	1	0.0
chr1	3689351	3689745	noncoding_exonic_534	+	3689625	NA	AATAAA	6	1	1	0.0
chr1	167596621	167598884	noncoding_exonic_8126	+	167598363	NA	NA	NA	1	1	0.0
chr12	124089419	124090411	noncoding_exonic_25933	+	124089655	NA	NA	NA	1	1	0.0
chr3	96068397	96069783	noncoding_exonic_56733	+	96068929	NA	NA	NA	1	1	0.0
chr10	32634039	32634551	noncoding_exonic_12279	+	32634041	NA	NA	NA	6	1	0.0
chr7	1468100	1468427	noncoding_exonic_77387	+	1468102	NA	NA	NA	1	1	0.0
chr7	43678397	43678855	noncoding_exonic_78964	+	43678853	NA	AAGAAA	25	1	1	0.0
chr3	41900841	41901086	noncoding_exonic_54967	+	41900889	NA	AATGAA	9	1	1	0.0
chr14	106950147	106951462	noncoding_exonic_30191	+	106950769	NA	AATAAA AGTAAA	23 18	1	1	0.0
chr14	106950147	106951462	noncoding_exonic_30191	+	106951267	NA	NA	NA	1	1	0.0
chr8	130363936	130365226	noncoding_exonic_88615	+	130363941	NA	NA	NA	5	3	2.04939015319
chr4	73964538	73964862	noncoding_exonic_62882	+	73964731	NA	NA	NA	3	2	1.0
chr2	34064848	34065745	noncoding_exonic_39202	+	34065200	NA	NA	NA	1	1	0.0
chr2	87820725	87821037	noncoding_exonic_41217	+	87821034	NA	ATTAAA AAGAAA ACTAAA AATGAA	15 31 27 22	1	1	0.0
chr11	16996239	16996560	noncoding_exonic_17110	+	16996560	NA	NA	NA	1	1	0.0
chr11	62619459	62620153	noncoding_exonic_19018	+	62619461	NA	NA	NA	31	3	1.07763181216
chr11	62619459	62620153	noncoding_exonic_19018	+	62619511	NA	AATAAA	31	1	1	0.0
chr11	62619459	62620153	noncoding_exonic_19018	+	62619868	NA	NA	NA	1	1	0.0
chr3	149181995	149182617	noncoding_exonic_58580	+	149182287	NA	NA	NA	1	1	0.0
chr1	23381654	23381911	noncoding_exonic_1616	+	23381656	NA	NA	NA	5	2	1.26491106407
chr1	11085166	11085548	noncoding_exonic_877	+	11085547	NA	AATAAA GATAAA	17 13	1	1	0.0
chr5	31467565	31468045	noncoding_exonic_66986	+	31468045	NA	NA	NA	1	1	0.0
chrX	70182813	70183140	noncoding_exonic_95525	+	70182939	NA	NA	NA	6	2	2.82842712475
chr1	54649938	54651853	noncoding_exonic_3567	+	54651827	NA	AATACA	17	2	1	0.0
chr2	74375824	74377188	noncoding_exonic_40666	+	74376183	NA	AATAAA	20	1	1	0.0
chr20	17927850	17928129	noncoding_exonic_47398	+	17927850	NA	NA	NA	3	1	0.0
chr5	172402513	172403377	noncoding_exonic_71724	+	172402733	NA	ATTAAA TTTAAA TTTAAA	24 14 20	1	1	0.0
chr11	16770660	16774331	noncoding_exonic_17093	+	16773048	NA	NA	NA	1	1	0.0
chr2	85785785	85786039	noncoding_exonic_41026	+	85785843	NA	AAGAAA CATAAA	6 32	1	1	0.0
chr8	28921480	28921692	noncoding_exonic_85296	+	28921480	NA	NA	NA	1	1	0.0
chr8	28916369	28921398	noncoding_exonic_85295	+	28919354	NA	NA	NA	1	1	0.0
chr7	647501	648119	noncoding_exonic_77327	+	648116	NA	CATAAA	21	2	1	0.0
chr7	756255	756483	noncoding_exonic_77329	+	756256	NA	NA	NA	1	1	0.0
chr5	64856796	64857289	noncoding_exonic_67876	+	64857222	NA	GATAAA	18	1	1	0.0
chr9	14921334	14922332	noncoding_exonic_89766	+	14922165	NA	NA	NA	4	1	0.0
chr11	74456760	74457159	noncoding_exonic_20271	+	74456770	NA	NA	NA	1	1	0.0
chr5	1628869	1629745	noncoding_exonic_66281	+	1628869	NA	NA	NA	2	1	0.0
chr16	31718211	31718758	noncoding_exonic_32607	+	31718221	NA	NA	NA	1	1	0.0
chr12	120650383	120650941	noncoding_exonic_25635	+	120650572	NA	AATAAA ATTAAA AATAAA AATGAA	21 17 20 31	31	3	1.19136679436
chr12	120719939	120720632	noncoding_exonic_25639	+	120720352	NA	NA	NA	1	1	0.0
chr12	120719939	120720632	noncoding_exonic_25639	+	120720429	NA	NA	NA	2	1	0.0
chrX	69157015	69157867	noncoding_exonic_95484	+	69157230	NA	NA	NA	3	2	1.15470053838
chrX	69157015	69157867	noncoding_exonic_95484	+	69157301	NA	CATAAA	26	6	1	0.0
chr9	31253898	31254775	noncoding_exonic_90054	+	31254612	NA	NA	NA	1	1	0.0
chr11	5263183	5263477	noncoding_exonic_16468	+	5263188	NA	NA	NA	3	2	1.41421356237
chr11	5264335	5264558	noncoding_exonic_16469	+	5264497	NA	NA	NA	1	1	0.0
chr9	137328865	137332431	noncoding_exonic_93503	+	137329111	NA	NA	NA	1	1	0.0
chr9	137328865	137332431	noncoding_exonic_93503	+	137332431	NA	AATACA TTTAAA TTTAAA	17 12 21	1	1	0.0
chr19	50191704	50192286	noncoding_exonic_37465	+	50191705	NA	NA	NA	25	2	0.282842712475
chr19	50222754	50223338	noncoding_exonic_37466	+	50223294	NA	NA	NA	2	2	0.707106781187
chr2	65432136	65433396	noncoding_exonic_40237	+	65432791	NA	NA	NA	1	1	0.0
chr7	16308481	16310229	noncoding_exonic_77944	+	16310229	NA	AATAAA	20	1	1	0.0
chr3	159818477	159820661	noncoding_exonic_58988	+	159820040	NA	AGTAAA	28	3	1	0.0
chr3	159818477	159820661	noncoding_exonic_58988	+	159820109	NA	NA	NA	1	1	0.0
chr7	102628821	102629303	noncoding_exonic_81726	+	102629297	NA	AATAAA	16	5	3	3.34664010614
chrY	5205785	5207005	noncoding_exonic_97608	+	5205909	NA	NA	NA	13	2	0.832050294338
chrY	21154138	21154595	noncoding_exonic_98386	+	21154217	NA	NA	NA	1	1	0.0
chrY	21154138	21154595	noncoding_exonic_98386	+	21154583	NA	NA	NA	2	2	1.58113883008
chr7	7948930	7950080	noncoding_exonic_77776	+	7949934	NA	NA	NA	1	1	0.0
chr6	10460138	10460774	noncoding_exonic_72699	+	10460571	NA	NA	NA	2	1	0.0
chr7	155094127	155094456	noncoding_exonic_83793	+	155094251	NA	AATAAA TATAAA	34 23	1	1	0.0
chr5	141703747	141703982	noncoding_exonic_70696	+	141703970	NA	NA	NA	1	1	0.0
chr4	113277290	113280900	noncoding_exonic_64072	+	113278457	NA	NA	NA	1	1	0.0
chr7	107383246	107383848	noncoding_exonic_81937	+	107383254	NA	NA	NA	1	1	0.0
chr13	69559189	69560196	noncoding_exonic_27976	+	69559403	NA	CATAAA	23	1	1	0.0
chr15	22440222	22440846	noncoding_exonic_30291	+	22440435	NA	AAGAAA	27	2	2	2.0
chr22	25856833	25857636	noncoding_exonic_52034	+	25857190	NA	AATAAA AAGAAA	19 0	1	1	0.0
chr7	38415157	38418238	noncoding_exonic_78818	+	38415634	NA	NA	NA	2	2	13.0
chr7	38415157	38418238	noncoding_exonic_78818	+	38416401	NA	AAGAAA AAGAAA	11 23	1	1	0.0
chr7	38415157	38418238	noncoding_exonic_78818	+	38416710	NA	NA	NA	11	1	0.0
chr7	38415157	38418238	noncoding_exonic_78818	+	38417121	NA	NA	NA	1	1	0.0
chr17	5017452	5017672	noncoding_exonic_33245	+	5017671	NA	AATAAA	21	8	2	0.935414346693
chr4	11373598	11374745	noncoding_exonic_61259	+	11374031	NA	NA	NA	1	1	0.0
chr19	14181209	14182052	noncoding_exonic_36621	+	14181209	NA	NA	NA	3	1	0.0
chr4	53608718	53612110	noncoding_exonic_62254	+	53609693	NA	NA	NA	1	1	0.0
chr4	53579660	53580304	noncoding_exonic_62250	+	53579890	NA	NA	NA	1	1	0.0
chr4	53579660	53580304	noncoding_exonic_62250	+	53579997	NA	NA	NA	1	1	0.0
chr4	53579660	53580304	noncoding_exonic_62250	+	53580167	NA	AATATA	16	5	3	2.0
chr4	53579660	53580304	noncoding_exonic_62250	+	53580304	NA	AATAAA	20	25	1	0.0
chr4	53586034	53586998	noncoding_exonic_62252	+	53586148	NA	AATGAA	27	1	1	0.0
chr4	53586034	53586998	noncoding_exonic_62252	+	53586498	NA	NA	NA	4	2	5.19615242271
chr3	128220451	128221191	noncoding_exonic_57713	+	128220793	NA	AATAAA	32	1	1	0.0
chr12	133402286	133402772	noncoding_exonic_26369	+	133402286	NA	NA	NA	8	2	1.06066017178
chr12	133402286	133402772	noncoding_exonic_26369	+	133402412	NA	NA	NA	1	1	0.0
chr12	133402286	133402772	noncoding_exonic_26369	+	133402556	NA	NA	NA	1	1	0.0
chr11	573800	574771	noncoding_exonic_15992	+	573809	NA	NA	NA	1	1	0.0
chr11	581606	581961	noncoding_exonic_15994	+	581732	NA	NA	NA	1	1	0.0
chr11	118985075	118986734	noncoding_exonic_21954	+	118985348	NA	AAGAAA	33	1	1	0.0
chr22	28381679	28382380	noncoding_exonic_52173	+	28382380	NA	ATTAAA TATAAA TATAAA AAGAAA	14 31 4 8	1	1	0.0
chr6	170107123	170110331	noncoding_exonic_77243	+	170107132	NA	NA	NA	1	1	0.0
chr15	93254976	93256105	noncoding_exonic_31547	+	93255179	NA	GATAAA	24	1	1	0.0
chr17	48211103	48212749	noncoding_exonic_35062	+	48211103	NA	NA	NA	6	2	0.57735026919
chr3	152557178	152559228	noncoding_exonic_58727	+	152559228	NA	AATAAA	20	2	1	0.0
chrM	576	3304	noncoding_exonic_93870	+	1027	NA	AATAGA	28	5	2	10.7796103826
chrM	576	3304	noncoding_exonic_93870	+	1234	NA	GATAAA	24	1	1	0.0
chrM	576	3304	noncoding_exonic_93870	+	1318	NA	NA	NA	3	2	0.816496580928
chrM	576	3304	noncoding_exonic_93870	+	1482	NA	NA	NA	1	1	0.0
chrM	576	3304	noncoding_exonic_93870	+	1690	NA	NA	NA	5	5	7.12741187248
chrM	576	3304	noncoding_exonic_93870	+	1798	NA	AATAGA	15	3	3	5.47722557505
chrM	576	3304	noncoding_exonic_93870	+	1963	NA	NA	NA	1	1	0.0
chrM	576	3304	noncoding_exonic_93870	+	2167	NA	AGTAAA	22	6	4	11.5758369028
chrM	576	3304	noncoding_exonic_93870	+	2229	NA	AAGAAA	7	12	6	11.430952133
chrM	576	3304	noncoding_exonic_93870	+	2285	NA	NA	NA	3	3	8.60232526704
chrM	576	3304	noncoding_exonic_93870	+	2340	NA	NA	NA	6	5	11.7402441769
chrM	576	3304	noncoding_exonic_93870	+	2394	NA	NA	NA	9	5	3.88730126323
chrM	576	3304	noncoding_exonic_93870	+	2457	NA	NA	NA	27	3	3.23751161874
chrM	576	3304	noncoding_exonic_93870	+	2500	NA	AGTAAA	4	2	2	6.0
chrM	576	3304	noncoding_exonic_93870	+	2555	NA	NA	NA	5	4	11.949895397
chrM	576	3304	noncoding_exonic_93870	+	2591	NA	NA	NA	1	1	0.0
chrM	576	3304	noncoding_exonic_93870	+	2648	NA	NA	NA	19	14	8.9059412458
chrM	576	3304	noncoding_exonic_93870	+	2687	NA	NA	NA	45	15	6.92178525462
chrM	576	3304	noncoding_exonic_93870	+	2756	NA	AATAAA ATTAAA	7 12	27	14	12.7946748182
chrM	576	3304	noncoding_exonic_93870	+	2790	NA	NA	NA	11	7	5.67290209521
chrM	576	3304	noncoding_exonic_93870	+	2826	NA	ATTAAA	13	15	12	9.04802004124
chrM	576	3304	noncoding_exonic_93870	+	2853	NA	NA	NA	4	3	6.18465843843
chrM	576	3304	noncoding_exonic_93870	+	2920	NA	NA	NA	14	8	12.0504890239
chrM	576	3304	noncoding_exonic_93870	+	2951	NA	NA	NA	4	4	5.22015325446
chrM	576	3304	noncoding_exonic_93870	+	3043	NA	ATTAAA	23	12	3	10.7160316038
chrM	576	3304	noncoding_exonic_93870	+	3102	NA	NA	NA	8	4	14.4654761415
chrM	576	3304	noncoding_exonic_93870	+	3129	NA	NA	NA	45	4	2.38979311052
chrM	576	3304	noncoding_exonic_93870	+	3176	NA	NA	NA	10	9	8.71779788708
chrM	576	3304	noncoding_exonic_93870	+	3233	NA	NA	NA	266	12	4.76949895699
chrM	576	3304	noncoding_exonic_93870	+	693	NA	AATAGA	17	3	3	8.2259751195
chrM	576	3304	noncoding_exonic_93870	+	830	NA	NA	NA	1	1	0.0
chrM	576	3304	noncoding_exonic_93870	+	940	NA	AATAGA	24	2	2	5.0
chrM	576	3304	noncoding_exonic_93870	+	979	NA	AATAAA	28	3	2	1.15470053838
chr21	48080874	48081711	noncoding_exonic_50824	+	48081182	NA	AATAAA AATATA	19 8	1	1	0.0
chr12	31861503	31861851	noncoding_exonic_24378	+	31861722	NA	AATAGA	27	1	1	0.0
chr1	155238150	155238498	noncoding_exonic_7223	+	155238150	NA	NA	NA	1	1	0.0
chr7	92122443	92123606	noncoding_exonic_81012	+	92123375	NA	AATATA AATACA AAGAAA	5 10 13	1	1	0.0
chr1	245008359	245008646	noncoding_exonic_11013	+	245008365	NA	NA	NA	1	1	0.0
chr1	245008359	245008646	noncoding_exonic_11013	+	245008414	NA	AATGAA	19	2	1	0.0
chr4	177241370	177243320	noncoding_exonic_65749	+	177241370	NA	NA	NA	4	2	0.707106781187
chr11	118898337	118901616	noncoding_exonic_21904	+	118901506	NA	NA	NA	1	1	0.0
chr11	118890963	118892469	noncoding_exonic_21900	+	118891151	NA	NA	NA	1	1	0.0
chr11	118890963	118892469	noncoding_exonic_21900	+	118891434	NA	NA	NA	1	1	0.0
chr11	118894844	118895566	noncoding_exonic_21902	+	118895066	NA	AATGAA	19	10	1	0.0
chr11	118894844	118895566	noncoding_exonic_21902	+	118895284	NA	NA	NA	1	1	0.0
chr13	99848695	99850056	noncoding_exonic_28447	+	99849817	NA	NA	NA	2	1	0.0
chr1	163288627	163289081	noncoding_exonic_7926	+	163288917	NA	NA	NA	2	1	0.0
chr7	97595401	97596335	noncoding_exonic_81194	+	97595722	NA	AAGAAA	21	1	1	0.0
chr7	97595401	97596335	noncoding_exonic_81194	+	97595912	NA	NA	NA	6	4	8.99073597284
chr12	753124	755044	noncoding_exonic_22701	+	755043	NA	ATTAAA	14	2	1	0.0
chr6	141167094	141167441	noncoding_exonic_76496	+	141167097	NA	NA	NA	14	2	1.0
chr5	145518333	145518571	noncoding_exonic_70799	+	145518571	NA	NA	NA	1	1	0.0
chrX	56755676	56756022	noncoding_exonic_95345	+	56756010	NA	AATAAA	26	1	1	0.0
chr4	8478281	8481260	noncoding_exonic_61115	+	8478282	NA	NA	NA	4	1	0.0
chr22	38884535	38888056	noncoding_exonic_52855	+	38886054	NA	NA	NA	1	1	0.0
chr22	38884535	38888056	noncoding_exonic_52855	+	38887348	NA	AATACA	17	1	1	0.0
chr22	38884535	38888056	noncoding_exonic_52855	+	38887847	NA	NA	NA	3	1	0.0
chr9	97055351	97058128	noncoding_exonic_92012	+	97057240	NA	AATAAA AATAAA	5 16	1	1	0.0
chr9	97055351	97058128	noncoding_exonic_92012	+	97058127	NA	AATAAA TATAAA AATATA	17 13 11	2	1	0.0
chr1	3739339	3739737	noncoding_exonic_540	+	3739346	NA	NA	NA	2	1	0.0
chr22	20753980	20754921	noncoding_exonic_51357	+	20754921	NA	NA	NA	1	1	0.0
chr6	80774001	80777854	noncoding_exonic_75154	+	80776696	NA	NA	NA	1	1	0.0
chr7	105222704	105223703	noncoding_exonic_81849	+	105222704	NA	NA	NA	10	1	0.0
chr1	11907840	11908136	noncoding_exonic_944	+	11908136	NA	AGTAAA	13	1	1	0.0
chr2	85829978	85830319	noncoding_exonic_41036	+	85830137	NA	NA	NA	1	1	0.0
chr13	25459808	25460217	noncoding_exonic_26824	+	25459957	NA	AGTAAA AAGAAA	6 10	1	1	0.0
chr7	153108666	153111048	noncoding_exonic_83749	+	153110209	NA	NA	NA	1	1	0.0
chr7	153108666	153111048	noncoding_exonic_83749	+	153110941	NA	NA	NA	1	1	0.0
chr7	153097004	153097631	noncoding_exonic_83745	+	153097004	NA	NA	NA	11	2	0.852802865422
chr7	152507826	152511634	noncoding_exonic_83743	+	152511631	NA	AATATA ACTAAA AAGAAA	19 15 1	7	1	0.0
chr1	1551994	1552787	noncoding_exonic_330	+	1552701	NA	AATAAA	10	6	1	0.0
chr6	31170148	31171745	noncoding_exonic_73542	+	31171745	NA	AATAAA	19	6	1	0.0
chr12	25956136	25957460	noncoding_exonic_24149	+	25956405	NA	NA	NA	2	1	0.0
chr12	110880448	110880872	noncoding_exonic_25438	+	110880695	NA	AAGAAA	7	1	1	0.0
chr2	215711851	215712169	noncoding_exonic_45586	+	215712169	NA	NA	NA	1	1	0.0
chr20	21224882	21227260	noncoding_exonic_47561	+	21227257	NA	AATAAA TTTAAA TTTAAA	18 27 7	1	1	0.0
chr8	92080138	92082050	noncoding_exonic_87401	+	92080838	NA	NA	NA	1	1	0.0
chr2	85133795	85134132	noncoding_exonic_40963	+	85133799	NA	NA	NA	19	3	1.23544153624
chr10	70951522	70953019	noncoding_exonic_13460	+	70951635	NA	NA	NA	1	1	0.0
chr10	70951522	70953019	noncoding_exonic_13460	+	70951923	NA	NA	NA	1	1	0.0
chrX	149282608	149284751	noncoding_exonic_97090	+	149283119	NA	AATAAA ATTAAA	5 12	1	1	0.0
chrX	149282608	149284751	noncoding_exonic_97090	+	149283758	NA	NA	NA	6	1	0.0
chrX	149282608	149284751	noncoding_exonic_97090	+	149283829	NA	AATGAA	25	4	1	0.0
chrX	149282608	149284751	noncoding_exonic_97090	+	149284558	NA	NA	NA	1	1	0.0
chrX	149399290	149401116	noncoding_exonic_97096	+	149399843	NA	NA	NA	1	1	0.0
chrX	149399290	149401116	noncoding_exonic_97096	+	149400810	NA	AATGAA	30	1	1	0.0
chr19	2980180	2980405	noncoding_exonic_36319	+	2980405	NA	ATTAAA	14	1	1	0.0
chr8	91399794	91400373	noncoding_exonic_87362	+	91400206	NA	TATAAA	16	1	1	0.0
chr11	127810828	127811552	noncoding_exonic_22398	+	127811441	NA	AATAAA	2	8	4	6.67083203206
chr1	1254002	1254451	noncoding_exonic_274	+	1254077	NA	ATTAAA GATAAA	4 26	2	1	0.0
chr1	1252960	1253279	noncoding_exonic_273	+	1253257	NA	AATAAA AGTAAA	21 1	1	1	0.0
chr13	115087537	115087916	noncoding_exonic_28877	+	115087866	NA	AATAAA	18	5	2	3.0
chr10	30692125	30692705	noncoding_exonic_12206	+	30692575	NA	AGTAAA	8	1	1	0.0
chr9	130873449	130874928	noncoding_exonic_93081	+	130873473	NA	NA	NA	1	1	0.0
chr2	157193083	157198172	noncoding_exonic_43719	+	157197950	NA	NA	NA	1	1	0.0
chr7	64464046	64465572	noncoding_exonic_79735	+	64464376	NA	NA	NA	1	1	0.0
chr5	134793993	134794387	noncoding_exonic_70279	+	134794387	NA	ATTAAA	16	2	1	0.0
chr4	68528933	68529602	noncoding_exonic_62623	+	68529602	NA	AATAAA	2	4	1	0.0
chr5	44816544	44820530	noncoding_exonic_67478	+	44818750	NA	TATAAA	19	1	1	0.0
chr17	48183433	48183732	noncoding_exonic_35054	+	48183620	NA	AATAAA AAGAAA	16 9	1	1	0.0
chr3	191307691	191308145	noncoding_exonic_60123	+	191307895	NA	AATAAA GATAAA AATAGA	19 25 4	5	1	0.0
chr9	132264675	132265418	noncoding_exonic_93243	+	132264881	NA	NA	NA	1	1	0.0
chr9	132264675	132265418	noncoding_exonic_93243	+	132264941	NA	NA	NA	1	1	0.0
chr9	132265601	132267360	noncoding_exonic_93244	+	132266208	NA	NA	NA	4	1	0.0
chr9	132265601	132267360	noncoding_exonic_93244	+	132267360	NA	NA	NA	2	1	0.0
chr13	20245126	20245345	noncoding_exonic_26598	+	20245258	NA	AATAAA AATAAA	22 29	2	1	0.0
chr1	165877607	165880855	noncoding_exonic_8032	+	165877736	NA	NA	NA	1	1	0.0
chr1	165877607	165880855	noncoding_exonic_8032	+	165880855	NA	AATAAA	19	4	1	0.0
chr11	2017743	2019105	noncoding_exonic_16217	+	2017816	NA	NA	NA	1	1	0.0
chr11	2017743	2019105	noncoding_exonic_16217	+	2017862	NA	NA	NA	1	1	0.0
chr11	2017743	2019105	noncoding_exonic_16217	+	2018152	NA	NA	NA	1	1	0.0
chr11	2017743	2019105	noncoding_exonic_16217	+	2018391	NA	NA	NA	1	1	0.0
chr11	2016405	2017421	noncoding_exonic_16215	+	2016408	NA	NA	NA	550	2	0.0426401432711
chr11	2016405	2017421	noncoding_exonic_16215	+	2016465	NA	NA	NA	2	2	6.0
chr11	2016405	2017421	noncoding_exonic_16215	+	2016728	NA	ATTAAA	26	9	6	11.1952370825
chr11	2016405	2017421	noncoding_exonic_16215	+	2016769	NA	NA	NA	13	3	0.960768922831
chr11	2016405	2017421	noncoding_exonic_16215	+	2016796	NA	NA	NA	1	1	0.0
chr11	2016405	2017421	noncoding_exonic_16215	+	2017200	NA	NA	NA	2	2	9.0
chr11	2016405	2017421	noncoding_exonic_16215	+	2017313	NA	NA	NA	14	1	0.0
chr11	2016405	2017421	noncoding_exonic_16215	+	2017381	NA	AGTAAA AAGAAA	29 33	271	3	1.00184331954
chr13	41809251	41810822	noncoding_exonic_27319	+	41810254	NA	NA	NA	1	1	0.0
chr19	58768638	58769351	noncoding_exonic_37901	+	58768642	NA	NA	NA	3	2	1.41421356237
chr10	65928714	65930611	noncoding_exonic_13361	+	65929749	NA	AAGAAA	6	1	1	0.0
chr10	65928714	65930611	noncoding_exonic_13361	+	65930550	NA	AATGAA	2	5	2	2.86356421266
chrX	49090414	49090960	noncoding_exonic_95004	+	49090612	NA	NA	NA	2	2	18.5067555233
chr19	58826113	58827023	noncoding_exonic_37907	+	58826151	NA	NA	NA	23	2	3.59951687579
chr19	58826113	58827023	noncoding_exonic_37907	+	58826180	NA	AATAAA	2	1	1	0.0
chr19	58826113	58827023	noncoding_exonic_37907	+	58826567	NA	NA	NA	3	3	2.51661147842
chrX	46405900	46407671	noncoding_exonic_94753	+	46407666	NA	AATAAA	21	3	2	1.91485421551
chr1	77165473	77166223	noncoding_exonic_4264	+	77165908	NA	NA	NA	1	1	0.0
chr3	47857618	47858462	noncoding_exonic_55279	+	47857670	NA	AATAAA TATAAA AAGAAA	19 14 25	2	1	0.0
chr8	82613568	82613956	noncoding_exonic_87138	+	82613578	NA	NA	NA	1	1	0.0
chr6	42924082	42924503	noncoding_exonic_74365	+	42924267	NA	AAGAAA	5	3	3	2.64575131106
chr6	42924082	42924503	noncoding_exonic_74365	+	42924495	NA	NA	NA	7	3	5.94017796751
chr4	23042312	23043141	noncoding_exonic_61548	+	23043141	NA	NA	NA	1	1	0.0
chr7	107582843	107583064	noncoding_exonic_81960	+	107582883	NA	AATACA AATGAA	1 29	1	1	0.0
chr2	114023052	114024587	noncoding_exonic_42504	+	114023240	NA	NA	NA	4	1	0.0
chr2	114023052	114024587	noncoding_exonic_42504	+	114023645	NA	NA	NA	1	1	0.0
chr2	114023052	114024587	noncoding_exonic_42504	+	114024582	NA	AATACA	17	1	1	0.0
chr5	75672499	75672974	noncoding_exonic_68419	+	75672630	NA	NA	NA	1	1	0.0
chrX	71475528	71475904	noncoding_exonic_95631	+	71475528	NA	NA	NA	1	1	0.0
chr8	43125340	43127105	noncoding_exonic_85911	+	43126863	NA	AATGAA	23	2	2	0.707106781187
chr13	114240280	114240498	noncoding_exonic_28831	+	114240473	NA	AATAAA TTTAAA TTTAAA	23 19 15	2	1	0.0
chr11	125494767	125495035	noncoding_exonic_22312	+	125495035	NA	AGTAAA	28	1	1	0.0
chr4	74951711	74952389	noncoding_exonic_62938	+	74951945	NA	AAGAAA	19	1	1	0.0
chr5	36875772	36876759	noncoding_exonic_67187	+	36875787	NA	NA	NA	1	1	0.0
chr5	36875772	36876759	noncoding_exonic_67187	+	36876371	NA	NA	NA	1	1	0.0
chr10	42989451	42990784	noncoding_exonic_12530	+	42989979	NA	NA	NA	1	1	0.0
chr10	43062124	43062931	noncoding_exonic_12536	+	43062824	NA	NA	NA	1	1	0.0
chrX	36980268	36981498	noncoding_exonic_94528	+	36981016	NA	NA	NA	2	1	0.0
chrX	36980268	36981498	noncoding_exonic_94528	+	36981085	NA	NA	NA	1	1	0.0
chr3	14984290	14987661	noncoding_exonic_54178	+	14984292	NA	NA	NA	7	1	0.0
chr3	14984290	14987661	noncoding_exonic_54178	+	14984777	NA	NA	NA	1	1	0.0
chr3	14984290	14987661	noncoding_exonic_54178	+	14985681	NA	AAGAAA	0	2	2	16.5075740192
chr3	14984290	14987661	noncoding_exonic_54178	+	14985927	NA	ATTAAA TATAAA AAGAAA AATGAA	1 25 10 5	2	1	0.0
chr3	14984290	14987661	noncoding_exonic_54178	+	14986256	NA	NA	NA	1	1	0.0
chr3	14984290	14987661	noncoding_exonic_54178	+	14986493	NA	AATAGA	1	1	1	0.0
chr3	14984290	14987661	noncoding_exonic_54178	+	14986837	NA	NA	NA	1	1	0.0
chr8	109213444	109213971	noncoding_exonic_88050	+	109213569	NA	AATGAA AATACA	6 1	1	1	0.0
chr8	144448800	144450718	noncoding_exonic_89014	+	144448806	NA	NA	NA	1	1	0.0
chr10	104215093	104216054	noncoding_exonic_14856	+	104216050	NA	AATAAA AAGAAA	15 10	2	1	0.0
chr4	170563858	170564319	noncoding_exonic_65571	+	170564266	NA	AAGAAA AATATA	2 26	1	1	0.0
chr3	183013933	183014763	noncoding_exonic_59647	+	183014401	NA	NA	NA	3	2	1.15470053838
chr22	21357183	21357561	noncoding_exonic_51476	+	21357553	NA	ATTAAA	10	2	1	0.0
chr3	194310496	194310989	noncoding_exonic_60248	+	194310988	NA	AATAAA AGTAAA	5 4	1	1	0.0
chr9	139006426	139008870	noncoding_exonic_93588	+	139006434	NA	NA	NA	54	6	1.85592145428
chr10	79799355	79799958	noncoding_exonic_13873	+	79799958	NA	NA	NA	1	1	0.0
chr3	46434315	46434543	noncoding_exonic_55188	+	46434482	NA	NA	NA	1	1	0.0
chr16	3178836	3179654	noncoding_exonic_31915	+	3178837	NA	NA	NA	1	1	0.0
chr4	141445815	141446573	noncoding_exonic_64794	+	141445815	NA	NA	NA	3	1	0.0
chr17	47013064	47013492	noncoding_exonic_34933	+	47013460	NA	NA	NA	1	1	0.0
chr12	80496678	80497113	noncoding_exonic_25141	+	80497113	NA	ATTAAA	28	2	1	0.0
chr11	76152381	76152683	noncoding_exonic_20391	+	76152389	NA	NA	NA	1	1	0.0
chr22	26890270	26890585	noncoding_exonic_52083	+	26890585	NA	AATAAA GATAAA	15 6	2	1	0.0
chr11	43465759	43466055	noncoding_exonic_17895	+	43465759	NA	NA	NA	10	1	0.0
chrX	33059511	33059838	noncoding_exonic_94492	+	33059511	NA	NA	NA	2	1	0.0
chrX	33059511	33059838	noncoding_exonic_94492	+	33059609	NA	AATAAA	3	1	1	0.0
chr19	55208990	55209293	noncoding_exonic_37796	+	55209035	NA	NA	NA	1	1	0.0
chr8	130228727	130229652	noncoding_exonic_88610	+	130228727	NA	NA	NA	2	1	0.0
chr19	17523905	17524114	noncoding_exonic_36677	+	17523905	NA	NA	NA	1	1	0.0
chr12	2927519	2927826	noncoding_exonic_22808	+	2927826	NA	AATAGA	0	1	1	0.0
chr12	123736574	123737089	noncoding_exonic_25905	+	123736979	NA	NA	NA	1	1	0.0
chr2	222826455	222828484	noncoding_exonic_46075	+	222826701	NA	NA	NA	1	1	0.0
chr2	222826455	222828484	noncoding_exonic_46075	+	222827339	NA	NA	NA	1	1	0.0
chr8	70855182	70855824	noncoding_exonic_86755	+	70855824	NA	NA	NA	1	1	0.0
chr8	143381476	143381846	noncoding_exonic_88943	+	143381476	NA	NA	NA	1	1	0.0
chr8	4644853	4646106	noncoding_exonic_84067	+	4645100	NA	AATGAA	5	1	1	0.0
chr8	4644853	4646106	noncoding_exonic_84067	+	4645365	NA	AATATA	14	1	1	0.0
chr8	4644853	4646106	noncoding_exonic_84067	+	4645434	NA	NA	NA	7	1	0.0
chr8	144823267	144828507	noncoding_exonic_89097	+	144828507	NA	AATAAA AATAGA	22 3	1	1	0.0
chr8	29885228	29886416	noncoding_exonic_85338	+	29886186	NA	NA	NA	1	1	0.0
chr8	29885228	29886416	noncoding_exonic_85338	+	29886264	NA	AATAAA	25	1	1	0.0
chr21	46716116	46717269	noncoding_exonic_50696	+	46716796	NA	AATAAA AATAAA	14 12	1	1	0.0
chr4	1192815	1193479	noncoding_exonic_60718	+	1192818	NA	NA	NA	4	2	1.0
chr8	64081111	64081460	noncoding_exonic_86511	+	64081269	NA	NA	NA	1	1	0.0
chr7	8007329	8007651	noncoding_exonic_77780	+	8007650	NA	AATAAA AATGAA	18 26	1	1	0.0
chr11	27910384	27912580	noncoding_exonic_17464	+	27912032	NA	NA	NA	43	2	3.35150087864
chr11	27910384	27912580	noncoding_exonic_17464	+	27912102	NA	NA	NA	2	1	0.0
chr10	72642036	72642242	noncoding_exonic_13557	+	72642040	NA	NA	NA	1	1	0.0
chr8	67955552	67958044	noncoding_exonic_86656	+	67956463	NA	TTTAAA TTTAAA	28 6	1	1	0.0
chrX	91368243	91369460	noncoding_exonic_95906	+	91368696	NA	NA	NA	1	1	0.0
chr3	142545937	142546570	noncoding_exonic_58350	+	142546472	NA	AATACA	10	2	1	0.0
chr7	111968243	111968453	noncoding_exonic_82028	+	111968322	NA	AATATA AATATA	20 12	3	1	0.0
chr8	144900704	144901207	noncoding_exonic_89111	+	144900831	NA	NA	NA	1	1	0.0
chr17	78390739	78390945	noncoding_exonic_35716	+	78390944	NA	NA	NA	5	1	0.0
chr4	66439176	66440046	noncoding_exonic_62590	+	66439418	NA	NA	NA	1	1	0.0
chr4	66439176	66440046	noncoding_exonic_62590	+	66439564	NA	NA	NA	1	1	0.0
chr12	125267357	125270258	noncoding_exonic_25992	+	125268338	NA	AAGAAA	31	2	1	0.0
chr11	7689792	7690435	noncoding_exonic_16639	+	7690435	NA	NA	NA	1	1	0.0
chr14	104029507	104029720	noncoding_exonic_30032	+	104029720	NA	NA	NA	1	1	0.0
chr14	104146165	104147812	noncoding_exonic_30037	+	104147259	NA	GATAAA	29	1	1	0.0
chr5	81573671	81573962	noncoding_exonic_68695	+	81573675	NA	NA	NA	2	1	0.0
chr19	53945048	53947923	noncoding_exonic_37563	+	53946457	NA	NA	NA	2	1	0.0
chr19	53945048	53947923	noncoding_exonic_37563	+	53947923	NA	NA	NA	7	1	0.0
chr7	143076784	143077202	noncoding_exonic_83209	+	143076786	NA	NA	NA	3	1	0.0
chr17	21142182	21146742	noncoding_exonic_34057	+	21142189	NA	NA	NA	1	1	0.0
chr11	124134839	124135763	noncoding_exonic_22199	+	124134881	NA	AATAAA	15	1	1	0.0
chr2	47558198	47571656	noncoding_exonic_39694	+	47559017	NA	ATTAAA	34	1	1	0.0
chr22	38622386	38622785	noncoding_exonic_52823	+	38622558	NA	NA	NA	1	1	0.0
chr3	17913220	17914090	noncoding_exonic_54284	+	17913872	NA	AAGAAA	5	1	1	0.0
chr11	46450162	46450700	noncoding_exonic_18111	+	46450287	NA	NA	NA	1	1	0.0
chr3	37176148	37176593	noncoding_exonic_54756	+	37176313	NA	AATACA	16	3	1	0.0
chr5	34950548	34952848	noncoding_exonic_67139	+	34951709	NA	NA	NA	1	1	0.0
chr5	34950548	34952848	noncoding_exonic_67139	+	34952295	NA	AATAAA TTTAAA TTTAAA	15 8 26	4	2	0.866025403784
chrX	53295510	53296246	noncoding_exonic_95247	+	53295510	NA	NA	NA	4	1	0.0
chr5	180667956	180668418	noncoding_exonic_72391	+	180668065	NA	NA	NA	1	1	0.0
chr7	63894207	63894970	noncoding_exonic_79705	+	63894783	NA	AATACA	1	3	1	0.0
chr5	111497399	111498317	noncoding_exonic_69472	+	111498004	NA	AATAAA AATATA AATATA	22 26 6	1	1	0.0
chr1	65893464	65893692	noncoding_exonic_3978	+	65893692	NA	AATAAA AATAAA	17 7	2	1	0.0
chr10	98510044	98510675	noncoding_exonic_14571	+	98510046	NA	NA	NA	15	4	0.856348838578
chr10	98510044	98510675	noncoding_exonic_14571	+	98510103	NA	NA	NA	2	2	6.5192024052
chr10	98510044	98510675	noncoding_exonic_14571	+	98510243	NA	NA	NA	1	1	0.0
chr6	30709110	30709390	noncoding_exonic_73468	+	30709389	NA	NA	NA	8	2	0.866025403784
chr2	74645248	74645467	noncoding_exonic_40700	+	74645449	NA	NA	NA	1	1	0.0
chr8	102540950	102541371	noncoding_exonic_87830	+	102541076	NA	NA	NA	1	1	0.0
chr14	73567887	73569899	noncoding_exonic_29614	+	73568155	NA	AAGAAA	31	1	1	0.0
chr4	88812994	88815167	noncoding_exonic_63393	+	88813199	NA	NA	NA	2	1	0.0
chr4	88812994	88815167	noncoding_exonic_63393	+	88813526	NA	NA	NA	1	1	0.0
chr4	88812994	88815167	noncoding_exonic_63393	+	88813648	NA	AATAAA	6	1	1	0.0
chr4	88812994	88815167	noncoding_exonic_63393	+	88814076	NA	NA	NA	2	1	0.0
chr13	52378432	52378937	noncoding_exonic_27725	+	52378634	NA	AATAAA	16	2	1	0.0
chr2	12271431	12271711	noncoding_exonic_38443	+	12271711	NA	AATAAA AAGAAA	18 4	2	1	0.0
chr1	568914	570302	noncoding_exonic_103	+	569911	NA	NA	NA	2	1	0.0
chr1	566453	568067	noncoding_exonic_100	+	567242	NA	NA	NA	1	1	0.0
chr12	100402829	100403616	noncoding_exonic_25246	+	100403300	NA	NA	NA	2	2	8.51469318296
chr1	31191804	31194021	noncoding_exonic_2083	+	31193716	NA	NA	NA	2	1	0.0
chr1	31199089	31199674	noncoding_exonic_2086	+	31199592	NA	AAGAAA	17	2	1	0.0
chr22	42397072	42397970	noncoding_exonic_53099	+	42397892	NA	NA	NA	1	1	0.0
chr20	47905581	47905797	noncoding_exonic_48582	+	47905794	NA	AATAAA AAGAAA CATAAA TTTAAA TTTAAA	21 16 12 31 3	1	1	0.0
chr4	75025805	75027970	noncoding_exonic_62943	+	75025883	NA	TATAAA	25	7	3	10.3371728658
chr4	75025805	75027970	noncoding_exonic_62943	+	75026183	NA	NA	NA	1	1	0.0
chr4	75025805	75027970	noncoding_exonic_62943	+	75027970	NA	ATTAAA	16	2	1	0.0
chr5	114847773	114849391	noncoding_exonic_69572	+	114848930	NA	NA	NA	11	2	1.70560573084
chr4	164853677	164854334	noncoding_exonic_65448	+	164854195	NA	NA	NA	1	1	0.0
chr12	120925113	120926474	noncoding_exonic_25651	+	120925324	NA	NA	NA	1	1	0.0
chr2	242740330	242740803	noncoding_exonic_46886	+	242740370	NA	AATAAA ATTAAA	12 5	1	1	0.0
chr2	202275266	202278031	noncoding_exonic_45187	+	202276065	NA	AATAAA CATAAA	20 26	2	1	0.0
chr1	155142333	155145040	noncoding_exonic_7167	+	155144275	NA	NA	NA	1	1	0.0
chr22	20927964	20929399	noncoding_exonic_51379	+	20928597	NA	NA	NA	1	1	0.0
chr5	1332229	1332453	noncoding_exonic_66251	+	1332453	NA	NA	NA	2	1	0.0
chr7	2646959	2647189	noncoding_exonic_77495	+	2647189	NA	AGTAAA	20	3	1	0.0
chr1	28852834	28853108	noncoding_exonic_1988	+	28853057	NA	NA	NA	1	1	0.0
chr1	28852834	28853108	noncoding_exonic_1988	+	28853108	NA	NA	NA	2	1	0.0
chr7	127231759	127232058	noncoding_exonic_82454	+	127231760	NA	NA	NA	2	1	0.0
chr1	28835417	28836588	noncoding_exonic_1984	+	28835438	NA	NA	NA	1	1	0.0
chr1	28835417	28836588	noncoding_exonic_1984	+	28835499	NA	NA	NA	1	1	0.0
chr1	28835417	28836588	noncoding_exonic_1984	+	28835883	NA	NA	NA	1	1	0.0
chr1	28835417	28836588	noncoding_exonic_1984	+	28835997	NA	NA	NA	2	2	0.707106781187
chr1	28835417	28836588	noncoding_exonic_1984	+	28836146	NA	AATAAA ATTAAA AATACA CATAAA	24 19 26 22	515	8	2.99319616814
chr1	28835417	28836588	noncoding_exonic_1984	+	28836169	NA	AATAAA AATGAA	1 8	1	1	0.0
chr1	28836616	28837404	noncoding_exonic_1985	+	28837403	NA	AGTAAA	19	38	1	0.0
chr1	28832862	28834639	noncoding_exonic_1981	+	28833277	NA	AATAAA AAGAAA	0 6	2	2	2.0
chr1	28832862	28834639	noncoding_exonic_1981	+	28833758	NA	NA	NA	3	1	0.0
chr1	28832862	28834639	noncoding_exonic_1981	+	28834134	NA	NA	NA	1	1	0.0
chr8	99055962	99056469	noncoding_exonic_87660	+	99056339	NA	NA	NA	1	1	0.0
chr7	106421095	106421388	noncoding_exonic_81895	+	106421098	NA	NA	NA	1	1	0.0
chr8	124027825	124031434	noncoding_exonic_88336	+	124027825	NA	NA	NA	2	2	0.707106781187
chrX	92477216	92480014	noncoding_exonic_95911	+	92477675	NA	NA	NA	2	1	0.0
chrX	92477216	92480014	noncoding_exonic_95911	+	92479942	NA	AAGAAA AAGAAA	3 30	1	1	0.0
chr14	24695810	24697918	noncoding_exonic_29182	+	24696924	NA	ATTAAA	26	1	1	0.0
chr22	21058598	21058894	noncoding_exonic_51427	+	21058891	NA	AATAAA	21	7	2	1.51185789204
chr2	70451761	70452198	noncoding_exonic_40474	+	70451765	NA	NA	NA	2	1	0.0
chr9	136890966	136893224	noncoding_exonic_93489	+	136891587	NA	NA	NA	1	1	0.0
chr9	136890966	136893224	noncoding_exonic_93489	+	136893221	NA	AATAAA AATACA ATTAAA AAGAAA	19 33 4 26	8	2	1.73205080757
chr2	209112105	209113092	noncoding_exonic_45449	+	209112880	NA	GATAAA	1	1	1	0.0
chr5	159377499	159378505	noncoding_exonic_71361	+	159377589	NA	NA	NA	4	2	1.0
chr6	31500688	31502262	noncoding_exonic_73591	+	31501770	NA	NA	NA	1	1	0.0
chr4	42080342	42080868	noncoding_exonic_62046	+	42080868	NA	TTTAAA TTTAAA	7 26	2	1	0.0
chr1	6947713	6948261	noncoding_exonic_682	+	6948260	NA	AATAAA	21	3	1	0.0
chr3	142895126	142897307	noncoding_exonic_58383	+	142896010	NA	NA	NA	1	1	0.0
chr7	75694271	75694491	noncoding_exonic_80513	+	75694271	NA	NA	NA	6	2	0.912870929175
chr2	182758472	182759422	noncoding_exonic_44610	+	182759422	NA	AATAAA AAGAAA	13 4	1	1	0.0
chr10	6625637	6626261	noncoding_exonic_11522	+	6626261	NA	AATAAA	19	1	1	0.0
chr6	12514341	12515006	noncoding_exonic_72770	+	12514485	NA	GATAAA	31	1	1	0.0
chr20	60778139	60778624	noncoding_exonic_49013	+	60778621	NA	CATAAA TATAAA	19 0	3	2	2.0
chr5	72804509	72805079	noncoding_exonic_68294	+	72804932	NA	AAGAAA	34	1	1	0.0
chr11	112164449	112164839	noncoding_exonic_21520	+	112164731	NA	NA	NA	1	1	0.0
chr4	100001599	100001876	noncoding_exonic_63587	+	100001727	NA	NA	NA	1	1	0.0
chr1	146674870	146676513	noncoding_exonic_6360	+	146675326	NA	GATAAA	24	1	1	0.0
chr1	146674870	146676513	noncoding_exonic_6360	+	146676493	NA	NA	NA	1	1	0.0
chrX	67991164	67992421	noncoding_exonic_95464	+	67991558	NA	AATATA	14	2	1	0.0
chr10	120928854	120930500	noncoding_exonic_15319	+	120930337	NA	NA	NA	1	1	0.0
chr2	170597506	170597894	noncoding_exonic_44078	+	170597845	NA	AATAAA	13	1	1	0.0
chrX	106594884	106596073	noncoding_exonic_96226	+	106595222	NA	NA	NA	1	1	0.0
chr7	75616173	75617128	noncoding_exonic_80497	+	75616303	NA	NA	NA	1	1	0.0
chr8	21924008	21924215	noncoding_exonic_84933	+	21924215	NA	NA	NA	1	1	0.0
chr8	21954020	21954556	noncoding_exonic_84937	+	21954556	NA	NA	NA	1	1	0.0
chr4	127483773	127484285	noncoding_exonic_64438	+	127484090	NA	AAGAAA AATGAA	16 30	5	2	2.82842712475
chr11	71939542	71939759	noncoding_exonic_20082	+	71939759	NA	NA	NA	1	1	0.0
chr3	20019895	20020383	noncoding_exonic_54327	+	20019895	NA	NA	NA	1	1	0.0
chr1	16160559	16163401	noncoding_exonic_1124	+	16160570	NA	NA	NA	1	1	0.0
chr9	135533505	135533745	noncoding_exonic_93402	+	135533505	NA	NA	NA	1	1	0.0
chr9	123613515	123616651	noncoding_exonic_92752	+	123614857	NA	AGTAAA	30	2	1	0.0
chr7	109599274	109600241	noncoding_exonic_81996	+	109599339	NA	NA	NA	1	1	0.0
chr2	27294193	27294641	noncoding_exonic_38916	+	27294521	NA	NA	NA	1	1	0.0
chr5	480080	480999	noncoding_exonic_66178	+	480998	NA	AATAAA TATAAA	14 25	1	1	0.0
chr17	17286690	17287326	noncoding_exonic_33609	+	17287072	NA	NA	NA	1	1	0.0
chr17	17286690	17287326	noncoding_exonic_33609	+	17287245	NA	NA	NA	3	3	6.37704215657
chr17	17286690	17287326	noncoding_exonic_33609	+	17287318	NA	NA	NA	5	2	15.205262247
chr11	118952168	118952688	noncoding_exonic_21929	+	118952661	NA	TATAAA	32	3	1	0.0
chr14	95645835	95646262	noncoding_exonic_29800	+	95646262	NA	AATAAA AATAAA	20 6	2	1	0.0
chr12	13192383	13193613	noncoding_exonic_23784	+	13193613	NA	AATAAA	22	1	1	0.0
chr2	122408043	122409114	noncoding_exonic_42755	+	122409112	NA	ACTAAA	15	1	1	0.0
chr20	33166822	33167197	noncoding_exonic_47965	+	33166931	NA	AAGAAA	28	2	1	0.0
chr22	21362481	21364631	noncoding_exonic_51477	+	21363527	NA	NA	NA	1	1	0.0
chr22	21362481	21364631	noncoding_exonic_51477	+	21363600	NA	NA	NA	1	1	0.0
chr16	30547749	30548465	noncoding_exonic_32536	+	30548465	NA	GATAAA	19	1	1	0.0
chr17	20687957	20689040	noncoding_exonic_34025	+	20688008	NA	NA	NA	1	1	0.0
chr1	192685312	192685783	noncoding_exonic_8971	+	192685312	NA	NA	NA	1	1	0.0
chr2	58478574	58479703	noncoding_exonic_39934	+	58478983	NA	NA	NA	1	1	0.0
chr2	58440633	58440841	noncoding_exonic_39933	+	58440643	NA	NA	NA	1	1	0.0
chr1	3652765	3656951	noncoding_exonic_529	+	3653714	NA	AATGAA	1	1	1	0.0
chr1	3652765	3656951	noncoding_exonic_529	+	3654538	NA	NA	NA	1	1	0.0
chr2	204499299	204500739	noncoding_exonic_45304	+	204500176	NA	NA	NA	1	1	0.0
chr2	204499299	204500739	noncoding_exonic_45304	+	204500246	NA	NA	NA	2	2	1.0
chr10	52024737	52026575	noncoding_exonic_13131	+	52024832	NA	AAGAAA	33	3	1	0.0
chr10	52024737	52026575	noncoding_exonic_13131	+	52025774	NA	AATAAA	16	1	1	0.0
chr3	93794755	93796019	noncoding_exonic_56707	+	93795116	NA	NA	NA	1	1	0.0
chr1	43368902	43369583	noncoding_exonic_2819	+	43369243	NA	NA	NA	1	1	0.0
chr2	62690973	62691205	noncoding_exonic_40094	+	62691205	NA	AATAAA AATAAA	12 30	1	1	0.0
chr2	162017923	162018177	noncoding_exonic_43844	+	162018177	NA	ATTAAA AATATA	16 20	2	1	0.0
chrX	9786278	9787509	noncoding_exonic_94076	+	9787070	NA	TATAAA AAGAAA AATATA	10 2 8	4	2	8.26135582093
chr15	40357421	40359491	noncoding_exonic_30770	+	40357724	NA	ATTAAA ATTAAA AATACA	8 23 27	1	1	0.0
chr5	86180047	86180698	noncoding_exonic_68791	+	86180698	NA	NA	NA	1	1	0.0
chr6	26195793	26195999	noncoding_exonic_73043	+	26195793	NA	NA	NA	1	1	0.0
chr6	26202383	26202881	noncoding_exonic_73044	+	26202672	NA	NA	NA	1	1	0.0
chr16	30107750	30108740	noncoding_exonic_32487	+	30108472	NA	AGTAAA	19	4	1	0.0
chr11	62621272	62623386	noncoding_exonic_19020	+	62623279	NA	AAGAAA	31	1	1	0.0
chr1	173832363	173834685	noncoding_exonic_8406	+	173833039	NA	AGTAAA	17	33	3	1.55699788832
chr1	173832363	173834685	noncoding_exonic_8406	+	173834277	NA	NA	NA	2	1	0.0
chr1	173832363	173834685	noncoding_exonic_8406	+	173834333	NA	NA	NA	11	1	0.0
chr8	62490778	62492230	noncoding_exonic_86446	+	62491755	NA	NA	NA	1	1	0.0
chrX	119070645	119072040	noncoding_exonic_96455	+	119070645	NA	NA	NA	1	1	0.0
chr5	177482604	177483195	noncoding_exonic_72107	+	177482680	NA	NA	NA	2	2	14.5086181285
chr5	177482604	177483195	noncoding_exonic_72107	+	177482932	NA	NA	NA	1	1	0.0
chr5	177482604	177483195	noncoding_exonic_72107	+	177483001	NA	NA	NA	1	1	0.0
chr3	185135282	185136566	noncoding_exonic_59854	+	185135621	NA	NA	NA	3	2	6.6080758672
chr3	185135282	185136566	noncoding_exonic_59854	+	185136259	NA	NA	NA	1	1	0.0
chr3	185135282	185136566	noncoding_exonic_59854	+	185136566	NA	NA	NA	5	1	0.0
chr12	57064233	57064530	noncoding_exonic_24747	+	57064233	NA	NA	NA	1	1	0.0
chr3	155705092	155705965	noncoding_exonic_58819	+	155705585	NA	AAGAAA	22	1	1	0.0
chr10	75013813	75014107	noncoding_exonic_13644	+	75014103	NA	ATTAAA AATAAA AGTAAA AATGAA	14 4 13 23	2	1	0.0
chr10	93566841	93567253	noncoding_exonic_14342	+	93567021	NA	NA	NA	3	1	0.0
chr2	216211664	216211963	noncoding_exonic_45602	+	216211773	NA	AATGAA	2	1	1	0.0
chr2	71365761	71366343	noncoding_exonic_40544	+	71366163	NA	NA	NA	1	1	0.0
chr2	71375236	71376352	noncoding_exonic_40546	+	71375240	NA	NA	NA	1	1	0.0
chr6	153603418	153603894	noncoding_exonic_76825	+	153603869	NA	NA	NA	3	2	4.7609522857
chr14	106444606	106445233	noncoding_exonic_30122	+	106444796	NA	AAGAAA	1	12	4	10.8012344973
chr2	96937383	96939087	noncoding_exonic_41631	+	96937597	NA	AATGAA	13	1	1	0.0
chr2	96937383	96939087	noncoding_exonic_41631	+	96938549	NA	NA	NA	1	1	0.0
chr8	55435338	55435875	noncoding_exonic_86183	+	55435555	NA	NA	NA	4	2	0.866025403784
chr5	180261311	180262726	noncoding_exonic_72346	+	180262700	NA	AATAAA AAGAAA	23 19	1	1	0.0
chr5	180257671	180258941	noncoding_exonic_72344	+	180258497	NA	NA	NA	1	1	0.0
chr5	180256955	180257430	noncoding_exonic_72343	+	180256958	NA	NA	NA	6	3	2.12132034356
chr17	18573264	18576368	noncoding_exonic_33769	+	18574223	NA	NA	NA	1	1	0.0
chr5	109202879	109205326	noncoding_exonic_69400	+	109202954	NA	NA	NA	1	1	0.0
chr11	94695786	94696679	noncoding_exonic_21023	+	94696283	NA	CATAAA	4	1	1	0.0
chr11	94695786	94696679	noncoding_exonic_21023	+	94696508	NA	AAGAAA CATAAA	3 18	1	1	0.0
chr11	94703152	94704651	noncoding_exonic_21025	+	94703194	NA	ATTAAA AAGAAA	6 13	2	1	0.0
chr3	180671628	180671893	noncoding_exonic_59544	+	180671630	NA	NA	NA	1	1	0.0
chr3	180688943	180689604	noncoding_exonic_59549	+	180689378	NA	NA	NA	1	1	0.0
chr10	120631560	120632114	noncoding_exonic_15298	+	120632114	NA	NA	NA	1	1	0.0
chr1	8939623	8939953	noncoding_exonic_771	+	8939942	NA	ACTAAA	7	1	1	0.0
chr1	8938749	8939308	noncoding_exonic_770	+	8938753	NA	NA	NA	1	1	0.0
chr12	122407587	122407872	noncoding_exonic_25787	+	122407743	NA	NA	NA	1	1	0.0
chr2	131104197	131105383	noncoding_exonic_42995	+	131104198	NA	NA	NA	16	2	0.5
chr2	131104197	131105383	noncoding_exonic_42995	+	131105383	NA	AATAAA	16	1	1	0.0
chr7	94058742	94059558	noncoding_exonic_81084	+	94058743	NA	NA	NA	3	1	0.0
chrY	15398517	15399258	noncoding_exonic_98077	+	15398567	NA	NA	NA	4	1	0.0
chrY	15398517	15399258	noncoding_exonic_98077	+	15398636	NA	NA	NA	1	1	0.0
chr8	17924271	17924728	noncoding_exonic_84790	+	17924274	NA	NA	NA	3	2	2.44948974278
chr8	17924271	17924728	noncoding_exonic_84790	+	17924401	NA	AAGAAA AATACA AATGAA	11 6 1	1	1	0.0
chr4	39457430	39458025	noncoding_exonic_61910	+	39457541	NA	NA	NA	2	1	0.0
chr8	38458178	38458718	noncoding_exonic_85642	+	38458421	NA	NA	NA	1	1	0.0
chr10	81524485	81526080	noncoding_exonic_13952	+	81525548	NA	NA	NA	1	1	0.0
chr10	126094132	126094498	noncoding_exonic_15508	+	126094137	NA	NA	NA	82	1	0.0
chr15	21936559	21937408	noncoding_exonic_30285	+	21937206	NA	NA	NA	5	1	0.0
chr15	21936559	21937408	noncoding_exonic_30285	+	21937398	NA	AATATA	6	2	1	0.0
chr1	44442051	44442261	noncoding_exonic_2920	+	44442218	NA	AAGAAA	9	2	1	0.0
chr7	1012336	1012816	noncoding_exonic_77358	+	1012752	NA	NA	NA	3	1	0.0
chr19	13004946	13005694	noncoding_exonic_36612	+	13004946	NA	NA	NA	1	1	0.0
chr11	65190244	65213011	noncoding_exonic_19346	+	65190762	NA	NA	NA	1	1	0.0
chr11	65190244	65213011	noncoding_exonic_19346	+	65191331	NA	NA	NA	1	1	0.0
chr11	65190244	65213011	noncoding_exonic_19346	+	65193997	NA	AATAAA	16	6	2	1.22474487139
chr11	65265232	65269504	noncoding_exonic_19347	+	65266756	NA	GATAAA	32	1	1	0.0
chr11	65265232	65269504	noncoding_exonic_19347	+	65266816	NA	AGTAAA AATACA	23 2	2	1	0.0
chr11	65265232	65269504	noncoding_exonic_19347	+	65267163	NA	NA	NA	1	1	0.0
chr11	65265232	65269504	noncoding_exonic_19347	+	65268437	NA	NA	NA	1	1	0.0
chr11	65265232	65269504	noncoding_exonic_19347	+	65268715	NA	NA	NA	1	1	0.0
chr11	65271093	65273940	noncoding_exonic_19348	+	65272321	NA	NA	NA	1	1	0.0
chr11	557640	557883	noncoding_exonic_15982	+	557640	NA	NA	NA	1	1	0.0
chr11	565659	567853	noncoding_exonic_15989	+	565661	NA	NA	NA	10	1	0.0
chr11	565659	567853	noncoding_exonic_15989	+	567513	NA	ACTAAA	26	1	1	0.0
chr1	79520629	79521740	noncoding_exonic_4367	+	79521039	NA	NA	NA	1	1	0.0
chr10	127355443	127356519	noncoding_exonic_15566	+	127355737	NA	NA	NA	1	1	0.0
chr10	127355443	127356519	noncoding_exonic_15566	+	127356437	NA	NA	NA	2	2	6.5192024052
chr11	18511789	18512641	noncoding_exonic_17216	+	18512046	NA	AAGAAA	5	2	1	0.0
chr11	18511789	18512641	noncoding_exonic_17216	+	18512115	NA	NA	NA	3	1	0.0
chr12	123850071	123850660	noncoding_exonic_25914	+	123850335	NA	AATAAA	16	3	1	0.0
chr7	73108795	73110735	noncoding_exonic_80198	+	73110204	NA	AATGAA ACTAAA	18 27	1	1	0.0
chr21	45516460	45518237	noncoding_exonic_50583	+	45516554	NA	NA	NA	3	1	0.0
chr12	121659969	121660532	noncoding_exonic_25708	+	121660268	NA	NA	NA	6	1	0.0
chr9	89626566	89628066	noncoding_exonic_91697	+	89627012	NA	NA	NA	1	1	0.0
chr2	232378792	232379050	noncoding_exonic_46341	+	232378792	NA	NA	NA	3	1	0.0
chr21	21629064	21629659	noncoding_exonic_49566	+	21629473	NA	AATAAA ATTAAA AATATA	18 11 2	1	1	0.0
chr17	16366477	16367300	noncoding_exonic_33537	+	16367288	NA	NA	NA	3	2	8.04155872121
chr17	16344387	16345327	noncoding_exonic_33533	+	16344894	NA	AATGAA	25	11	5	10.5528970602
chr17	16344387	16345327	noncoding_exonic_33533	+	16344958	NA	AATACA	32	46	14	3.96177386708
chr17	16344387	16345327	noncoding_exonic_33533	+	16345053	NA	NA	NA	1	1	0.0
chr17	16344387	16345327	noncoding_exonic_33533	+	16345126	NA	NA	NA	1	1	0.0
chr17	16344387	16345327	noncoding_exonic_33533	+	16345195	NA	NA	NA	1	1	0.0
chr17	16344387	16345327	noncoding_exonic_33533	+	16345327	NA	AATAAA	20	158	1	0.0
chr16	11120880	11121618	noncoding_exonic_31973	+	11121138	NA	GATAAA	28	1	1	0.0
chr10	71923440	71923880	noncoding_exonic_13534	+	71923660	NA	NA	NA	2	1	0.0
chrX	100110391	100111369	noncoding_exonic_95979	+	100110509	NA	NA	NA	1	1	0.0
chr18	72263663	72265071	noncoding_exonic_36206	+	72264236	NA	NA	NA	1	1	0.0
chr18	72057118	72057532	noncoding_exonic_36204	+	72057245	NA	NA	NA	35	5	3.10299394595
chr18	72057118	72057532	noncoding_exonic_36204	+	72057532	NA	NA	NA	1	1	0.0
chr12	102548604	102549058	noncoding_exonic_25292	+	102549058	NA	NA	NA	1	1	0.0
chr11	85195011	85195304	noncoding_exonic_20666	+	85195212	NA	NA	NA	1	1	0.0
chr9	101545851	101546234	noncoding_exonic_92232	+	101546101	NA	ACTAAA	3	1	1	0.0
chr3	10059180	10059755	noncoding_exonic_53950	+	10059180	NA	NA	NA	2	1	0.0
chr1	91295103	91297753	noncoding_exonic_4658	+	91295639	NA	NA	NA	3	1	0.0
chr1	91295103	91297753	noncoding_exonic_4658	+	91297426	NA	TTTAAA TTTAAA	16 18	1	1	0.0
chr7	6682012	6682395	noncoding_exonic_77686	+	6682049	NA	NA	NA	1	1	0.0
chr5	175735065	175736016	noncoding_exonic_71903	+	175735480	NA	NA	NA	1	1	0.0
chr20	61405479	61405921	noncoding_exonic_49069	+	61405493	NA	NA	NA	1	1	0.0
chr11	107779280	107779490	noncoding_exonic_21330	+	107779425	NA	NA	NA	7	1	0.0
chr12	3320774	3321096	noncoding_exonic_22829	+	3321096	NA	NA	NA	7	1	0.0
chr12	3152643	3154116	noncoding_exonic_22824	+	3154116	NA	NA	NA	1	1	0.0
chr11	123609331	123609618	noncoding_exonic_22178	+	123609334	NA	NA	NA	1	1	0.0
chr11	123468653	123470160	noncoding_exonic_22171	+	123469460	NA	NA	NA	1	1	0.0
chr3	195689974	195690292	noncoding_exonic_60380	+	195689978	NA	NA	NA	2	1	0.0
chr8	125155059	125155753	noncoding_exonic_88410	+	125155177	NA	AAGAAA	31	1	1	0.0
chr12	104659055	104659669	noncoding_exonic_25312	+	104659068	NA	NA	NA	1	1	0.0
chr12	104659055	104659669	noncoding_exonic_25312	+	104659251	NA	NA	NA	1	1	0.0
chr12	104659055	104659669	noncoding_exonic_25312	+	104659462	NA	NA	NA	3	1	0.0
chr2	168671283	168671741	noncoding_exonic_44029	+	168671283	NA	NA	NA	29	2	0.321633760451
chr9	96938883	96940013	noncoding_exonic_92003	+	96939335	NA	NA	NA	1	1	0.0
chr5	1320322	1320730	noncoding_exonic_66240	+	1320464	NA	AATAAA	13	2	1	0.0
chr3	36808607	36810751	noncoding_exonic_54735	+	36810097	NA	NA	NA	2	2	2.5495097568
chr3	9430532	9432303	noncoding_exonic_53857	+	9430536	NA	NA	NA	6	5	4.18330013267
chr3	9430532	9432303	noncoding_exonic_53857	+	9431057	NA	TTTAAA AATGAA TTTAAA	15 31 19	1	1	0.0
chr3	9430532	9432303	noncoding_exonic_53857	+	9431336	NA	TTTAAA TTTAAA	25 9	1	1	0.0
chr3	9430532	9432303	noncoding_exonic_53857	+	9431701	NA	TATAAA AATATA AATGAA	30 26 18	2	2	2.5495097568
chr3	9432995	9433510	noncoding_exonic_53858	+	9432995	NA	NA	NA	1	1	0.0
chr3	9432995	9433510	noncoding_exonic_53858	+	9433072	NA	NA	NA	1	1	0.0
chr22	27117612	27118135	noncoding_exonic_52106	+	27118134	NA	AATAAA	19	1	1	0.0
chr2	61416411	61417405	noncoding_exonic_40043	+	61416794	NA	NA	NA	1	1	0.0
chr8	6261071	6262641	noncoding_exonic_84086	+	6262440	NA	NA	NA	3	1	0.0
chr8	30209388	30211034	noncoding_exonic_85352	+	30209772	NA	NA	NA	1	1	0.0
chr1	202127448	202128408	noncoding_exonic_9227	+	202127493	NA	AAGAAA	4	1	1	0.0
chr22	32435476	32435883	noncoding_exonic_52473	+	32435476	NA	NA	NA	2	1	0.0
chr1	71531435	71532458	noncoding_exonic_4135	+	71531748	NA	AATAAA AATAAA	32 18	1	1	0.0
chr1	234541845	234543701	noncoding_exonic_10623	+	234543102	NA	NA	NA	1	1	0.0
chr11	9309353	9309620	noncoding_exonic_16759	+	9309353	NA	NA	NA	4	1	0.0
chr6	26522075	26526807	noncoding_exonic_73078	+	26526169	NA	ATTAAA GATAAA AATACA	18 25 19	3	1	0.0
chr19	1535057	1535455	noncoding_exonic_36289	+	1535453	NA	ATTAAA AATGAA	18 19	1	1	0.0
chr4	26861427	26861650	noncoding_exonic_61664	+	26861436	NA	NA	NA	1	1	0.0
chr4	26860234	26860541	noncoding_exonic_61663	+	26860540	NA	AAGAAA TTTAAA ACTAAA TTTAAA	4 32 17 2	1	1	0.0
chrX	153060209	153061888	noncoding_exonic_97261	+	153060329	NA	NA	NA	1	1	0.0
chr21	35341537	35349992	noncoding_exonic_50049	+	35343549	NA	NA	NA	2	1	0.0
chr5	28926922	28927130	noncoding_exonic_66947	+	28927013	NA	NA	NA	5	1	0.0
chr1	154144580	154145383	noncoding_exonic_7062	+	154144688	NA	AAGAAA	4	1	1	0.0
chr3	43775541	43775863	noncoding_exonic_55089	+	43775863	NA	ATTAAA	19	1	1	0.0
chr1	223945325	223946964	noncoding_exonic_10120	+	223945562	NA	NA	NA	2	1	0.0
chr1	223945325	223946964	noncoding_exonic_10120	+	223946412	NA	NA	NA	2	1	0.0
chr1	223945325	223946964	noncoding_exonic_10120	+	223946473	NA	NA	NA	1	1	0.0
chr1	223959941	223960959	noncoding_exonic_10124	+	223960410	NA	GATAAA	21	1	1	0.0
chr20	47850246	47851471	noncoding_exonic_48569	+	47850875	NA	NA	NA	1	1	0.0
chr11	90015727	90017340	noncoding_exonic_20921	+	90016134	NA	NA	NA	1	1	0.0
chr1	1321090	1321874	noncoding_exonic_288	+	1321092	NA	NA	NA	1	1	0.0
chr2	3608906	3609324	noncoding_exonic_38097	+	3609085	NA	NA	NA	1	1	0.0
chr1	207941168	207943665	noncoding_exonic_9614	+	207943126	NA	NA	NA	2	1	0.0
chr1	207941168	207943665	noncoding_exonic_9614	+	207943283	NA	NA	NA	4	1	0.0
chr9	130924282	130925231	noncoding_exonic_93093	+	130924282	NA	NA	NA	3	1	0.0
chr16	61089348	61089818	noncoding_exonic_32795	+	61089818	NA	NA	NA	1	1	0.0
chr4	117519316	117520767	noncoding_exonic_64176	+	117519477	NA	NA	NA	1	1	0.0
chr17	26674035	26675257	noncoding_exonic_34130	+	26674208	NA	NA	NA	12	6	3.76386326355
chr17	26674035	26675257	noncoding_exonic_34130	+	26674818	NA	NA	NA	1	1	0.0
chr1	65450288	65451772	noncoding_exonic_3951	+	65451650	NA	NA	NA	1	1	0.0
chr1	65450288	65451772	noncoding_exonic_3951	+	65451719	NA	NA	NA	6	1	0.0
chr10	134540409	134540853	noncoding_exonic_15740	+	134540848	NA	TTTAAA TTTAAA	16 18	1	1	0.0
chrX	49644469	49647166	noncoding_exonic_95014	+	49646199	NA	NA	NA	2	1	0.0
chr10	1208486	1210612	noncoding_exonic_11268	+	1209726	NA	NA	NA	1	1	0.0
chr20	5273033	5273477	noncoding_exonic_47112	+	5273254	NA	AAGAAA	5	41	2	0.92393643536
chr20	5273033	5273477	noncoding_exonic_47112	+	5273323	NA	NA	NA	6	1	0.0
chr8	129113225	129113499	noncoding_exonic_88591	+	129113499	NA	ATTAAA AATAGA	20 16	49	1	0.0
chr6	35436804	35437157	noncoding_exonic_74082	+	35437142	NA	NA	NA	1	1	0.0
chr6	117993975	117995245	noncoding_exonic_75972	+	117993976	NA	NA	NA	1	1	0.0
chr6	118320137	118320611	noncoding_exonic_75975	+	118320137	NA	NA	NA	4	1	0.0
chr4	56898537	56899270	noncoding_exonic_62399	+	56899260	NA	AATAAA AATATA ATTAAA	28 32 9	1	1	0.0
chr21	47660931	47662715	noncoding_exonic_50779	+	47661940	NA	AATAAA	28	1	1	0.0
chr12	127650452	127650987	noncoding_exonic_26110	+	127650962	NA	NA	NA	1	1	0.0
chr5	71146739	71146942	noncoding_exonic_68215	+	71146810	NA	AAGAAA	2	4	1	0.0
chr5	71146739	71146942	noncoding_exonic_68215	+	71146868	NA	NA	NA	4	4	14.1950695666
chr5	71146739	71146942	noncoding_exonic_68215	+	71146936	NA	NA	NA	2	2	0.707106781187
chr4	39974747	39975062	noncoding_exonic_61946	+	39974947	NA	NA	NA	1	1	0.0
chr9	37428569	37428991	noncoding_exonic_90426	+	37428764	NA	AATAAA AATACA CATAAA	16 8 12	4	1	0.0
chr13	65883986	65884653	noncoding_exonic_27936	+	65884057	NA	NA	NA	1	1	0.0
chr11	10899927	10900823	noncoding_exonic_16871	+	10900054	NA	AAGAAA	13	1	1	0.0
chr3	53317447	53321678	noncoding_exonic_55918	+	53317450	NA	NA	NA	3	1	0.0
chr7	155434957	155435664	noncoding_exonic_83800	+	155435011	NA	NA	NA	1	1	0.0
chr7	155434957	155435664	noncoding_exonic_83800	+	155435453	NA	NA	NA	1	1	0.0
chr11	698888	700141	noncoding_exonic_16015	+	699752	NA	NA	NA	1	1	0.0
chr1	45270451	45270937	noncoding_exonic_3006	+	45270778	NA	NA	NA	1	1	0.0
chr3	184084302	184084504	noncoding_exonic_59806	+	184084503	NA	NA	NA	1	1	0.0
chr12	63359094	63359764	noncoding_exonic_24822	+	63359098	NA	NA	NA	1	1	0.0
chr12	63359094	63359764	noncoding_exonic_24822	+	63359448	NA	TTTAAA TTTAAA	23 11	2	2	0.707106781187
chr1	1001209	1001836	noncoding_exonic_201	+	1001738	NA	ATTAAA TATAAA	7 3	3	1	0.0
chr1	211032518	211035627	noncoding_exonic_9692	+	211035448	NA	AAGAAA AATATA	31 6	1	1	0.0
chr9	94793426	94794280	noncoding_exonic_91852	+	94793430	NA	NA	NA	1	1	0.0
chr13	113839874	113842922	noncoding_exonic_28800	+	113841104	NA	NA	NA	1	1	0.0
chr13	113883955	113884592	noncoding_exonic_28805	+	113884520	NA	CATAAA AATGAA	24 31	7	3	10.5220856162
chr1	27179356	27179702	noncoding_exonic_1882	+	27179539	NA	ATTAAA	15	1	1	0.0
chr2	96950323	96950776	noncoding_exonic_41640	+	96950555	NA	NA	NA	1	1	0.0
chr7	56355922	56357276	noncoding_exonic_79411	+	56357069	NA	NA	NA	1	1	0.0
chr5	92603134	92604131	noncoding_exonic_68977	+	92603753	NA	AAGAAA	1	1	1	0.0
chr11	18686596	18687095	noncoding_exonic_17240	+	18687083	NA	NA	NA	7	1	0.0
chr1	32826870	32827165	noncoding_exonic_2253	+	32826872	NA	NA	NA	3	1	0.0
chr19	12754088	12754733	noncoding_exonic_36596	+	12754733	NA	NA	NA	9	1	0.0
chr8	144362330	144363167	noncoding_exonic_89004	+	144362994	NA	NA	NA	5	2	0.894427191
chr19	28926299	28927722	noncoding_exonic_36830	+	28927282	NA	NA	NA	1	1	0.0
chr10	112666236	112667437	noncoding_exonic_15076	+	112667274	NA	NA	NA	1	1	0.0
chr1	17012115	17012550	noncoding_exonic_1276	+	17012489	NA	NA	NA	7	4	3.7225183488
chr7	93598753	93598978	noncoding_exonic_81056	+	93598914	NA	CATAAA AATGAA	17 21	1	1	0.0
chr1	155579338	155579683	noncoding_exonic_7262	+	155579394	NA	NA	NA	1	1	0.0
chr15	35235280	35235595	noncoding_exonic_30742	+	35235595	NA	NA	NA	1	1	0.0
chr6	3978295	3979333	noncoding_exonic_72520	+	3978985	NA	NA	NA	2	1	0.0
chr6	3978295	3979333	noncoding_exonic_72520	+	3979054	NA	NA	NA	1	1	0.0
chr16	2889568	2889932	noncoding_exonic_31904	+	2889575	NA	NA	NA	1	1	0.0
chr3	129565892	129566402	noncoding_exonic_57823	+	129565893	NA	NA	NA	4	2	3.1224989992
chr4	141287393	141288015	noncoding_exonic_64788	+	141287724	NA	NA	NA	1	1	0.0
chr9	101984925	101985462	noncoding_exonic_92248	+	101984925	NA	NA	NA	11	1	0.0
chr5	33162284	33162913	noncoding_exonic_67069	+	33162284	NA	NA	NA	12	1	0.0
chr5	33162284	33162913	noncoding_exonic_67069	+	33162437	NA	NA	NA	4	3	1.11803398875
chr5	33162284	33162913	noncoding_exonic_67069	+	33162480	NA	AAGAAA	0	1	1	0.0
chr5	33162284	33162913	noncoding_exonic_67069	+	33162553	NA	NA	NA	1	1	0.0
chr5	33162284	33162913	noncoding_exonic_67069	+	33162699	NA	TTTAAA TTTAAA	34 0	2	2	2.0
chr5	33162284	33162913	noncoding_exonic_67069	+	33162913	NA	NA	NA	1	1	0.0
chr1	29308795	29309122	noncoding_exonic_2021	+	29309122	NA	NA	NA	13	1	0.0
chrX	73218788	73220326	noncoding_exonic_95685	+	73219462	NA	NA	NA	1	1	0.0
chrX	73166833	73167265	noncoding_exonic_95681	+	73167172	NA	CATAAA ACTAAA	16 23	1	1	0.0
chrX	73166833	73167265	noncoding_exonic_95681	+	73167240	NA	AATATA CATAAA	9 3	2	1	0.0
chr9	35449554	35451112	noncoding_exonic_90308	+	35450147	NA	NA	NA	1	1	0.0
chr5	179314670	179314904	noncoding_exonic_72283	+	179314670	NA	NA	NA	1	1	0.0
chr6	138971362	138972110	noncoding_exonic_76453	+	138971532	NA	NA	NA	1	1	0.0
chr19	16747549	16748905	noncoding_exonic_36669	+	16747786	NA	TATAAA AAGAAA AATATA	23 27 21	1	1	0.0
chr19	15945164	15947130	noncoding_exonic_36660	+	15945491	NA	AATAAA	23	1	1	0.0
chr19	15945164	15947130	noncoding_exonic_36660	+	15945763	NA	NA	NA	3	1	0.0
chr19	15945164	15947130	noncoding_exonic_36660	+	15945820	NA	NA	NA	1	1	0.0
chr19	15945164	15947130	noncoding_exonic_36660	+	15946456	NA	NA	NA	1	1	0.0
chr19	15945164	15947130	noncoding_exonic_36660	+	15946866	NA	TATAAA	19	8	1	0.0
chr19	15947286	15947865	noncoding_exonic_36661	+	15947351	NA	NA	NA	1	1	0.0
chrX	19375499	19375769	noncoding_exonic_94316	+	19375768	NA	NA	NA	1	1	0.0
chr9	133574781	133575178	noncoding_exonic_93328	+	133575178	NA	NA	NA	1	1	0.0
chr2	38708919	38710012	noncoding_exonic_39338	+	38708926	NA	NA	NA	29	3	2.24376530828
chr2	38708919	38710012	noncoding_exonic_39338	+	38709217	NA	NA	NA	3	3	15.9373774505
chr2	38708919	38710012	noncoding_exonic_39338	+	38709259	NA	NA	NA	2	2	6.5192024052
chr2	38708919	38710012	noncoding_exonic_39338	+	38709416	NA	NA	NA	2	2	1.0
chr2	38708919	38710012	noncoding_exonic_39338	+	38709619	NA	GATAAA	25	2	2	6.5192024052
chr5	138855118	138855548	noncoding_exonic_70511	+	138855119	NA	NA	NA	30	3	0.516397779494
chr20	31136308	31136688	noncoding_exonic_47847	+	31136311	NA	NA	NA	3	2	1.0
chr15	90809108	90809519	noncoding_exonic_31505	+	90809269	NA	NA	NA	1	1	0.0
chr15	90815440	90816463	noncoding_exonic_31506	+	90815444	NA	NA	NA	2	1	0.0
chr7	120690922	120692067	noncoding_exonic_82249	+	120691038	NA	NA	NA	1	1	0.0
chr7	120690922	120692067	noncoding_exonic_82249	+	120691110	NA	GATAAA	14	1	1	0.0
chr7	150814864	150815249	noncoding_exonic_83622	+	150815105	NA	AATAAA	19	1	1	0.0
chr7	150828158	150828373	noncoding_exonic_83628	+	150828373	NA	NA	NA	5	1	0.0
chr12	7084857	7085347	noncoding_exonic_23177	+	7085136	NA	GATAAA	19	19	4	5.10933098927
chr12	7079988	7080315	noncoding_exonic_23174	+	7080122	NA	NA	NA	1	1	0.0
chr12	19566086	19566395	noncoding_exonic_23955	+	19566309	NA	TTTAAA AATAGA ATTAAA TTTAAA	33 22 15 1	1	1	0.0
chr3	63999283	64003408	noncoding_exonic_56216	+	64001557	NA	TTTAAA AAGAAA TTTAAA	18 5 16	1	1	0.0
chr20	18485276	18485710	noncoding_exonic_47449	+	18485332	NA	NA	NA	1	1	0.0
chr20	18485276	18485710	noncoding_exonic_47449	+	18485656	NA	NA	NA	1	1	0.0
chr7	139218985	139219295	noncoding_exonic_82990	+	139219229	NA	NA	NA	1	1	0.0
chr16	20690479	20693496	noncoding_exonic_32238	+	20692287	NA	NA	NA	1	1	0.0
chr1	59096512	59097202	noncoding_exonic_3716	+	59096935	NA	AAGAAA	24	2	1	0.0
chr17	47072627	47072944	noncoding_exonic_34940	+	47072631	NA	NA	NA	1	1	0.0
chr17	17586859	17588364	noncoding_exonic_33625	+	17588364	NA	AATAAA	16	4	1	0.0
chr4	24538796	24540773	noncoding_exonic_61587	+	24540318	NA	CATAAA	23	1	1	0.0
chr1	156616298	156616592	noncoding_exonic_7454	+	156616298	NA	NA	NA	1	1	0.0
chr1	156616298	156616592	noncoding_exonic_7454	+	156616416	NA	NA	NA	1	1	0.0
chr1	156616298	156616592	noncoding_exonic_7454	+	156616565	NA	NA	NA	1	1	0.0
chr5	25909611	25911343	noncoding_exonic_66912	+	25909734	NA	NA	NA	4	2	6.92820323028
chr5	25909611	25911343	noncoding_exonic_66912	+	25910587	NA	NA	NA	1	1	0.0
chr12	112277570	112278281	noncoding_exonic_25477	+	112277573	NA	NA	NA	1	1	0.0
chr3	150283582	150284893	noncoding_exonic_58647	+	150284562	NA	NA	NA	1	1	0.0
chr10	75538585	75538821	noncoding_exonic_13706	+	75538732	NA	NA	NA	1	1	0.0
chr1	243468079	243469744	noncoding_exonic_10948	+	243469743	NA	ATTAAA ATTAAA	17 26	1	1	0.0
chr17	14608392	14608851	noncoding_exonic_33423	+	14608851	NA	NA	NA	14	1	0.0
chr19	53471503	53474128	noncoding_exonic_37554	+	53471505	NA	NA	NA	1	1	0.0
chr5	133311712	133312060	noncoding_exonic_70178	+	133312035	NA	NA	NA	1	1	0.0
chr1	44587824	44588184	noncoding_exonic_2948	+	44587883	NA	NA	NA	1	1	0.0
chr1	151139890	151140619	noncoding_exonic_6792	+	151140308	NA	NA	NA	1	1	0.0
chr9	92064472	92065664	noncoding_exonic_91798	+	92065509	NA	NA	NA	1	1	0.0
chr11	93467826	93468732	noncoding_exonic_20973	+	93468416	NA	NA	NA	6	1	0.0
chr11	71175188	71175554	noncoding_exonic_19986	+	71175554	NA	AGTAAA	11	1	1	0.0
chr11	71162735	71163203	noncoding_exonic_19981	+	71162900	NA	CATAAA	25	1	1	0.0
chr11	71162735	71163203	noncoding_exonic_19981	+	71163201	NA	AATAAA AAGAAA	18 14	23	3	0.780189497605
chr13	111589105	111592131	noncoding_exonic_28722	+	111589773	NA	NA	NA	1	1	0.0
chr9	97873229	97873517	noncoding_exonic_92053	+	97873408	NA	NA	NA	2	1	0.0
chr9	97873229	97873517	noncoding_exonic_92053	+	97873513	NA	NA	NA	1	1	0.0
chrX	109552377	109552765	noncoding_exonic_96280	+	109552379	NA	NA	NA	1	1	0.0
chr3	37214260	37214517	noncoding_exonic_54760	+	37214298	NA	NA	NA	2	2	11.0
chr9	139010330	139010709	noncoding_exonic_93590	+	139010506	NA	NA	NA	1	1	0.0
chr7	1778265	1779171	noncoding_exonic_77427	+	1778269	NA	NA	NA	4	1	0.0
chr7	1778265	1779171	noncoding_exonic_77427	+	1778506	NA	ATTAAA AGTAAA	11 17	3	1	0.0
chr6	39926152	39926572	noncoding_exonic_74243	+	39926211	NA	NA	NA	2	2	3.53553390593
chr6	39926152	39926572	noncoding_exonic_74243	+	39926305	NA	AATAAA AAGAAA	15 19	5	3	1.26491106407
chr8	30623742	30624522	noncoding_exonic_85382	+	30624329	NA	AATAAA AATACA	22 12	1	1	0.0
chr1	157029022	157030554	noncoding_exonic_7510	+	157030150	NA	AAGAAA	2	6	2	0.408248290464
chr5	43495174	43496556	noncoding_exonic_67433	+	43495917	NA	NA	NA	1	1	0.0
chr10	97915953	97923517	noncoding_exonic_14541	+	97918532	NA	AATAAA AATGAA	2 16	1	1	0.0
chr10	97915953	97923517	noncoding_exonic_14541	+	97918806	NA	NA	NA	1	1	0.0
chr10	97915953	97923517	noncoding_exonic_14541	+	97922494	NA	ATTAAA GATAAA	11 17	2	2	2.5495097568
chr14	59945443	59945899	noncoding_exonic_29442	+	59945443	NA	NA	NA	1	1	0.0
chr3	101400059	101400885	noncoding_exonic_56882	+	101400713	NA	NA	NA	3	1	0.0
chr22	42503768	42504957	noncoding_exonic_53109	+	42504441	NA	GATAAA ACTAAA	8 16	1	1	0.0
chr7	77325212	77325582	noncoding_exonic_80661	+	77325280	NA	NA	NA	1	1	0.0
chr6	73983861	73985279	noncoding_exonic_75012	+	73984498	NA	AATACA	25	2	1	0.0
chr6	74001763	74003000	noncoding_exonic_75017	+	74001832	NA	NA	NA	1	1	0.0
chr12	66039771	66040242	noncoding_exonic_24951	+	66040229	NA	NA	NA	1	1	0.0
chr5	141007754	141008125	noncoding_exonic_70661	+	141008125	NA	NA	NA	1	1	0.0
chr17	43713645	43715325	noncoding_exonic_34788	+	43714732	NA	TTTAAA AATAAA TTTAAA	17 21 17	3	1	0.0
chr22	39926559	39928399	noncoding_exonic_52958	+	39926682	NA	NA	NA	1	1	0.0
chr3	169201458	169201868	noncoding_exonic_59198	+	169201585	NA	NA	NA	6	1	0.0
chr1	23631180	23636275	noncoding_exonic_1624	+	23636029	NA	NA	NA	1	1	0.0
chr1	175126122	175130282	noncoding_exonic_8462	+	175129961	NA	NA	NA	2	1	0.0
chr8	61850263	61852430	noncoding_exonic_86427	+	61850724	NA	AAGAAA	1	3	1	0.0
chr3	40487833	40488338	noncoding_exonic_54924	+	40488038	NA	AATACA	23	1	1	0.0
chr2	171608220	171609562	noncoding_exonic_44128	+	171609099	NA	NA	NA	1	1	0.0
chr4	174457998	174463082	noncoding_exonic_65656	+	174459352	NA	NA	NA	1	1	0.0
chrX	70534761	70535152	noncoding_exonic_95558	+	70534876	NA	NA	NA	1	1	0.0
chrX	70534761	70535152	noncoding_exonic_95558	+	70535016	NA	AAGAAA AAGAAA AAGAAA	5 17 27	1	1	0.0
chr6	158658367	158659435	noncoding_exonic_76922	+	158658722	NA	AAGAAA	4	1	1	0.0
chr6	158658367	158659435	noncoding_exonic_76922	+	158658775	NA	NA	NA	1	1	0.0
chr7	882557	882842	noncoding_exonic_77339	+	882728	NA	AATAAA	19	1	1	0.0
chr1	1156110	1156731	noncoding_exonic_238	+	1156262	NA	NA	NA	1	1	0.0
chr12	9812236	9814681	noncoding_exonic_23554	+	9814676	NA	AATAAA CATAAA	9 3	1	1	0.0
chr13	21893230	21895005	noncoding_exonic_26691	+	21893842	NA	NA	NA	2	1	0.0
chr4	103764480	103765232	noncoding_exonic_63732	+	103764766	NA	NA	NA	1	1	0.0
chr4	103764480	103765232	noncoding_exonic_63732	+	103764957	NA	AATATA ATTAAA AATGAA AATGAA	17 20 9 24	1	1	0.0
chr1	109324482	109325043	noncoding_exonic_5207	+	109324582	NA	NA	NA	1	1	0.0
chr12	22161281	22161814	noncoding_exonic_24023	+	22161505	NA	NA	NA	1	1	0.0
chr11	5361767	5362592	noncoding_exonic_16475	+	5362381	NA	NA	NA	6	2	2.73861278753
chr17	18476044	18476415	noncoding_exonic_33748	+	18476415	NA	AATAAA TTTAAA TTTAAA	16 12 21	37	1	0.0
chr19	49994356	49994681	noncoding_exonic_37456	+	49994681	NA	AATGAA	27	1	1	0.0
chr5	175600354	175600566	noncoding_exonic_71885	+	175600356	NA	NA	NA	1	1	0.0
chr1	16944750	16946533	noncoding_exonic_1249	+	16944753	NA	NA	NA	17	3	1.81497042595
chr1	16931912	16934186	noncoding_exonic_1246	+	16931913	NA	NA	NA	6	2	1.91485421551
chr1	161348496	161349148	noncoding_exonic_7811	+	161348820	NA	AAGAAA	16	1	1	0.0
chr13	42830008	42830714	noncoding_exonic_27353	+	42830035	NA	NA	NA	1	1	0.0
chr5	60199186	60199474	noncoding_exonic_67778	+	60199402	NA	NA	NA	1	1	0.0
chr5	53697472	53697735	noncoding_exonic_67575	+	53697732	NA	NA	NA	9	3	3.2829526006
chr9	131092690	131094431	noncoding_exonic_93120	+	131094027	NA	AAGAAA AATACA	0 27	2	2	2.0
chr11	82783384	82784754	noncoding_exonic_20605	+	82784649	NA	NA	NA	1	1	0.0
chr11	82803074	82803380	noncoding_exonic_20607	+	82803374	NA	ATTAAA	10	1	1	0.0
chr14	64118014	64118217	noncoding_exonic_29521	+	64118205	NA	AATGAA	11	2	1	0.0
chr1	29063659	29064169	noncoding_exonic_2012	+	29063738	NA	NA	NA	1	1	0.0
chrX	72989082	72990258	noncoding_exonic_95670	+	72989740	NA	NA	NA	1	1	0.0
chr21	33056307	33057361	noncoding_exonic_49915	+	33057049	NA	NA	NA	1	1	0.0
chr5	176728198	176728451	noncoding_exonic_71969	+	176728449	NA	NA	NA	1	1	0.0
chr6	30453716	30454367	noncoding_exonic_73426	+	30453716	NA	NA	NA	1	1	0.0
chr1	182354691	182354894	noncoding_exonic_8707	+	182354695	NA	NA	NA	2	1	0.0
chr2	201721708	201722440	noncoding_exonic_45117	+	201722348	NA	AATAAA	4	1	1	0.0
chr11	13001081	13002546	noncoding_exonic_16960	+	13001082	NA	NA	NA	1	1	0.0
chr22	17082800	17083105	noncoding_exonic_50939	+	17083031	NA	NA	NA	1	1	0.0
chr22	17082800	17083105	noncoding_exonic_50939	+	17083100	NA	NA	NA	1	1	0.0
chr3	6777348	6777816	noncoding_exonic_53754	+	6777483	NA	AATAAA AATAAA AATGAA	21 29 25	2	1	0.0
chr11	1490686	1491191	noncoding_exonic_16143	+	1490687	NA	NA	NA	11	3	2.04494943258
chr18	29991470	29993200	noncoding_exonic_36011	+	29991840	NA	NA	NA	1	1	0.0
chr2	55841311	55842586	noncoding_exonic_39898	+	55841671	NA	TTTAAA TTTAAA	27 7	2	2	16.0
chr1	244819597	244819823	noncoding_exonic_11008	+	244819823	NA	AATAAA	21	1	1	0.0
chr2	63849308	63849965	noncoding_exonic_40149	+	63849944	NA	NA	NA	1	1	0.0
chr1	151766290	151766878	noncoding_exonic_6882	+	151766878	NA	TATAAA TATAAA	15 22	1	1	0.0
chr5	131699913	131700719	noncoding_exonic_70076	+	131700507	NA	NA	NA	1	1	0.0
chr11	118962251	118962834	noncoding_exonic_21935	+	118962442	NA	AATAAA AATGAA	8 29	2	1	0.0
chr4	64215831	64217190	noncoding_exonic_62559	+	64215915	NA	AATAAA	22	3	3	2.94392028878
chr5	6374539	6374924	noncoding_exonic_66389	+	6374542	NA	NA	NA	1	1	0.0
chr1	113153076	113153462	noncoding_exonic_5510	+	113153078	NA	NA	NA	3	1	0.0
chr2	204055112	204056058	noncoding_exonic_45296	+	204056038	NA	AATAAA	21	3	2	0.57735026919
chr22	23732792	23733911	noncoding_exonic_51772	+	23732824	NA	NA	NA	1	1	0.0
chrX	61998719	61999796	noncoding_exonic_95363	+	61998921	NA	NA	NA	1	1	0.0
chr14	21955852	21956748	noncoding_exonic_28947	+	21956044	NA	AATGAA AGTAAA	0 9	2	1	0.0
chr1	146649691	146651206	noncoding_exonic_6359	+	146649804	NA	NA	NA	1	1	0.0
chr1	146649691	146651206	noncoding_exonic_6359	+	146649914	NA	NA	NA	4	1	0.0
chr1	146649691	146651206	noncoding_exonic_6359	+	146650855	NA	NA	NA	1	1	0.0
chr1	146649691	146651206	noncoding_exonic_6359	+	146651015	NA	NA	NA	1	1	0.0
chr19	56888235	56891197	noncoding_exonic_37864	+	56889490	NA	ATTAAA	31	2	1	0.0
chr22	35590691	35591012	noncoding_exonic_52593	+	35590902	NA	NA	NA	1	1	0.0
chrX	14262324	14263544	noncoding_exonic_94187	+	14262723	NA	NA	NA	2	1	0.0
chr5	179238987	179240641	noncoding_exonic_72257	+	179239996	NA	NA	NA	1	1	0.0
chr9	139311007	139311402	noncoding_exonic_93607	+	139311316	NA	AGTAAA	1	1	1	0.0
chr2	95813074	95813681	noncoding_exonic_41506	+	95813076	NA	NA	NA	1	1	0.0
chr7	5028664	5028999	noncoding_exonic_77554	+	5028747	NA	ATTAAA	1	1	1	0.0
chr7	5028664	5028999	noncoding_exonic_77554	+	5028999	NA	GATAAA	24	1	1	0.0
chr7	5036240	5037800	noncoding_exonic_77556	+	5037799	NA	ATTAAA	16	2	1	0.0
chr3	183962509	183962985	noncoding_exonic_59767	+	183962512	NA	NA	NA	14	2	1.6475089421
chr4	185765738	185766079	noncoding_exonic_65909	+	185765908	NA	AAGAAA AAGAAA AAGAAA	11 19 27	2	1	0.0
chr12	215689	216043	noncoding_exonic_22631	+	215694	NA	NA	NA	1	1	0.0
chr1	117075557	117076714	noncoding_exonic_5706	+	117076527	NA	NA	NA	5	1	0.0
chr12	121352202	121352926	noncoding_exonic_25690	+	121352467	NA	NA	NA	1	1	0.0
chr1	33245124	33245685	noncoding_exonic_2285	+	33245674	NA	NA	NA	1	1	0.0
chr2	131127763	131128129	noncoding_exonic_43000	+	131127996	NA	ATTAAA	14	3	3	2.94392028878
chr6	71108917	71109120	noncoding_exonic_74937	+	71109119	NA	AATAAA TATAAA GATAAA AATGAA	19 8 15 3	23	2	0.208514414057
chr5	93196374	93199531	noncoding_exonic_68997	+	93197356	NA	NA	NA	1	1	0.0
chr6	149812705	149813425	noncoding_exonic_76681	+	149812947	NA	AATAAA AAGAAA AAGAAA	8 2 14	1	1	0.0
chr21	46219904	46221198	noncoding_exonic_50656	+	46219905	NA	NA	NA	2	2	1.58113883008
chrX	74960540	74966749	noncoding_exonic_95737	+	74961149	NA	NA	NA	2	1	0.0
chrX	74960540	74966749	noncoding_exonic_95737	+	74965463	NA	CATAAA	25	1	1	0.0
chrX	74802742	74805341	noncoding_exonic_95736	+	74804397	NA	AATATA	10	1	1	0.0
chr3	45053674	45054160	noncoding_exonic_55140	+	45054159	NA	AATAAA	13	2	1	0.0
chr11	17370891	17371521	noncoding_exonic_17138	+	17371456	NA	CATAAA	14	1	1	0.0
chr20	33864804	33865735	noncoding_exonic_47999	+	33865128	NA	NA	NA	9	2	0.942809041582
chr20	33864804	33865735	noncoding_exonic_47999	+	33865268	NA	NA	NA	1	1	0.0
chr22	50692212	50693625	noncoding_exonic_53488	+	50692816	NA	NA	NA	1	1	0.0
chr11	130010389	130011392	noncoding_exonic_22443	+	130011186	NA	NA	NA	2	1	0.0
chr6	31248093	31249296	noncoding_exonic_73553	+	31248442	NA	NA	NA	1	1	0.0
chr12	129597609	129597839	noncoding_exonic_26174	+	129597839	NA	AATAAA	19	9	1	0.0
chr3	3213859	3214330	noncoding_exonic_53649	+	3213872	NA	NA	NA	2	1	0.0
chr1	53684595	53685932	noncoding_exonic_3506	+	53685761	NA	AATGAA	13	3	1	0.0
chr2	39996233	39996849	noncoding_exonic_39414	+	39996826	NA	NA	NA	1	1	0.0
chr19	52646295	52646589	noncoding_exonic_37528	+	52646295	NA	NA	NA	1	1	0.0
chr1	35439956	35443003	noncoding_exonic_2373	+	35441304	NA	NA	NA	2	1	0.0
chr1	35439956	35443003	noncoding_exonic_2373	+	35442253	NA	NA	NA	1	1	0.0
chr5	177638164	177638761	noncoding_exonic_72117	+	177638177	NA	NA	NA	4	3	6.83739716559
chr13	77559002	77563104	noncoding_exonic_28084	+	77560519	NA	NA	NA	1	1	0.0
chr13	77559002	77563104	noncoding_exonic_28084	+	77560748	NA	NA	NA	1	1	0.0
chr13	77559002	77563104	noncoding_exonic_28084	+	77560952	NA	NA	NA	17	1	0.0
chr13	77559002	77563104	noncoding_exonic_28084	+	77561021	NA	AATGAA	12	10	2	0.632455532034
chr1	109954806	109955689	noncoding_exonic_5258	+	109954810	NA	NA	NA	2	1	0.0
chr21	44475181	44475692	noncoding_exonic_50497	+	44475181	NA	NA	NA	3	1	0.0
chr5	21882693	21884419	noncoding_exonic_66845	+	21883270	NA	AAGAAA	7	4	1	0.0
chr13	115007755	115008150	noncoding_exonic_28865	+	115007756	NA	NA	NA	1	1	0.0
chr10	93976088	93976550	noncoding_exonic_14350	+	93976302	NA	NA	NA	4	1	0.0
chr9	106854369	106854755	noncoding_exonic_92343	+	106854686	NA	NA	NA	1	1	0.0
chr1	179828164	179833576	noncoding_exonic_8607	+	179831579	NA	GATAAA	11	21	2	0.308606699924
chr1	179828164	179833576	noncoding_exonic_8607	+	179832061	NA	NA	NA	2	1	0.0
chr1	179828164	179833576	noncoding_exonic_8607	+	179832877	NA	NA	NA	1	1	0.0
chr4	113747462	113748760	noncoding_exonic_64115	+	113747795	NA	NA	NA	1	1	0.0
chr8	23424326	23425771	noncoding_exonic_85081	+	23425095	NA	NA	NA	3	1	0.0
chr11	64786205	64787057	noncoding_exonic_19241	+	64786712	NA	NA	NA	1	1	0.0
chr1	231658133	231658383	noncoding_exonic_10537	+	231658206	NA	AATACA	30	5	2	0.894427191
chr1	231658133	231658383	noncoding_exonic_10537	+	231658246	NA	TTTAAA AATAAA TTTAAA	3 18 31	2	1	0.0
chr22	42970388	42970824	noncoding_exonic_53159	+	42970398	NA	NA	NA	1	1	0.0
chr22	42965134	42966018	noncoding_exonic_53157	+	42965931	NA	AATATA	33	1	1	0.0
chr7	100454798	100456456	noncoding_exonic_81560	+	100456213	NA	NA	NA	1	1	0.0
chr19	59092611	59095764	noncoding_exonic_37911	+	59093604	NA	NA	NA	1	1	0.0
chr19	59092611	59095764	noncoding_exonic_37911	+	59094124	NA	AATACA	16	4	3	0.707106781187
chr19	59092611	59095764	noncoding_exonic_37911	+	59095092	NA	NA	NA	1	1	0.0
chrX	46299143	46300149	noncoding_exonic_94741	+	46299873	NA	NA	NA	5	1	0.0
chr1	242156486	242156979	noncoding_exonic_10883	+	242156851	NA	NA	NA	1	1	0.0
chr15	85182738	85185695	noncoding_exonic_31451	+	85185112	NA	AATAAA TTTAAA AAGAAA TTTAAA	16 12 8 22	1	1	0.0
chr2	136956683	136958073	noncoding_exonic_43303	+	136956683	NA	NA	NA	1	1	0.0
chr2	136956683	136958073	noncoding_exonic_43303	+	136958003	NA	TTTAAA TTTAAA	8 26	1	1	0.0
chr17	43357851	43359584	noncoding_exonic_34771	+	43358064	NA	NA	NA	1	1	0.0
chr5	115387606	115387986	noncoding_exonic_69606	+	115387608	NA	NA	NA	11	3	6.29574170661
chr5	14639534	14641127	noncoding_exonic_66652	+	14640589	NA	NA	NA	7	1	0.0
chr1	156107656	156108278	noncoding_exonic_7375	+	156107657	NA	NA	NA	113	1	0.0
chrX	16171342	16171586	noncoding_exonic_94237	+	16171346	NA	NA	NA	1	1	0.0
chr2	172373748	172374232	noncoding_exonic_44177	+	172373748	NA	NA	NA	2	1	0.0
chr11	16339575	16339991	noncoding_exonic_17079	+	16339890	NA	NA	NA	1	1	0.0
chr1	45457505	45457895	noncoding_exonic_3022	+	45457813	NA	AATAAA ATTAAA	3 34	2	1	0.0
chr1	87209272	87213867	noncoding_exonic_4550	+	87213556	NA	AATACA TATAAA	15 24	1	1	0.0
chr1	87209272	87213867	noncoding_exonic_4550	+	87213867	NA	AATAAA TTTAAA AATGAA TTTAAA	19 29 20 4	3	1	0.0
chr15	83675582	83677299	noncoding_exonic_31395	+	83675919	NA	NA	NA	1	1	0.0
chr8	38001904	38002739	noncoding_exonic_85579	+	38002528	NA	AATGAA	22	1	1	0.0
chr19	12910369	12910672	noncoding_exonic_36609	+	12910672	NA	NA	NA	1	1	0.0
chr15	41590238	41594168	noncoding_exonic_30801	+	41590330	NA	NA	NA	1	1	0.0
chr15	41590238	41594168	noncoding_exonic_30801	+	41590508	NA	TATAAA	15	3	2	1.0
chr15	41590238	41594168	noncoding_exonic_30801	+	41591285	NA	AATAAA ATTAAA	10 27	2	1	0.0
chr10	50504156	50504818	noncoding_exonic_13035	+	50504602	NA	NA	NA	1	1	0.0
chrX	65238665	65240264	noncoding_exonic_95429	+	65239070	NA	TATAAA	18	2	2	1.0
chrX	65238665	65240264	noncoding_exonic_95429	+	65239612	NA	AATAAA AGTAAA ACTAAA	18 8 32	21	5	2.86190080025
chrX	65238665	65240264	noncoding_exonic_95429	+	65240263	NA	AATAAA AATATA	17 21	9	2	0.942809041582
chr2	113996665	113998402	noncoding_exonic_42497	+	113998402	NA	AATAAA	17	4	1	0.0
chr5	139865317	139865661	noncoding_exonic_70575	+	139865652	NA	AAGAAA	6	1	1	0.0
chr8	1710155	1711094	noncoding_exonic_83981	+	1710370	NA	AATAAA AATAAA AATAAA	6 12 22	1	1	0.0
chr6	43966954	43967245	noncoding_exonic_74470	+	43967245	NA	NA	NA	2	1	0.0
chr6	27325603	27328000	noncoding_exonic_73125	+	27325603	NA	NA	NA	1	1	0.0
chr6	27325603	27328000	noncoding_exonic_73125	+	27325860	NA	AGTAAA	1	1	1	0.0
chr18	6462142	6463009	noncoding_exonic_35829	+	6462510	NA	NA	NA	1	1	0.0
chr19	48759607	48761452	noncoding_exonic_37410	+	48761020	NA	NA	NA	2	1	0.0
chr1	2443844	2444326	noncoding_exonic_453	+	2443973	NA	NA	NA	1	1	0.0
chr11	62139439	62140640	noncoding_exonic_18929	+	62140598	NA	NA	NA	2	1	0.0
chr10	14886741	14889017	noncoding_exonic_11751	+	14888998	NA	AATAAA	17	1	1	0.0
chr1	202780702	202781041	noncoding_exonic_9296	+	202781040	NA	NA	NA	3	1	0.0
chr3	52012390	52012696	noncoding_exonic_55770	+	52012626	NA	AATAAA TATAAA AAGAAA AATATA	15 11 30 5	1	1	0.0
chr20	37049234	37049547	noncoding_exonic_48192	+	37049237	NA	NA	NA	25	4	1.61245154966
chr17	16286054	16286395	noncoding_exonic_33526	+	16286058	NA	NA	NA	5	2	1.0
chr6	26634610	26634855	noncoding_exonic_73086	+	26634612	NA	NA	NA	1	1	0.0
chr5	124144520	124144926	noncoding_exonic_69863	+	124144701	NA	NA	NA	1	1	0.0
chr5	176942362	176942685	noncoding_exonic_72027	+	176942490	NA	NA	NA	1	1	0.0
chr19	1395587	1396466	noncoding_exonic_36275	+	1395588	NA	NA	NA	19	1	0.0
chr12	89893869	89896719	noncoding_exonic_25170	+	89894251	NA	NA	NA	1	1	0.0
chr14	99439215	99439638	noncoding_exonic_29843	+	99439252	NA	NA	NA	1	1	0.0
chr14	99439215	99439638	noncoding_exonic_29843	+	99439522	NA	NA	NA	1	1	0.0
chr14	99439215	99439638	noncoding_exonic_29843	+	99439563	NA	NA	NA	1	1	0.0
chr9	101369274	101370411	noncoding_exonic_92229	+	101369593	NA	NA	NA	2	1	0.0
chr2	177065635	177065980	noncoding_exonic_44388	+	177065694	NA	AAGAAA	2	39	5	3.11736246175
chr2	177065635	177065980	noncoding_exonic_44388	+	177065773	NA	NA	NA	29	6	6.04009591155
chr2	177065635	177065980	noncoding_exonic_44388	+	177065800	NA	NA	NA	1	1	0.0
chr2	177065635	177065980	noncoding_exonic_44388	+	177065943	NA	NA	NA	1	1	0.0
chr10	11891611	11893755	noncoding_exonic_11651	+	11893330	NA	AGTAAA	16	1	1	0.0
chr1	32667296	32667513	noncoding_exonic_2212	+	32667513	NA	NA	NA	1	1	0.0
chr2	184472169	184472847	noncoding_exonic_44651	+	184472386	NA	AAGAAA	2	1	1	0.0
chr7	65440058	65440838	noncoding_exonic_79831	+	65440782	NA	NA	NA	2	2	2.0
chr3	10048101	10049307	noncoding_exonic_53944	+	10048669	NA	AATAAA TTTAAA GATAAA TTTAAA AATAGA	20 16 26 18 31	5	1	0.0
chr3	10044400	10046928	noncoding_exonic_53943	+	10045316	NA	NA	NA	1	1	0.0
chr7	6691933	6694242	noncoding_exonic_77690	+	6693340	NA	NA	NA	1	1	0.0
chr7	39872812	39874544	noncoding_exonic_78876	+	39873715	NA	NA	NA	1	1	0.0
chr16	31053462	31054276	noncoding_exonic_32572	+	31054276	NA	AGTAAA	21	1	1	0.0
chr7	44507440	44507939	noncoding_exonic_79057	+	44507465	NA	NA	NA	18	7	3.0276503541
chr7	44507440	44507939	noncoding_exonic_79057	+	44507535	NA	NA	NA	1	1	0.0
chr11	65835804	65836144	noncoding_exonic_19483	+	65835804	NA	NA	NA	10	2	1.26491106407
chr1	78327007	78327928	noncoding_exonic_4315	+	78327007	NA	NA	NA	1	1	0.0
chr6	148058452	148058692	noncoding_exonic_76638	+	148058687	NA	AATAAA	3	7	3	2.1380899353
chr11	47746330	47748544	noncoding_exonic_18232	+	47748446	NA	AAGAAA AATAGA	7 16	1	1	0.0
chr7	45145363	45147063	noncoding_exonic_79110	+	45145363	NA	NA	NA	1	1	0.0
chr3	48886419	48889414	noncoding_exonic_55394	+	48889414	NA	AATGAA AATGAA	11 19	2	1	0.0
chr10	5498236	5498493	noncoding_exonic_11443	+	5498238	NA	NA	NA	3	2	1.41421356237
chr15	74773391	74773606	noncoding_exonic_31294	+	74773606	NA	NA	NA	1	1	0.0
chr15	74753605	74754372	noncoding_exonic_31291	+	74753976	NA	NA	NA	1	1	0.0
chr20	37078904	37079564	noncoding_exonic_48207	+	37079564	NA	AATAAA	21	3	1	0.0
chr6	2989944	2991400	noncoding_exonic_72475	+	2990973	NA	NA	NA	2	2	1.58113883008
chr6	2989944	2991400	noncoding_exonic_72475	+	2991315	NA	TATAAA	31	1	1	0.0
chr6	111897564	111898363	noncoding_exonic_75790	+	111897958	NA	ACTAAA AATAAA AAGAAA	7 5 1	2	1	0.0
chr6	39078096	39080728	noncoding_exonic_74222	+	39078641	NA	NA	NA	1	1	0.0
chr6	39078096	39080728	noncoding_exonic_74222	+	39079808	NA	AGTAAA	15	1	1	0.0
chr22	19438267	19442271	noncoding_exonic_51175	+	19441758	NA	NA	NA	1	1	0.0
chr22	19435964	19437463	noncoding_exonic_51174	+	19437423	NA	AATAAA GATAAA	19 29	1	1	0.0
chr1	16524348	16524598	noncoding_exonic_1169	+	16524350	NA	NA	NA	1	1	0.0
chr5	125999028	125999260	noncoding_exonic_69918	+	125999081	NA	AAGAAA	6	1	1	0.0
chr1	145096219	145096621	noncoding_exonic_6190	+	145096446	NA	NA	NA	1	1	0.0
chr1	145115734	145116922	noncoding_exonic_6196	+	145116896	NA	NA	NA	2	1	0.0
chr1	145139024	145139569	noncoding_exonic_6197	+	145139417	NA	NA	NA	1	1	0.0
chr9	120845141	120845660	noncoding_exonic_92717	+	120845351	NA	CATAAA AGTAAA	4 20	1	1	0.0
chr1	234492449	234492887	noncoding_exonic_10614	+	234492819	NA	NA	NA	1	1	0.0
chr1	234508552	234508956	noncoding_exonic_10616	+	234508715	NA	NA	NA	1	1	0.0
chr7	99159596	99159966	noncoding_exonic_81337	+	99159656	NA	NA	NA	1	1	0.0
chr7	99095484	99096338	noncoding_exonic_81332	+	99095720	NA	AATATA AATATA	3 23	2	1	0.0
chr8	67835283	67837831	noncoding_exonic_86646	+	67836869	NA	NA	NA	1	1	0.0
chr11	43919005	43921186	noncoding_exonic_17939	+	43919181	NA	NA	NA	1	1	0.0
chr11	43919005	43921186	noncoding_exonic_17939	+	43919252	NA	AATAAA	9	1	1	0.0
chr1	1413405	1414023	noncoding_exonic_317	+	1413557	NA	AATACA	4	1	1	0.0
chr4	26431675	26432040	noncoding_exonic_61657	+	26431814	NA	TATAAA	15	1	1	0.0
chr11	82400570	82400944	noncoding_exonic_20580	+	82400850	NA	NA	NA	1	1	0.0
chr11	82536164	82542480	noncoding_exonic_20588	+	82536168	NA	NA	NA	1	1	0.0
chr2	128047400	128047799	noncoding_exonic_42829	+	128047747	NA	AATAAA	7	1	1	0.0
chr4	941680	941903	noncoding_exonic_60680	+	941784	NA	NA	NA	1	1	0.0
chr20	21146845	21147236	noncoding_exonic_47544	+	21146980	NA	NA	NA	3	2	1.0
chr1	153968107	153968436	noncoding_exonic_7053	+	153968107	NA	NA	NA	21	1	0.0
chr3	44462618	44463305	noncoding_exonic_55098	+	44462625	NA	NA	NA	5	1	0.0
chr11	65543363	65547496	noncoding_exonic_19406	+	65545094	NA	NA	NA	1	1	0.0
chr11	65543363	65547496	noncoding_exonic_19406	+	65547170	NA	NA	NA	1	1	0.0
chr3	183867491	183868223	noncoding_exonic_59730	+	183868223	NA	NA	NA	2	1	0.0
chr19	4099412	4100677	noncoding_exonic_36337	+	4100499	NA	NA	NA	1	1	0.0
chr6	86386724	86388451	noncoding_exonic_75265	+	86386801	NA	TTTAAA TTTAAA	9 25	14	4	1.98206241793
chr22	38689908	38690114	noncoding_exonic_52830	+	38689968	NA	ATTAAA	30	1	1	0.0
chr1	1335976	1337287	noncoding_exonic_299	+	1336136	NA	NA	NA	1	1	0.0
chr3	196752412	196753530	noncoding_exonic_60471	+	196752970	NA	NA	NA	3	1	0.0
chrX	53852384	53852807	noncoding_exonic_95277	+	53852682	NA	CATAAA	27	3	1	0.0
chr11	10823321	10823595	noncoding_exonic_16851	+	10823595	NA	NA	NA	1	1	0.0
chrX	39646385	39647390	noncoding_exonic_94588	+	39646933	NA	NA	NA	1	1	0.0
chrX	39646385	39647390	noncoding_exonic_94588	+	39647214	NA	NA	NA	4	2	0.5
chr11	417932	418262	noncoding_exonic_15943	+	418098	NA	NA	NA	1	1	0.0
chr19	54682658	54684489	noncoding_exonic_37686	+	54682961	NA	NA	NA	3	3	1.29099444874
chr5	180666177	180666486	noncoding_exonic_72389	+	180666485	NA	NA	NA	5	2	1.0
chr6	155228863	155230002	noncoding_exonic_76861	+	155229494	NA	AATGAA	1	1	1	0.0
chr9	130698934	130699712	noncoding_exonic_93064	+	130699108	NA	AAGAAA	11	1	1	0.0
chr6	31860687	31860963	noncoding_exonic_73712	+	31860944	NA	NA	NA	1	1	0.0
chr15	44085281	44085773	noncoding_exonic_30942	+	44085482	NA	NA	NA	1	1	0.0
chr15	44085281	44085773	noncoding_exonic_30942	+	44085562	NA	AATACA	32	3	2	17.4547032821
chr11	86710869	86712001	noncoding_exonic_20732	+	86711166	NA	NA	NA	3	1	0.0
chr9	132583654	132584859	noncoding_exonic_93265	+	132583656	NA	NA	NA	1	1	0.0
chr7	65993424	65996858	noncoding_exonic_79908	+	65994375	NA	NA	NA	1	1	0.0
chr6	33333324	33334020	noncoding_exonic_73996	+	33333932	NA	NA	NA	3	1	0.0
chr1	76209102	76210461	noncoding_exonic_4246	+	76209726	NA	ATTAAA	19	3	1	0.0
chr3	47328709	47328948	noncoding_exonic_55252	+	47328833	NA	NA	NA	4	2	2.0
chr3	47328709	47328948	noncoding_exonic_55252	+	47328948	NA	AGTAAA	19	1	1	0.0
chr9	139702778	139704494	noncoding_exonic_93666	+	139704074	NA	ACTAAA	27	1	1	0.0
chr4	109572186	109572652	noncoding_exonic_63961	+	109572231	NA	AATATA AATATA	21 11	1	1	0.0
chr12	27131027	27132515	noncoding_exonic_24215	+	27131947	NA	NA	NA	4	1	0.0
chr4	88604149	88604456	noncoding_exonic_63386	+	88604149	NA	NA	NA	2	1	0.0
chr20	56093553	56093813	noncoding_exonic_48824	+	56093557	NA	NA	NA	1	1	0.0
chr5	12654758	12655799	noncoding_exonic_66607	+	12655141	NA	AATATA AATACA	14 14	4	1	0.0
chr21	47672343	47674047	noncoding_exonic_50785	+	47674047	NA	ATTAAA TATAAA TATAAA	20 32 3	3	1	0.0
chr1	9740769	9741193	noncoding_exonic_800	+	9740900	NA	NA	NA	13	3	3.0
chr2	200808557	200813040	noncoding_exonic_45030	+	200812824	NA	AGTAAA	14	1	1	0.0
chr1	150239878	150240096	noncoding_exonic_6694	+	150239882	NA	NA	NA	1	1	0.0
chr12	100558825	100559918	noncoding_exonic_25250	+	100558830	NA	NA	NA	1	1	0.0
chr22	42227218	42229108	noncoding_exonic_53083	+	42227438	NA	NA	NA	1	1	0.0
chr22	42227218	42229108	noncoding_exonic_53083	+	42228167	NA	AATAAA AATATA AAGAAA	16 20 27	1	1	0.0
chr17	7816657	7818895	noncoding_exonic_33296	+	7816658	NA	NA	NA	2	1	0.0
chr16	89985565	89987375	noncoding_exonic_33124	+	89986046	NA	NA	NA	1	1	0.0
chr16	89985565	89987375	noncoding_exonic_33124	+	89987375	NA	AATAAA	20	2	1	0.0
chr16	89979639	89981576	noncoding_exonic_33122	+	89980868	NA	NA	NA	1	1	0.0
chr16	89979639	89981576	noncoding_exonic_33122	+	89981463	NA	AATAAA	12	1	1	0.0
chr11	126210852	126212217	noncoding_exonic_22372	+	126211597	NA	NA	NA	1	1	0.0
chr10	114208639	114210484	noncoding_exonic_15127	+	114210037	NA	TTTAAA TTTAAA AATAGA	13 21 15	3	2	1.15470053838
chr1	108047824	108048070	noncoding_exonic_5146	+	108047996	NA	NA	NA	1	1	0.0
chr6	43555966	43556483	noncoding_exonic_74447	+	43556172	NA	AAGAAA AAGAAA AAGAAA	2 13 21	1	1	0.0
chr22	45204978	45205681	noncoding_exonic_53279	+	45205112	NA	AGTAAA	18	1	1	0.0
chr18	3606551	3608312	noncoding_exonic_35812	+	3606854	NA	AAGAAA	4	1	1	0.0
chr17	46622856	46623449	noncoding_exonic_34856	+	46623428	NA	NA	NA	1	1	0.0
chr4	119199913	119200292	noncoding_exonic_64204	+	119200275	NA	NA	NA	1	1	0.0
chr12	54066429	54067805	noncoding_exonic_24662	+	54066435	NA	NA	NA	1	1	0.0
chr19	28296512	28297684	noncoding_exonic_36829	+	28297255	NA	NA	NA	1	1	0.0
chr19	28296512	28297684	noncoding_exonic_36829	+	28297684	NA	AATAAA CATAAA	20 33	1	1	0.0
chr14	35037894	35038335	noncoding_exonic_29242	+	35037894	NA	NA	NA	9	1	0.0
chr14	35037894	35038335	noncoding_exonic_29242	+	35038335	NA	NA	NA	5	1	0.0
chr1	211605660	211605878	noncoding_exonic_9720	+	211605877	NA	AATAAA	20	1	1	0.0
chr13	44542559	44545335	noncoding_exonic_27377	+	44544970	NA	NA	NA	1	1	0.0
chr15	37110136	37110707	noncoding_exonic_30751	+	37110476	NA	NA	NA	2	1	0.0
chr9	112295724	112296531	noncoding_exonic_92470	+	112295827	NA	AAGAAA GATAAA	7 3	4	2	5.19615242271
chr1	151373321	151373714	noncoding_exonic_6829	+	151373321	NA	NA	NA	1	1	0.0
chr6	108325560	108326772	noncoding_exonic_75611	+	108326133	NA	NA	NA	3	3	3.10912635103
chr5	53179774	53180613	noncoding_exonic_67558	+	53179787	NA	NA	NA	2	2	13.5092560861
chrX	89367691	89368753	noncoding_exonic_95887	+	89368320	NA	NA	NA	4	1	0.0
chr4	6676719	6677774	noncoding_exonic_61042	+	6676719	NA	NA	NA	1	1	0.0
chr4	6676719	6677774	noncoding_exonic_61042	+	6676783	NA	NA	NA	2	1	0.0
chr4	6676719	6677774	noncoding_exonic_61042	+	6677678	NA	GATAAA AATGAA	13 14	1	1	0.0
chr4	6676719	6677774	noncoding_exonic_61042	+	6677774	NA	AATAAA AAGAAA	19 3	4	1	0.0
chr9	103066124	103070151	noncoding_exonic_92276	+	103069128	NA	AATGAA	17	1	1	0.0
chr1	6931816	6932113	noncoding_exonic_679	+	6932021	NA	AATAGA	15	1	1	0.0
chr1	226110083	226111400	noncoding_exonic_10248	+	226110111	NA	NA	NA	1	1	0.0
chr1	226110083	226111400	noncoding_exonic_10248	+	226110344	NA	NA	NA	1	1	0.0
chr3	88997291	89000078	noncoding_exonic_56676	+	88998122	NA	AATATA AATATA	13 17	1	1	0.0
chr2	224569337	224570055	noncoding_exonic_46110	+	224569666	NA	NA	NA	2	1	0.0
chr2	224569337	224570055	noncoding_exonic_46110	+	224569737	NA	NA	NA	1	1	0.0
chr5	176079914	176081895	noncoding_exonic_71941	+	176080364	NA	AATAAA AATACA	28 33	3	1	0.0
chr22	31371155	31374831	noncoding_exonic_52371	+	31373806	NA	AATACA ATTAAA	0 19	1	1	0.0
chr22	31371155	31374831	noncoding_exonic_52371	+	31374063	NA	NA	NA	3	1	0.0
chr22	31371155	31374831	noncoding_exonic_52371	+	31374830	NA	AATAAA	18	3	1	0.0
chr6	30260783	30262741	noncoding_exonic_73407	+	30260864	NA	NA	NA	1	1	0.0
chr6	30258570	30260179	noncoding_exonic_73406	+	30258571	NA	NA	NA	1	1	0.0
chr1	63893908	63894403	noncoding_exonic_3894	+	63893972	NA	NA	NA	1	1	0.0
chr1	193055115	193060349	noncoding_exonic_8987	+	193058955	NA	CATAAA AAGAAA	0 16	1	1	0.0
