chrm	beg	end	utr_ID	strand	polyA_coordinate	annotated_polyA_distance	nearby_PAS	PAS_distance	number_supporting_reads	number_unique_supporting_reads	unique_reads_spread
chr14	24615790	24616430	five_utr_exonic_11788	+	24615879	NA	NA	NA	1	1	0.0
chr14	24583931	24584803	five_utr_exonic_11784	+	24584017	NA	NA	NA	1	1	0.0
chr1	204380539	204380945	five_utr_exonic_3570	+	204380608	NA	NA	NA	1	1	0.0
chr5	169724615	169725231	five_utr_exonic_32136	+	169724832	NA	NA	NA	1	1	0.0
chr10	18948333	18948566	five_utr_exonic_4400	+	18948566	NA	NA	NA	1	1	0.0
chr2	3518680	3521518	five_utr_exonic_20471	+	3521518	NA	NA	NA	1	1	0.0
chrX	129215304	129215513	five_utr_exonic_41543	+	129215443	NA	AGTAAA	19	1	1	0.0
chr12	57118745	57120981	five_utr_exonic_9869	+	57119120	NA	NA	NA	1	1	0.0
chr7	23509729	23510086	five_utr_exonic_34917	+	23509729	NA	NA	NA	1	1	0.0
chr14	76127117	76127532	five_utr_exonic_12317	+	76127187	NA	NA	NA	2	1	0.0
chr5	159848910	159849319	five_utr_exonic_32093	+	159849281	NA	NA	NA	5	1	0.0
chr9	140445650	140446430	five_utr_exonic_40207	+	140446347	NA	NA	NA	1	1	0.0
chr2	20251281	20251789	five_utr_exonic_20620	+	20251356	NA	NA	NA	1	1	0.0
chr19	48752779	48753135	five_utr_exonic_19733	+	48752779	NA	NA	NA	2	1	0.0
chr11	207510	208854	five_utr_exonic_5776	+	208178	NA	NA	NA	1	1	0.0
chr17	26925964	26926297	five_utr_exonic_15991	+	26926021	NA	NA	NA	1	1	0.0
chr7	7680049	7680806	five_utr_exonic_34804	+	7680790	NA	AGTAAA	23	1	1	0.0
chr5	170814651	170814952	five_utr_exonic_32154	+	170814870	NA	NA	NA	1	1	0.0
chr6	33168715	33169022	five_utr_exonic_33131	+	33168746	NA	NA	NA	1	1	0.0
chr17	74553859	74555122	five_utr_exonic_17265	+	74553859	NA	NA	NA	1	1	0.0
chr18	9913998	9914253	five_utr_exonic_17596	+	9914041	NA	NA	NA	1	1	0.0
chr11	62438802	62439217	five_utr_exonic_7128	+	62438819	NA	NA	NA	1	1	0.0
chr4	77996696	77997158	five_utr_exonic_29536	+	77997035	NA	NA	NA	5	4	13.2363136862
chr1	71546678	71546980	five_utr_exonic_1689	+	71546696	NA	NA	NA	16	3	0.612372435696
chrX	48434055	48434573	five_utr_exonic_40696	+	48434116	NA	AATGAA	7	1	1	0.0
chr1	70697253	70697541	five_utr_exonic_1683	+	70697541	NA	TATAAA	0	1	1	0.0
chr1	52520768	52522051	five_utr_exonic_1465	+	52521257	NA	NA	NA	1	1	0.0
chr7	50515878	50517422	five_utr_exonic_35292	+	50515878	NA	NA	NA	5	2	1.3416407865
chr6	56911346	56911553	five_utr_exonic_33638	+	56911504	NA	NA	NA	2	2	0.707106781187
chr19	5911385	5913943	five_utr_exonic_18299	+	5912191	NA	AAGAAA	12	3	1	0.0
chr6	31802384	31802724	five_utr_exonic_33037	+	31802704	NA	ACTAAA	13	1	1	0.0
chr10	73979808	73980083	five_utr_exonic_4944	+	73979808	NA	NA	NA	1	1	0.0
chr10	73979808	73980083	five_utr_exonic_4944	+	73980028	NA	NA	NA	1	1	0.0
chr1	93811444	93812202	five_utr_exonic_1891	+	93812044	NA	NA	NA	1	1	0.0
chr11	313852	314155	five_utr_exonic_5790	+	314050	NA	AATACA	8	7	3	2.39045721867
chr11	313852	314155	five_utr_exonic_5790	+	314074	NA	NA	NA	1	1	0.0
chr12	124496092	124496691	five_utr_exonic_10737	+	124496691	NA	NA	NA	1	1	0.0
chr1	151030233	151033029	five_utr_exonic_2460	+	151030234	NA	NA	NA	1	1	0.0
chr5	126112839	126113200	five_utr_exonic_31478	+	126113181	NA	NA	NA	1	1	0.0
chr4	15687858	15688600	five_utr_exonic_29035	+	15688227	NA	AATAAA	21	1	1	0.0
chr6	107349406	107350001	five_utr_exonic_33902	+	107349806	NA	NA	NA	1	1	0.0
chr1	110887780	110888160	five_utr_exonic_2072	+	110887947	NA	NA	NA	1	1	0.0
chr1	110887780	110888160	five_utr_exonic_2072	+	110888108	NA	CATAAA	3	3	1	0.0
chr7	100027066	100027641	five_utr_exonic_35882	+	100027535	NA	NA	NA	1	1	0.0
chr7	100027066	100027641	five_utr_exonic_35882	+	100027628	NA	NA	NA	1	1	0.0
chr6	31704077	31704349	five_utr_exonic_33019	+	31704084	NA	NA	NA	1	1	0.0
chr6	31704077	31704349	five_utr_exonic_33019	+	31704137	NA	NA	NA	3	1	0.0
chr2	170648442	170650342	five_utr_exonic_22331	+	170649213	NA	AATAAA	16	1	1	0.0
chr2	170590355	170590597	five_utr_exonic_22330	+	170590504	NA	NA	NA	1	1	0.0
chr7	107204434	107205121	five_utr_exonic_36050	+	107204442	NA	NA	NA	1	1	0.0
chr17	47074773	47075107	five_utr_exonic_16715	+	47074774	NA	NA	NA	1	1	0.0
chr3	185655648	185655924	five_utr_exonic_28518	+	185655769	NA	NA	NA	2	2	19.5064092031
chr7	6618131	6618377	five_utr_exonic_34784	+	6618268	NA	NA	NA	1	1	0.0
chr4	170541671	170542214	five_utr_exonic_30326	+	170541921	NA	ACTAAA	31	2	1	0.0
chr7	44162777	44163107	five_utr_exonic_35205	+	44162777	NA	NA	NA	2	1	0.0
chr10	71922445	71922787	five_utr_exonic_4905	+	71922629	NA	AATGAA	7	1	1	0.0
chr16	202685	202908	five_utr_exonic_13852	+	202875	NA	NA	NA	1	1	0.0
chr22	38884120	38884535	five_utr_exonic_25663	+	38884265	NA	NA	NA	6	2	2.0
chr17	66303083	66303634	five_utr_exonic_17026	+	66303234	NA	NA	NA	1	1	0.0
chr8	86290274	86291243	five_utr_exonic_37785	+	86290341	NA	NA	NA	2	1	0.0
chr12	74931550	74931892	five_utr_exonic_10081	+	74931629	NA	NA	NA	2	2	1.0
chr12	74931550	74931892	five_utr_exonic_10081	+	74931885	NA	AGTAAA	6	1	1	0.0
chrX	152989655	152990152	five_utr_exonic_41906	+	152989856	NA	NA	NA	1	1	0.0
chr11	62433118	62433351	five_utr_exonic_7126	+	62433183	NA	AATAAA	18	3	1	0.0
chr11	62437503	62438711	five_utr_exonic_7127	+	62438228	NA	AATACA ACTAAA	34 28	1	1	0.0
chr11	62437503	62438711	five_utr_exonic_7127	+	62438573	NA	NA	NA	2	1	0.0
chr20	62492565	62492893	five_utr_exonic_24457	+	62492568	NA	NA	NA	25	3	1.31148770486
chr21	47667846	47668689	five_utr_exonic_24980	+	47667977	NA	NA	NA	1	1	0.0
chr21	47742652	47743789	five_utr_exonic_24988	+	47743320	NA	ACTAAA AAGAAA	9 9	1	1	0.0
chr4	71587711	71588290	five_utr_exonic_29432	+	71588231	NA	AATAAA AATACA	6 10	1	1	0.0
chr8	101733811	101735037	five_utr_exonic_37997	+	101733878	NA	NA	NA	1	1	0.0
chr8	101733811	101735037	five_utr_exonic_37997	+	101734302	NA	NA	NA	1	1	0.0
chr12	21810401	21810776	five_utr_exonic_9238	+	21810751	NA	NA	NA	1	1	0.0
chr9	139997799	139998781	five_utr_exonic_40172	+	139998698	NA	NA	NA	3	1	0.0
chr20	10394162	10394579	five_utr_exonic_23609	+	10394178	NA	NA	NA	2	1	0.0
chr20	10394162	10394579	five_utr_exonic_23609	+	10394359	NA	ATTAAA	10	5	2	1.48323969742
chr7	91874215	91874485	five_utr_exonic_35683	+	91874408	NA	AAGAAA	19	1	1	0.0
chr5	133706869	133707286	five_utr_exonic_31591	+	133707259	NA	NA	NA	1	1	0.0
chr6	3000391	3000601	five_utr_exonic_32487	+	3000391	NA	NA	NA	1	1	0.0
chr6	3000391	3000601	five_utr_exonic_32487	+	3000601	NA	NA	NA	1	1	0.0
chr1	114301325	114302098	five_utr_exonic_2158	+	114301502	NA	NA	NA	1	1	0.0
chr11	66367504	66367959	five_utr_exonic_7437	+	66367545	NA	NA	NA	4	1	0.0
chr11	102323354	102323775	five_utr_exonic_8060	+	102323433	NA	NA	NA	1	1	0.0
chr6	109461623	109461878	five_utr_exonic_33943	+	109461851	NA	NA	NA	1	1	0.0
chr17	7338761	7339190	five_utr_exonic_15631	+	7339003	NA	NA	NA	1	1	0.0
chr2	10588246	10588630	five_utr_exonic_20537	+	10588408	NA	NA	NA	1	1	0.0
chr11	44087728	44088251	five_utr_exonic_6674	+	44087881	NA	NA	NA	1	1	0.0
chr7	150019954	150020252	five_utr_exonic_36590	+	150019954	NA	NA	NA	1	1	0.0
chr2	188418926	188419219	five_utr_exonic_22530	+	188419038	NA	GATAAA	15	1	1	0.0
chr12	10365403	10365728	five_utr_exonic_9029	+	10365728	NA	NA	NA	3	1	0.0
chr1	145438468	145438802	five_utr_exonic_2286	+	145438713	NA	NA	NA	1	1	0.0
chr1	145438468	145438802	five_utr_exonic_2286	+	145438759	NA	NA	NA	1	1	0.0
chr9	116037622	116038023	five_utr_exonic_39553	+	116037985	NA	NA	NA	1	1	0.0
chr2	159313475	159313730	five_utr_exonic_22195	+	159313653	NA	ATTAAA	6	2	1	0.0
chr4	111119491	111119832	five_utr_exonic_29890	+	111119557	NA	AATAAA	14	2	1	0.0
chr10	52103874	52104105	five_utr_exonic_4757	+	52103879	NA	NA	NA	1	1	0.0
chr11	18548363	18548779	five_utr_exonic_6440	+	18548391	NA	NA	NA	1	1	0.0
chr1	235492330	235493819	five_utr_exonic_3997	+	235493124	NA	NA	NA	1	1	0.0
chr11	61558934	61560027	five_utr_exonic_7063	+	61559464	NA	AGTAAA	4	1	1	0.0
chr2	55277436	55277734	five_utr_exonic_21091	+	55277503	NA	NA	NA	1	1	0.0
chr1	172362881	172363550	five_utr_exonic_3195	+	172362892	NA	NA	NA	1	1	0.0
chr8	22926407	22926692	five_utr_exonic_37090	+	22926556	NA	CATAAA	22	1	1	0.0
chr1	6845383	6845590	five_utr_exonic_215	+	6845553	NA	NA	NA	1	1	0.0
chr19	56165415	56166470	five_utr_exonic_20270	+	56166443	NA	NA	NA	3	3	2.44948974278
chr18	3247527	3247907	five_utr_exonic_17530	+	3247826	NA	NA	NA	1	1	0.0
chr17	57776234	57777553	five_utr_exonic_16895	+	57777006	NA	NA	NA	1	1	0.0
chr22	22899252	22900174	five_utr_exonic_25180	+	22899327	NA	NA	NA	1	1	0.0
chr22	22899252	22900174	five_utr_exonic_25180	+	22899512	NA	NA	NA	1	1	0.0
chr22	22899252	22900174	five_utr_exonic_25180	+	22900040	NA	NA	NA	1	1	0.0
chr6	24777093	24777474	five_utr_exonic_32701	+	24777474	NA	ATTAAA	30	6	1	0.0
chr11	33792376	33795893	five_utr_exonic_6585	+	33794357	NA	NA	NA	1	1	0.0
chr20	44751858	44752940	five_utr_exonic_24165	+	44751983	NA	NA	NA	1	1	0.0
chr5	43514907	43515247	five_utr_exonic_30834	+	43515190	NA	NA	NA	1	1	0.0
chr11	107879458	107880074	five_utr_exonic_8122	+	107879882	NA	NA	NA	1	1	0.0
chr14	23235973	23236245	five_utr_exonic_11698	+	23235973	NA	NA	NA	1	1	0.0
chr1	172411762	172413230	five_utr_exonic_3200	+	172413196	NA	NA	NA	2	2	2.0
chr6	10723147	10723474	five_utr_exonic_32577	+	10723404	NA	NA	NA	1	1	0.0
chr12	132195992	132198615	five_utr_exonic_10800	+	132197393	NA	ATTAAA AATGAA GATAAA	14 31 26	3	2	3.36650164612
chr1	156697444	156698896	five_utr_exonic_2861	+	156697665	NA	NA	NA	1	1	0.0
chr20	5100444	5100672	five_utr_exonic_23563	+	5100585	NA	NA	NA	2	2	6.5192024052
chr11	10529773	10530723	five_utr_exonic_6265	+	10530452	NA	NA	NA	3	1	0.0
chr11	10529773	10530723	five_utr_exonic_6265	+	10530519	NA	NA	NA	2	1	0.0
chr22	24236190	24236612	five_utr_exonic_25210	+	24236609	NA	NA	NA	3	3	1.41421356237
chr3	11684992	11685398	five_utr_exonic_26168	+	11685144	NA	NA	NA	2	1	0.0
chr1	161171936	161172175	five_utr_exonic_3017	+	161172173	NA	NA	NA	1	1	0.0
chrX	21958690	21958942	five_utr_exonic_40465	+	21958868	NA	NA	NA	1	1	0.0
chrX	21874104	21874602	five_utr_exonic_40464	+	21874602	NA	NA	NA	1	1	0.0
chr1	44440319	44440712	five_utr_exonic_1301	+	44440630	NA	NA	NA	2	2	3.0
chr8	126010847	126011645	five_utr_exonic_38231	+	126011335	NA	NA	NA	4	1	0.0
chr7	23561750	23561972	five_utr_exonic_34918	+	23561964	NA	ATTAAA	9	1	1	0.0
chr2	61764696	61765418	five_utr_exonic_21147	+	61764814	NA	NA	NA	4	3	4.66368952654
chr13	97927885	97928489	five_utr_exonic_11427	+	97928059	NA	NA	NA	1	1	0.0
chr16	31106050	31106278	five_utr_exonic_14638	+	31106072	NA	NA	NA	1	1	0.0
chr7	39663484	39664026	five_utr_exonic_35162	+	39663974	NA	NA	NA	1	1	0.0
chr12	122709295	122710511	five_utr_exonic_10630	+	122709454	NA	NA	NA	1	1	0.0
chrX	102931955	102933308	five_utr_exonic_41289	+	102931968	NA	NA	NA	1	1	0.0
chrX	102931955	102933308	five_utr_exonic_41289	+	102932198	NA	NA	NA	1	1	0.0
chr3	178976737	178977679	five_utr_exonic_28363	+	178977583	NA	AAGAAA	7	1	1	0.0
chr15	52338026	52338657	five_utr_exonic_13160	+	52338159	NA	AATAAA AATATA	24 28	2	2	1.58113883008
chr18	29522727	29523063	five_utr_exonic_17716	+	29522792	NA	NA	NA	1	1	0.0
chr3	156877883	156878549	five_utr_exonic_28174	+	156877913	NA	NA	NA	1	1	0.0
chr11	118972365	118972949	five_utr_exonic_8372	+	118972571	NA	NA	NA	1	1	0.0
chr4	100871327	100871545	five_utr_exonic_29776	+	100871422	NA	NA	NA	1	1	0.0
chr3	100119793	100121283	five_utr_exonic_27310	+	100120092	NA	AAGAAA	0	1	1	0.0
chr4	186315932	186317053	five_utr_exonic_30460	+	186316919	NA	AATGAA	3	2	1	0.0
chr6	43737949	43738443	five_utr_exonic_33477	+	43738202	NA	NA	NA	1	1	0.0
chr1	242012032	242012329	five_utr_exonic_4058	+	242012192	NA	NA	NA	1	1	0.0
chr7	30538946	30539592	five_utr_exonic_35050	+	30539021	NA	NA	NA	2	1	0.0
chr1	45965281	45966004	five_utr_exonic_1349	+	45965407	NA	NA	NA	1	1	0.0
chr1	101360188	101361554	five_utr_exonic_1961	+	101360921	NA	ATTAAA	9	1	1	0.0
chr12	6643092	6643827	five_utr_exonic_8827	+	6643709	NA	NA	NA	1	1	0.0
chr13	45915204	45915505	five_utr_exonic_11177	+	45915237	NA	NA	NA	2	2	9.51314879522
chr13	45915204	45915505	five_utr_exonic_11177	+	45915292	NA	NA	NA	2	2	5.0
chr5	139554226	139554870	five_utr_exonic_31751	+	139554715	NA	NA	NA	1	1	0.0
chr11	809646	810234	five_utr_exonic_5854	+	809987	NA	NA	NA	1	1	0.0
chr3	49314643	49315263	five_utr_exonic_26817	+	49315059	NA	AATAAA AATAAA	5 24	1	1	0.0
chr19	12834582	12834810	five_utr_exonic_18627	+	12834657	NA	NA	NA	1	1	0.0
chr11	5706097	5706624	five_utr_exonic_6086	+	5706307	NA	NA	NA	1	1	0.0
chr1	46152885	46153947	five_utr_exonic_1363	+	46153880	NA	NA	NA	1	1	0.0
chr1	46125855	46126897	five_utr_exonic_1360	+	46126502	NA	CATAAA	20	1	1	0.0
chr9	99539863	99540411	five_utr_exonic_39344	+	99540280	NA	NA	NA	1	1	0.0
chr13	28195473	28196120	five_utr_exonic_10997	+	28196078	NA	NA	NA	8	1	0.0
chr6	34360139	34360451	five_utr_exonic_33193	+	34360143	NA	NA	NA	1	1	0.0
chr3	122927168	122928045	five_utr_exonic_27609	+	122927359	NA	NA	NA	2	1	0.0
chr13	41556190	41556418	five_utr_exonic_11119	+	41556243	NA	NA	NA	1	1	0.0
chr5	140063252	140064923	five_utr_exonic_31770	+	140063878	NA	NA	NA	1	1	0.0
chr1	32384666	32385259	five_utr_exonic_911	+	32384666	NA	NA	NA	5	1	0.0
chr1	32384666	32385259	five_utr_exonic_911	+	32384717	NA	NA	NA	5	1	0.0
chr1	165737988	165738417	five_utr_exonic_3095	+	165738125	NA	NA	NA	1	1	0.0
chr3	194406621	194407555	five_utr_exonic_28651	+	194407517	NA	NA	NA	1	1	0.0
chr7	924031	925692	five_utr_exonic_34626	+	924540	NA	NA	NA	1	1	0.0
chr17	16284112	16284498	five_utr_exonic_15804	+	16284428	NA	NA	NA	1	1	0.0
chr5	65017743	65017957	five_utr_exonic_30991	+	65017852	NA	NA	NA	1	1	0.0
chr1	25664407	25664947	five_utr_exonic_694	+	25664871	NA	AAGAAA	1	1	1	0.0
chr3	146262253	146262651	five_utr_exonic_28040	+	146262323	NA	NA	NA	1	1	0.0
chr21	47666800	47667074	five_utr_exonic_24979	+	47667051	NA	NA	NA	1	1	0.0
chr5	138677275	138677669	five_utr_exonic_31719	+	138677602	NA	NA	NA	10	1	0.0
chr6	42847372	42847675	five_utr_exonic_33410	+	42847623	NA	AGTAAA	20	1	1	0.0
chr5	180670800	180671209	five_utr_exonic_32439	+	180670901	NA	NA	NA	5	3	12.6491106407
chr5	180665239	180665663	five_utr_exonic_32437	+	180665239	NA	NA	NA	1	1	0.0
chr11	122933457	122933938	five_utr_exonic_8471	+	122933938	NA	AATAAA TATAAA TTTAAA TATAAA TTTAAA	20 15 30 20 3	1	1	0.0
chr3	53925815	53926015	five_utr_exonic_27034	+	53925854	NA	NA	NA	1	1	0.0
chr16	57770889	57771155	five_utr_exonic_14846	+	57771155	NA	NA	NA	1	1	0.0
chr13	53191604	53191817	five_utr_exonic_11308	+	53191754	NA	NA	NA	1	1	0.0
chr12	98987402	98987756	five_utr_exonic_10222	+	98987448	NA	NA	NA	1	1	0.0
chr2	20100882	20101402	five_utr_exonic_20616	+	20101380	NA	NA	NA	1	1	0.0
chr5	139027876	139028430	five_utr_exonic_31738	+	139028254	NA	NA	NA	1	1	0.0
chr2	192542852	192543340	five_utr_exonic_22610	+	192543162	NA	AAGAAA	6	1	1	0.0
chr2	192542852	192543340	five_utr_exonic_22610	+	192543204	NA	NA	NA	1	1	0.0
chr2	171785035	171785850	five_utr_exonic_22347	+	171785849	NA	NA	NA	3	1	0.0
chr1	36614692	36614937	five_utr_exonic_1048	+	36614692	NA	NA	NA	1	1	0.0
chr22	29977071	29977326	five_utr_exonic_25343	+	29977075	NA	NA	NA	1	1	0.0
chr6	33256947	33257633	five_utr_exonic_33140	+	33256952	NA	NA	NA	3	1	0.0
chr5	180222655	180222875	five_utr_exonic_32413	+	180222655	NA	NA	NA	1	1	0.0
chr12	57623355	57623561	five_utr_exonic_9894	+	57623521	NA	NA	NA	1	1	0.0
chrX	48334548	48334784	five_utr_exonic_40685	+	48334626	NA	NA	NA	1	1	0.0
chrX	48327722	48328565	five_utr_exonic_40683	+	48327988	NA	NA	NA	3	1	0.0
chrX	48327722	48328565	five_utr_exonic_40683	+	48328103	NA	NA	NA	2	1	0.0
chr4	2243246	2243891	five_utr_exonic_28851	+	2243257	NA	NA	NA	1	1	0.0
chr6	160146616	160147883	five_utr_exonic_34487	+	160147413	NA	NA	NA	1	1	0.0
chr2	175260545	175261021	five_utr_exonic_22400	+	175260545	NA	NA	NA	1	1	0.0
chr12	53400061	53400267	five_utr_exonic_9667	+	53400211	NA	NA	NA	2	1	0.0
chr2	64371214	64371588	five_utr_exonic_21185	+	64371370	NA	NA	NA	1	1	0.0
chr21	46221663	46221934	five_utr_exonic_24933	+	46221695	NA	NA	NA	1	1	0.0
chr6	31725198	31725905	five_utr_exonic_33026	+	31725619	NA	NA	NA	2	1	0.0
chr3	134204161	134205044	five_utr_exonic_27859	+	134204209	NA	AATAAA AAGAAA	1 11	1	1	0.0
chr11	65270288	65271093	five_utr_exonic_7322	+	65270380	NA	TTTAAA TTTAAA	6 28	1	1	0.0
chr11	65270288	65271093	five_utr_exonic_7322	+	65270499	NA	AAGAAA AATGAA	5 9	2	1	0.0
chr11	65270288	65271093	five_utr_exonic_7322	+	65270566	NA	NA	NA	1	1	0.0
chr11	65270288	65271093	five_utr_exonic_7322	+	65270667	NA	NA	NA	1	1	0.0
chr11	65270288	65271093	five_utr_exonic_7322	+	65271093	NA	AATAAA ATTAAA AATAAA	21 4 1	36	1	0.0
chr4	144434615	144435077	five_utr_exonic_30100	+	144435056	NA	NA	NA	1	1	0.0
chr4	146019038	146019693	five_utr_exonic_30109	+	146019474	NA	NA	NA	1	1	0.0
chr8	11660119	11660341	five_utr_exonic_36884	+	11660281	NA	NA	NA	1	1	0.0
chr2	47630107	47630330	five_utr_exonic_21047	+	47630305	NA	AAGAAA	1	1	1	0.0
chr19	1969506	1969771	five_utr_exonic_18126	+	1969771	NA	NA	NA	6	1	0.0
chr1	144994731	144994955	five_utr_exonic_2272	+	144994955	NA	NA	NA	1	1	0.0
chr7	1176950	1177896	five_utr_exonic_34642	+	1177877	NA	NA	NA	1	1	0.0
chr2	207024064	207024703	five_utr_exonic_22796	+	207024626	NA	NA	NA	1	1	0.0
chr2	207024064	207024703	five_utr_exonic_22796	+	207024699	NA	NA	NA	2	1	0.0
chr11	62623517	62623741	five_utr_exonic_7155	+	62623611	NA	NA	NA	1	1	0.0
chr1	23885917	23886285	five_utr_exonic_631	+	23885945	NA	NA	NA	1	1	0.0
chr12	4382937	4383206	five_utr_exonic_8778	+	4383075	NA	NA	NA	2	1	0.0
chr6	31620176	31620482	five_utr_exonic_33000	+	31620353	NA	NA	NA	1	1	0.0
chr14	35591165	35591519	five_utr_exonic_11885	+	35591179	NA	NA	NA	2	2	1.58113883008
chr8	116680771	116681228	five_utr_exonic_38137	+	116681110	NA	NA	NA	1	1	0.0
chr9	95055727	95056038	five_utr_exonic_39269	+	95055791	NA	AAGAAA	31	2	1	0.0
chr12	123944069	123944435	five_utr_exonic_10706	+	123944271	NA	NA	NA	2	1	0.0
chr12	123920967	123921264	five_utr_exonic_10704	+	123920967	NA	NA	NA	1	1	0.0
chr14	81686862	81687294	five_utr_exonic_12366	+	81686862	NA	NA	NA	1	1	0.0
chr9	7799734	7800067	five_utr_exonic_38677	+	7799764	NA	NA	NA	1	1	0.0
chr5	56471274	56472227	five_utr_exonic_30919	+	56472151	NA	NA	NA	2	1	0.0
chr8	99057595	99057818	five_utr_exonic_37949	+	99057646	NA	NA	NA	4	1	0.0
chr16	103009	103475	five_utr_exonic_13843	+	103475	NA	NA	NA	1	1	0.0
chr6	28321671	28321981	five_utr_exonic_32818	+	28321735	NA	NA	NA	1	1	0.0
chr6	144281605	144282549	five_utr_exonic_34309	+	144281935	NA	CATAAA	27	1	1	0.0
chr11	65625570	65626101	five_utr_exonic_7365	+	65625645	NA	NA	NA	1	1	0.0
chr7	106505923	106506221	five_utr_exonic_36040	+	106506080	NA	NA	NA	1	1	0.0
chr5	86708611	86708836	five_utr_exonic_31231	+	86708686	NA	NA	NA	1	1	0.0
chr17	41277198	41277500	five_utr_exonic_16490	+	41277363	NA	NA	NA	3	1	0.0
chr2	45168901	45169243	five_utr_exonic_21007	+	45169148	NA	NA	NA	1	1	0.0
chr12	76478346	76478738	five_utr_exonic_10092	+	76478459	NA	NA	NA	1	1	0.0
chr20	35401796	35402230	five_utr_exonic_23955	+	35402136	NA	NA	NA	8	1	0.0
chr1	151028206	151028469	five_utr_exonic_2458	+	151028206	NA	NA	NA	1	1	0.0
chr21	37431186	37432559	five_utr_exonic_24698	+	37431186	NA	NA	NA	2	1	0.0
chr16	70432433	70434541	five_utr_exonic_15068	+	70432830	NA	NA	NA	1	1	0.0
chr11	96123157	96123813	five_utr_exonic_8036	+	96123459	NA	NA	NA	1	1	0.0
chr17	7165362	7166264	five_utr_exonic_15606	+	7165442	NA	AGTAAA	6	1	1	0.0
chr4	57333080	57333783	five_utr_exonic_29346	+	57333423	NA	AATAAA	2	1	1	0.0
chr15	44084039	44084574	five_utr_exonic_13037	+	44084534	NA	NA	NA	1	1	0.0
chr12	109895883	109897434	five_utr_exonic_10376	+	109896235	NA	NA	NA	3	1	0.0
chr12	109915067	109915914	five_utr_exonic_10378	+	109915847	NA	NA	NA	7	2	0.925820099773
chr1	54513045	54513686	five_utr_exonic_1517	+	54513303	NA	AAGAAA	2	1	1	0.0
chr14	24407939	24408733	five_utr_exonic_11770	+	24407944	NA	NA	NA	2	1	0.0
chr5	81600433	81600669	five_utr_exonic_31210	+	81600669	NA	AAGAAA	27	3	1	0.0
chr7	143599053	143599291	five_utr_exonic_36531	+	143599190	NA	NA	NA	1	1	0.0
chr3	9833899	9834805	five_utr_exonic_26108	+	9833948	NA	NA	NA	1	1	0.0
chr10	18940132	18940551	five_utr_exonic_4399	+	18940200	NA	AAGAAA	1	4	3	1.9364916731
chr10	18940132	18940551	five_utr_exonic_4399	+	18940253	NA	NA	NA	1	1	0.0
chr4	175204560	175205415	five_utr_exonic_30359	+	175204934	NA	NA	NA	1	1	0.0
chr4	175204560	175205415	five_utr_exonic_30359	+	175205096	NA	NA	NA	1	1	0.0
chr12	21590848	21591472	five_utr_exonic_9227	+	21591083	NA	AATAAA AAGAAA	8 14	1	1	0.0
chr1	47183759	47184824	five_utr_exonic_1399	+	47184084	NA	GATAAA	22	1	1	0.0
chr9	134151566	134151934	five_utr_exonic_39976	+	134151784	NA	NA	NA	2	1	0.0
chr17	43224683	43226557	five_utr_exonic_16595	+	43226487	NA	AAGAAA AAGAAA	7 13	1	1	0.0
chr5	112849379	112849592	five_utr_exonic_31392	+	112849406	NA	NA	NA	1	1	0.0
chrX	149106410	149107029	five_utr_exonic_41768	+	149106410	NA	NA	NA	4	1	0.0
chrX	149106410	149107029	five_utr_exonic_41768	+	149106681	NA	NA	NA	1	1	0.0
chr22	31741588	31742218	five_utr_exonic_25432	+	31741837	NA	NA	NA	1	1	0.0
chr5	132387653	132387942	five_utr_exonic_31569	+	132387788	NA	NA	NA	1	1	0.0
chr4	88312222	88312538	five_utr_exonic_29657	+	88312324	NA	NA	NA	7	2	2.10441712324
chr1	234509586	234509972	five_utr_exonic_3988	+	234509859	NA	NA	NA	1	1	0.0
chr1	234509586	234509972	five_utr_exonic_3988	+	234509930	NA	NA	NA	1	1	0.0
chr11	61584401	61584669	five_utr_exonic_7074	+	61584577	NA	NA	NA	1	1	0.0
chr1	156307975	156308256	five_utr_exonic_2833	+	156308009	NA	NA	NA	3	3	1.29099444874
chr16	68057105	68057770	five_utr_exonic_15009	+	68057727	NA	AATAAA AAGAAA	24 2	1	1	0.0
chr17	5391515	5391909	five_utr_exonic_15557	+	5391595	NA	NA	NA	3	1	0.0
chr13	51483813	51484212	five_utr_exonic_11277	+	51483950	NA	NA	NA	1	1	0.0
chr8	142431487	142432340	five_utr_exonic_38365	+	142431769	NA	NA	NA	1	1	0.0
chr8	142431487	142432340	five_utr_exonic_38365	+	142432115	NA	AAGAAA	16	11	2	10.4663964451
chr16	30077033	30077248	five_utr_exonic_14557	+	30077179	NA	NA	NA	1	1	0.0
chr4	110736708	110736960	five_utr_exonic_29884	+	110736824	NA	NA	NA	1	1	0.0
chr17	21117465	21117908	five_utr_exonic_15943	+	21117471	NA	NA	NA	1	1	0.0
chr7	64450324	64451186	five_utr_exonic_35380	+	64450735	NA	NA	NA	2	1	0.0
chr8	102214560	102217557	five_utr_exonic_38009	+	102215200	NA	CATAAA	12	1	1	0.0
chr5	179249484	179249888	five_utr_exonic_32388	+	179249888	NA	TATAAA	32	2	1	0.0
chr7	23571443	23571660	five_utr_exonic_34920	+	23571499	NA	ACTAAA	5	1	1	0.0
chr8	93978035	93978373	five_utr_exonic_37861	+	93978234	NA	NA	NA	1	1	0.0
chr17	8065769	8066293	five_utr_exonic_15684	+	8066274	NA	NA	NA	1	1	0.0
chr15	25683635	25684128	five_utr_exonic_12743	+	25683704	NA	NA	NA	3	1	0.0
chr9	35161998	35162280	five_utr_exonic_38926	+	35162185	NA	NA	NA	1	1	0.0
chr19	9929489	9929731	five_utr_exonic_18464	+	9929507	NA	NA	NA	1	1	0.0
chr19	1205797	1206912	five_utr_exonic_18075	+	1206810	NA	AAGAAA	1	2	2	15.5080624193
chr19	1205797	1206912	five_utr_exonic_18075	+	1206864	NA	NA	NA	1	1	0.0
chr1	21100103	21101498	five_utr_exonic_547	+	21100132	NA	TTTAAA	1	4	1	0.0
chr1	21100103	21101498	five_utr_exonic_547	+	21100184	NA	TATAAA	9	3	3	4.20317340431
chr1	21100103	21101498	five_utr_exonic_547	+	21100238	NA	AATAAA ATTAAA	26 31	1	1	0.0
chr17	26369181	26369899	five_utr_exonic_15965	+	26369691	NA	AAGAAA	5	1	1	0.0
chr17	26369181	26369899	five_utr_exonic_15965	+	26369756	NA	ATTAAA	27	2	1	0.0
chr1	68150743	68151177	five_utr_exonic_1663	+	68150905	NA	NA	NA	1	1	0.0
chr7	87505410	87506047	five_utr_exonic_35637	+	87505893	NA	NA	NA	1	1	0.0
chr8	144679024	144679914	five_utr_exonic_38445	+	144679586	NA	NA	NA	8	1	0.0
chr15	70389137	70390256	five_utr_exonic_13374	+	70390156	NA	NA	NA	1	1	0.0
chr11	61125204	61128736	five_utr_exonic_7039	+	61127986	NA	CATAAA	7	1	1	0.0
chr6	3982908	3983401	five_utr_exonic_32504	+	3982908	NA	NA	NA	2	1	0.0
chr3	152017193	152017982	five_utr_exonic_28126	+	152017261	NA	NA	NA	1	1	0.0
chr3	152017193	152017982	five_utr_exonic_28126	+	152017382	NA	NA	NA	1	1	0.0
chr20	56964177	56964515	five_utr_exonic_24320	+	56964446	NA	NA	NA	1	1	0.0
chr1	52869917	52870131	five_utr_exonic_1473	+	52870098	NA	AATGAA	17	1	1	0.0
chr2	203880878	203881107	five_utr_exonic_22775	+	203881065	NA	AATAAA	8	2	1	0.0
chr4	186299340	186300172	five_utr_exonic_30459	+	186299796	NA	ATTAAA AATAGA	18 3	1	1	0.0
chr6	27356496	27356854	five_utr_exonic_32776	+	27356815	NA	NA	NA	1	1	0.0
chr9	113018715	113018920	five_utr_exonic_39506	+	113018761	NA	NA	NA	1	1	0.0
chr5	72794232	72794492	five_utr_exonic_31083	+	72794318	NA	NA	NA	5	1	0.0
chr11	75690569	75691082	five_utr_exonic_7783	+	75691017	NA	NA	NA	2	1	0.0
chr11	77849823	77850304	five_utr_exonic_7836	+	77850042	NA	AATGAA	5	2	1	0.0
chr2	216973813	216974159	five_utr_exonic_22897	+	216974062	NA	NA	NA	1	1	0.0
chr17	40703983	40704951	five_utr_exonic_16450	+	40704456	NA	NA	NA	4	2	0.866025403784
chr8	103876034	103876578	five_utr_exonic_38047	+	103876098	NA	TTTAAA TTTAAA	31 3	1	1	0.0
chr8	103876034	103876578	five_utr_exonic_38047	+	103876349	NA	NA	NA	3	2	1.41421356237
chr6	24775158	24775472	five_utr_exonic_32699	+	24775363	NA	NA	NA	1	1	0.0
chr6	24720129	24721064	five_utr_exonic_32698	+	24720850	NA	NA	NA	1	1	0.0
chr6	24667262	24667491	five_utr_exonic_32695	+	24667407	NA	NA	NA	1	1	0.0
chr6	24718896	24720087	five_utr_exonic_32697	+	24719229	NA	AATAAA	32	1	1	0.0
chr6	24718896	24720087	five_utr_exonic_32697	+	24719384	NA	NA	NA	2	1	0.0
chr6	24718896	24720087	five_utr_exonic_32697	+	24719627	NA	NA	NA	1	1	0.0
chr6	24718896	24720087	five_utr_exonic_32697	+	24720014	NA	NA	NA	1	1	0.0
chr20	62695439	62695705	five_utr_exonic_24475	+	62695479	NA	AATAAA	15	2	2	3.53553390593
chr2	62115158	62115392	five_utr_exonic_21150	+	62115357	NA	NA	NA	1	1	0.0
chr2	62115642	62115939	five_utr_exonic_21151	+	62115684	NA	NA	NA	1	1	0.0
chr12	16035324	16035641	five_utr_exonic_9167	+	16035344	NA	NA	NA	1	1	0.0
chr12	16035324	16035641	five_utr_exonic_9167	+	16035641	NA	NA	NA	1	1	0.0
chr4	122744783	122745087	five_utr_exonic_29972	+	122744971	NA	NA	NA	1	1	0.0
chr22	19839784	19840009	five_utr_exonic_25073	+	19839797	NA	NA	NA	3	1	0.0
chr1	228295961	228296756	five_utr_exonic_3903	+	228296653	NA	NA	NA	1	1	0.0
chr21	35288067	35288284	five_utr_exonic_24672	+	35288087	NA	NA	NA	1	1	0.0
chr11	118958212	118958788	five_utr_exonic_8369	+	118958721	NA	NA	NA	84	2	0.154303349962
chr11	118888994	118889505	five_utr_exonic_8362	+	118889039	NA	NA	NA	1	1	0.0
chr16	24550907	24551947	five_utr_exonic_14428	+	24551898	NA	TATAAA AATATA TATAAA	24 28 12	6	3	4.39696865276
chr16	21963980	21964744	five_utr_exonic_14396	+	21964713	NA	ATTAAA	4	1	1	0.0
chr4	183838466	183838747	five_utr_exonic_30410	+	183838500	NA	NA	NA	1	1	0.0
chr8	41906495	41906820	five_utr_exonic_37374	+	41906495	NA	NA	NA	1	1	0.0
chr1	11863571	11864589	five_utr_exonic_315	+	11864164	NA	NA	NA	1	1	0.0
chr10	101945383	101948054	five_utr_exonic_5335	+	101946223	NA	AATAAA	7	6	3	7.81024967591
chr4	141445311	141445815	five_utr_exonic_30064	+	141445367	NA	NA	NA	10	4	1.97484176581
chr4	141445311	141445815	five_utr_exonic_30064	+	141445747	NA	NA	NA	1	1	0.0
chr17	56084498	56084707	five_utr_exonic_16861	+	56084534	NA	NA	NA	2	1	0.0
chr15	23810453	23810929	five_utr_exonic_12725	+	23810453	NA	NA	NA	6	1	0.0
chr2	97007129	97007379	five_utr_exonic_21580	+	97007378	NA	AAGAAA	19	1	1	0.0
chr19	58201167	58202072	five_utr_exonic_20360	+	58201168	NA	NA	NA	1	1	0.0
chr19	58201167	58202072	five_utr_exonic_20360	+	58202015	NA	AATAAA AATATA	16 27	13	2	1.96116135138
chr19	58280996	58281210	five_utr_exonic_20364	+	58281076	NA	NA	NA	1	1	0.0
chr2	241499470	241500101	five_utr_exonic_23327	+	241499487	NA	NA	NA	4	2	1.5
chr2	233414592	233415434	five_utr_exonic_23187	+	233414819	NA	NA	NA	4	1	0.0
chr1	46016214	46016827	five_utr_exonic_1353	+	46016738	NA	NA	NA	1	1	0.0
chr6	30584254	30584775	five_utr_exonic_32907	+	30584481	NA	NA	NA	1	1	0.0
chr12	6730414	6730630	five_utr_exonic_8839	+	6730414	NA	NA	NA	2	1	0.0
chr1	12677353	12677737	five_utr_exonic_337	+	12677472	NA	AGTAAA	4	1	1	0.0
chr1	12677353	12677737	five_utr_exonic_337	+	12677672	NA	AAGAAA	23	1	1	0.0
chr17	49243638	49244187	five_utr_exonic_16807	+	49243782	NA	NA	NA	1	1	0.0
chr20	43560202	43560982	five_utr_exonic_24085	+	43560202	NA	NA	NA	1	1	0.0
chr11	57424629	57425332	five_utr_exonic_6894	+	57425211	NA	NA	NA	1	1	0.0
chr8	128748165	128748839	five_utr_exonic_38248	+	128748352	NA	NA	NA	1	1	0.0
chr6	30687977	30688283	five_utr_exonic_32922	+	30688152	NA	NA	NA	17	4	2.27518583598
chr7	117824334	117825700	five_utr_exonic_36172	+	117825306	NA	NA	NA	2	1	0.0
chr6	10887063	10887359	five_utr_exonic_32585	+	10887300	NA	NA	NA	3	2	0.57735026919
chr15	45879416	45879641	five_utr_exonic_13084	+	45879561	NA	NA	NA	1	1	0.0
chr6	34204576	34205094	five_utr_exonic_33186	+	34204726	NA	NA	NA	1	1	0.0
chr5	64920542	64920887	five_utr_exonic_30986	+	64920542	NA	NA	NA	1	1	0.0
chr9	130331153	130331367	five_utr_exonic_39806	+	130331166	NA	NA	NA	9	4	5.03322295685
chr8	42751396	42751866	five_utr_exonic_37409	+	42751727	NA	NA	NA	1	1	0.0
chrX	41192650	41193505	five_utr_exonic_40579	+	41193439	NA	NA	NA	1	1	0.0
chr11	10830251	10830657	five_utr_exonic_6280	+	10830345	NA	NA	NA	1	1	0.0
chr5	140027168	140027493	five_utr_exonic_31767	+	140027203	NA	NA	NA	1	1	0.0
chr5	140027168	140027493	five_utr_exonic_31767	+	140027431	NA	NA	NA	2	2	12.5099960032
chr1	36107033	36107445	five_utr_exonic_1032	+	36107081	NA	NA	NA	2	2	19.5064092031
chr14	24778330	24779777	five_utr_exonic_11810	+	24778340	NA	NA	NA	1	1	0.0
chrX	55478537	55478807	five_utr_exonic_40898	+	55478609	NA	NA	NA	3	3	0.816496580928
chr1	203767973	203772144	five_utr_exonic_3551	+	203771825	NA	NA	NA	2	2	3.0
chr12	123464590	123464934	five_utr_exonic_10682	+	123464591	NA	NA	NA	18	2	0.912870929175
chr19	58916729	58918663	five_utr_exonic_20416	+	58917759	NA	NA	NA	2	1	0.0
chr2	162164548	162165297	five_utr_exonic_22226	+	162164964	NA	NA	NA	1	1	0.0
chr2	162164548	162165297	five_utr_exonic_22226	+	162165052	NA	NA	NA	6	2	0.57735026919
chr1	231557634	231560790	five_utr_exonic_3967	+	231557737	NA	NA	NA	1	1	0.0
chr22	41681366	41681969	five_utr_exonic_25762	+	41681366	NA	NA	NA	1	1	0.0
chr22	20105304	20105836	five_utr_exonic_25097	+	20105607	NA	AATGAA	20	1	1	0.0
chr22	20104946	20105172	five_utr_exonic_25096	+	20105070	NA	NA	NA	1	1	0.0
chr17	42264573	42265076	five_utr_exonic_16544	+	42264928	NA	AAGAAA	2	1	1	0.0
