chrm	beg	end	utr_ID	strand	polyA_coordinate	annotated_polyA_distance	nearby_PAS	PAS_distance	number_supporting_reads	number_unique_supporting_reads	unique_reads_spread
chr19	39321948	39322156	cds_exonic_102662	+	39321960	NA	NA	NA	1	1	0.0
chr1	46489443	46489652	cds_exonic_6698	+	46489623	NA	NA	NA	1	1	0.0
chr16	53243393	53243725	cds_exonic_76570	+	53243483	NA	NA	NA	1	1	0.0
chr6	27777851	27778259	cds_exonic_166805	+	27777970	NA	NA	NA	1	1	0.0
chr7	77378740	77379381	cds_exonic_180148	+	77379315	NA	ATTAAA AATGAA	15 19	1	1	0.0
chr9	125627627	125627936	cds_exonic_198835	+	125627699	NA	AAGAAA	1	1	1	0.0
chr12	62777858	62778083	cds_exonic_48327	+	62777955	NA	AATATA ACTAAA	32 5	1	1	0.0
chr11	86518685	86519834	cds_exonic_38768	+	86519457	NA	NA	NA	1	1	0.0
chr7	12254436	12254653	cds_exonic_176998	+	12254588	NA	AAGAAA	7	1	1	0.0
chr3	180685838	180686042	cds_exonic_146558	+	180685845	NA	NA	NA	2	1	0.0
chr17	37826203	37826639	cds_exonic_85722	+	37826468	NA	NA	NA	1	1	0.0
chr1	11082180	11082708	cds_exonic_1552	+	11082217	NA	NA	NA	1	1	0.0
chr18	13666481	13666712	cds_exonic_93184	+	13666563	NA	AAGAAA	8	1	1	0.0
chr11	64846581	64847259	cds_exonic_36164	+	64846849	NA	AAGAAA	4	1	1	0.0
chr4	1309184	1309388	cds_exonic_148266	+	1309279	NA	NA	NA	1	1	0.0
chr15	49584523	49584734	cds_exonic_66841	+	49584537	NA	NA	NA	1	1	0.0
chr16	74662349	74662564	cds_exonic_78902	+	74662532	NA	NA	NA	1	1	0.0
chr3	142151502	142151735	cds_exonic_144982	+	142151603	NA	ATTAAA	15	1	1	0.0
chr9	100845127	100845334	cds_exonic_197217	+	100845327	NA	NA	NA	2	2	7.0
chr1	220330611	220330830	cds_exonic_19416	+	220330680	NA	NA	NA	1	1	0.0
chr21	34011217	34011435	cds_exonic_129321	+	34011285	NA	NA	NA	1	1	0.0
chr15	91346750	91346950	cds_exonic_70792	+	91346818	NA	AATATA	34	1	1	0.0
chr17	48823080	48823364	cds_exonic_88331	+	48823224	NA	AAGAAA	32	1	1	0.0
chrX	100652799	100653087	cds_exonic_206128	+	100653087	NA	NA	NA	1	1	0.0
chr13	21751055	21751361	cds_exonic_54007	+	21751350	NA	AATGAA	31	1	1	0.0
chr15	90814419	90815017	cds_exonic_70716	+	90814756	NA	AATACA	31	1	1	0.0
chr10	79795268	79795478	cds_exonic_25903	+	79795335	NA	NA	NA	1	1	0.0
chr17	7760332	7760781	cds_exonic_82063	+	7760519	NA	NA	NA	3	2	1.0
chr6	44218027	44218336	cds_exonic_170045	+	44218087	NA	NA	NA	2	2	1.0
chr6	27805727	27806117	cds_exonic_166810	+	27805969	NA	NA	NA	1	1	0.0
chr6	27100850	27101240	cds_exonic_166778	+	27101002	NA	NA	NA	4	3	1.9364916731
chr6	27100850	27101240	cds_exonic_166778	+	27101205	NA	NA	NA	1	1	0.0
chr1	29068914	29070498	cds_exonic_4312	+	29069647	NA	NA	NA	1	1	0.0
chr11	66281876	66282149	cds_exonic_36774	+	66281970	NA	NA	NA	1	1	0.0
chr9	19378705	19378916	cds_exonic_194159	+	19378714	NA	NA	NA	1	1	0.0
chr4	41648501	41648910	cds_exonic_150136	+	41648878	NA	NA	NA	1	1	0.0
chr11	67132609	67133101	cds_exonic_37035	+	67132667	NA	NA	NA	2	1	0.0
chr7	127013397	127015088	cds_exonic_183454	+	127014628	NA	ACTAAA	15	1	1	0.0
chrM	10058	10404	cds_exonic_201820	+	10403	NA	NA	NA	6	2	0.816496580928
chrM	10469	12137	cds_exonic_201821	+	10649	NA	NA	NA	1	1	0.0
chrM	10469	12137	cds_exonic_201821	+	10748	NA	NA	NA	1	1	0.0
chrM	10469	12137	cds_exonic_201821	+	10815	NA	AATATA	23	2	1	0.0
chrM	10469	12137	cds_exonic_201821	+	10954	NA	NA	NA	1	1	0.0
chrM	10469	12137	cds_exonic_201821	+	11397	NA	AGTAAA TATAAA	14 25	1	1	0.0
chrM	10469	12137	cds_exonic_201821	+	11975	NA	NA	NA	1	1	0.0
chrM	10469	12137	cds_exonic_201821	+	12137	NA	NA	NA	27	1	0.0
chrM	12336	14145	cds_exonic_201822	+	12353	NA	NA	NA	1	1	0.0
chrM	12336	14145	cds_exonic_201822	+	13803	NA	NA	NA	1	1	0.0
chr3	193332511	193332830	cds_exonic_147540	+	193332748	NA	ATTAAA	2	1	1	0.0
chr6	114292020	114292354	cds_exonic_173038	+	114292049	NA	NA	NA	1	1	0.0
chr9	96422473	96422842	cds_exonic_196843	+	96422612	NA	NA	NA	1	1	0.0
chr1	150550719	150550967	cds_exonic_12709	+	150550802	NA	NA	NA	1	1	0.0
chr1	36820806	36821034	cds_exonic_5280	+	36820878	NA	NA	NA	1	1	0.0
chr1	149859076	149859466	cds_exonic_12515	+	149859316	NA	NA	NA	1	1	0.0
chr1	149858524	149858911	cds_exonic_12514	+	149858676	NA	NA	NA	1	1	0.0
chr11	33731674	33731889	cds_exonic_33298	+	33731792	NA	NA	NA	1	1	0.0
chr2	153532917	153533299	cds_exonic_116640	+	153533099	NA	NA	NA	1	1	0.0
chr6	27114907	27115291	cds_exonic_166781	+	27115059	NA	NA	NA	1	1	0.0
chr1	9642356	9642556	cds_exonic_1324	+	9642478	NA	TATAAA	20	1	1	0.0
chr6	27834629	27835307	cds_exonic_166813	+	27835158	NA	AAGAAA	5	1	1	0.0
chr6	27858162	27858570	cds_exonic_166816	+	27858561	NA	NA	NA	2	1	0.0
chr6	33287787	33288001	cds_exonic_168391	+	33287812	NA	NA	NA	1	1	0.0
chr11	58377302	58377512	cds_exonic_34596	+	58377490	NA	AATGAA	25	1	1	0.0
chr3	37032747	37034568	cds_exonic_137392	+	37033287	NA	NA	NA	1	1	0.0
chr17	4848009	4848308	cds_exonic_81178	+	4848109	NA	NA	NA	1	1	0.0
chr8	103317312	103317523	cds_exonic_190911	+	103317447	NA	NA	NA	1	1	0.0
chr12	20832963	20833202	cds_exonic_44110	+	20833059	NA	AAGAAA	18	1	1	0.0
chr11	9595480	9596056	cds_exonic_31895	+	9595590	NA	NA	NA	1	1	0.0
chr6	26197070	26197478	cds_exonic_166700	+	26197070	NA	NA	NA	1	1	0.0
chr6	26234498	26235161	cds_exonic_166707	+	26235007	NA	NA	NA	1	1	0.0
chr1	200635064	200635868	cds_exonic_17584	+	200635386	NA	AATAAA	0	1	1	0.0
chr9	140446533	140446944	cds_exonic_201698	+	140446944	NA	NA	NA	1	1	0.0
chr8	146277971	146278283	cds_exonic_193324	+	146278170	NA	NA	NA	1	1	0.0
chr20	35421651	35423002	cds_exonic_126216	+	35421904	NA	NA	NA	1	1	0.0
chr22	31722879	31723295	cds_exonic_132929	+	31723162	NA	NA	NA	1	1	0.0
chr12	104336304	104336574	cds_exonic_50599	+	104336516	NA	NA	NA	1	1	0.0
chr12	46319924	46322642	cds_exonic_45458	+	46321813	NA	NA	NA	1	1	0.0
chr13	25670336	25672229	cds_exonic_54238	+	25670897	NA	NA	NA	1	1	0.0
chr1	171514617	171514826	cds_exonic_15906	+	171514769	NA	NA	NA	1	1	0.0
chr19	1037623	1037896	cds_exonic_95804	+	1037812	NA	NA	NA	1	1	0.0
chrX	47088104	47088390	cds_exonic_203736	+	47088390	3	NA	NA	1	1	0.0
chr1	113456515	113456787	cds_exonic_11025	+	113456654	NA	AGTAAA	19	3	2	10.8627804912
chr14	102551017	102551335	cds_exonic_63187	+	102551134	NA	NA	NA	1	1	0.0
chr10	104572351	104573085	cds_exonic_28114	+	104572351	NA	NA	NA	1	1	0.0
chr10	104572351	104573085	cds_exonic_28114	+	104572418	NA	NA	NA	1	1	0.0
chr5	133316418	133316647	cds_exonic_161788	+	133316635	NA	NA	NA	1	1	0.0
chr20	62891318	62891625	cds_exonic_128760	+	62891343	NA	NA	NA	1	1	0.0
chr7	64451592	64453404	cds_exonic_179334	+	64452462	NA	NA	NA	1	1	0.0
chr17	80400052	80400465	cds_exonic_92244	+	80400465	NA	NA	NA	1	1	0.0
chr22	41513190	41513825	cds_exonic_134172	+	41513453	NA	GATAAA	33	1	1	0.0
chr9	136230371	136230635	cds_exonic_200591	+	136230635	NA	NA	NA	1	1	0.0
chr2	55490775	55490994	cds_exonic_110976	+	55490786	NA	NA	NA	1	1	0.0
chr17	27957861	27959949	cds_exonic_84403	+	27959655	NA	NA	NA	1	1	0.0
chr1	226173005	226173224	cds_exonic_19912	+	226173005	NA	NA	NA	1	1	0.0
chr5	14398988	14399236	cds_exonic_156900	+	14399123	NA	ACTAAA	1	1	1	0.0
chr12	49424957	49427747	cds_exonic_45893	+	49425058	NA	NA	NA	1	1	0.0
chr12	49424957	49427747	cds_exonic_45893	+	49426797	NA	NA	NA	1	1	0.0
chr6	100960584	100960794	cds_exonic_172360	+	100960652	NA	NA	NA	1	1	0.0
chr13	70370869	70371094	cds_exonic_56001	+	70371063	NA	NA	NA	1	1	0.0
chr18	72913373	72914295	cds_exonic_95382	+	72913992	NA	NA	NA	1	1	0.0
chr1	234742885	234743598	cds_exonic_20628	+	234742904	NA	NA	NA	1	1	0.0
chr5	147806775	147807510	cds_exonic_163113	+	147807211	NA	NA	NA	1	1	0.0
chr6	35262920	35263144	cds_exonic_168699	+	35263144	NA	NA	NA	1	1	0.0
chr16	2012990	2013257	cds_exonic_72190	+	2012990	NA	NA	NA	1	1	0.0
chr11	65487712	65487954	cds_exonic_36477	+	65487804	NA	NA	NA	1	1	0.0
chr6	26056017	26056656	cds_exonic_166681	+	26056320	NA	NA	NA	1	1	0.0
chr6	26056017	26056656	cds_exonic_166681	+	26056471	NA	NA	NA	1	1	0.0
chr6	26056017	26056656	cds_exonic_166681	+	26056656	NA	NA	NA	1	1	0.0
chr16	85667519	85667738	cds_exonic_79546	+	85667579	NA	NA	NA	1	1	0.0
chr15	66791747	66791990	cds_exonic_68426	+	66791892	NA	AAGAAA	1	1	1	0.0
chr19	14288342	14288556	cds_exonic_99556	+	14288408	NA	NA	NA	1	1	0.0
chrX	11206847	11207104	cds_exonic_202207	+	11207031	NA	NA	NA	1	1	0.0
chr9	35748342	35748701	cds_exonic_195064	+	35748536	NA	NA	NA	1	1	0.0
chr6	42712773	42713811	cds_exonic_169564	+	42712773	NA	NA	NA	1	1	0.0
chr6	167435896	167436123	cds_exonic_175783	+	167435985	NA	NA	NA	1	1	0.0
chr22	24237226	24237719	cds_exonic_131987	+	24237339	NA	NA	NA	1	1	0.0
chr22	24237226	24237719	cds_exonic_131987	+	24237410	NA	AATAAA	20	8	1	0.0
chr1	204378619	204380539	cds_exonic_18225	+	204379456	NA	AAGAAA AATAGA	1 8	1	1	0.0
chrX	122755007	122755438	cds_exonic_207196	+	122755077	NA	NA	NA	1	1	0.0
chr3	101370012	101370527	cds_exonic_142104	+	101370442	NA	NA	NA	1	1	0.0
chrX	18276163	18276367	cds_exonic_202588	+	18276245	NA	ACTAAA	24	1	1	0.0
chr10	70968355	70968788	cds_exonic_24979	+	70968788	NA	AAGAAA	12	1	1	0.0
chr1	19479794	19479996	cds_exonic_2742	+	19479883	NA	NA	NA	1	1	0.0
chr10	103558598	103559212	cds_exonic_27864	+	103558671	NA	NA	NA	1	1	0.0
chr2	86701898	86702113	cds_exonic_112852	+	86701926	NA	NA	NA	1	1	0.0
chr1	155734676	155736500	cds_exonic_13977	+	155734892	NA	NA	NA	1	1	0.0
chr1	8923949	8924151	cds_exonic_1263	+	8924043	NA	NA	NA	1	1	0.0
chr16	11933551	11933842	cds_exonic_73445	+	11933694	NA	AAGAAA	29	1	1	0.0
chr13	98637674	98637876	cds_exonic_56549	+	98637749	NA	NA	NA	1	1	0.0
chr15	82443805	82444764	cds_exonic_69976	+	82444350	NA	NA	NA	1	1	0.0
chr10	43882087	43883332	cds_exonic_23695	+	43883318	NA	NA	NA	2	2	1.58113883008
chr2	21224604	21226206	cds_exonic_108302	+	21225564	NA	NA	NA	1	1	0.0
chrX	153195442	153195760	cds_exonic_208522	+	153195442	NA	NA	NA	1	1	0.0
chr6	26027171	26027480	cds_exonic_166672	+	26027480	NA	NA	NA	1	1	0.0
chr6	26031880	26032288	cds_exonic_166675	+	26032039	NA	NA	NA	1	1	0.0
chr6	26031880	26032288	cds_exonic_166675	+	26032287	NA	ACTAAA	8	52	2	5.22567625362
chr4	3533935	3534139	cds_exonic_148710	+	3534063	NA	NA	NA	1	1	0.0
chrM	14746	15887	cds_exonic_201824	+	15456	NA	NA	NA	1	1	0.0
chrM	14746	15887	cds_exonic_201824	+	15819	NA	NA	NA	1	1	0.0
chrM	14746	15887	cds_exonic_201824	+	15887	NA	NA	NA	1	1	0.0
chr1	247012916	247014744	cds_exonic_21384	+	247012916	NA	NA	NA	1	1	0.0
chr14	94528442	94528967	cds_exonic_62674	+	94528690	NA	NA	NA	1	1	0.0
chr14	23530506	23530831	cds_exonic_58094	+	23530728	NA	NA	NA	1	1	0.0
chr16	30005226	30006164	cds_exonic_75488	+	30006047	NA	NA	NA	1	1	0.0
chr16	53337631	53338537	cds_exonic_76598	+	53337857	NA	NA	NA	1	1	0.0
chr3	36896663	36899540	cds_exonic_137380	+	36899430	NA	NA	NA	1	1	0.0
chr14	21702111	21702352	cds_exonic_57788	+	21702316	NA	AATACA AATGAA	20 16	2	1	0.0
chr11	118965675	118966104	cds_exonic_40840	+	118965952	NA	NA	NA	1	1	0.0
chr5	39382719	39383373	cds_exonic_157821	+	39383104	NA	AAGAAA	1	1	1	0.0
chr1	186303456	186303665	cds_exonic_17124	+	186303645	NA	NA	NA	1	1	0.0
chr16	88709763	88709979	cds_exonic_79725	+	88709763	NA	NA	NA	1	1	0.0
chr2	182766492	182767193	cds_exonic_118749	+	182766744	NA	NA	NA	1	1	0.0
chr11	19256290	19256605	cds_exonic_32781	+	19256430	NA	AATAAA AAGAAA	3 4	1	1	0.0
chr12	53295647	53295856	cds_exonic_46743	+	53295724	NA	NA	NA	1	1	0.0
chr15	49054587	49054869	cds_exonic_66770	+	49054868	NA	AAGAAA	3	1	1	0.0
chr7	99621129	99621555	cds_exonic_181491	+	99621323	NA	NA	NA	1	1	0.0
chrM	9206	9990	cds_exonic_201819	+	9486	NA	AATAAA	18	1	1	0.0
chrM	9206	9990	cds_exonic_201819	+	9871	NA	NA	NA	4	3	1.32287565553
chrM	9206	9990	cds_exonic_201819	+	9990	NA	AATAGA	10	30	1	0.0
chrM	4469	5511	cds_exonic_201815	+	5403	NA	NA	NA	1	1	0.0
chrM	4469	5511	cds_exonic_201815	+	5511	NA	TATAAA	11	1	1	0.0
chrM	3306	4262	cds_exonic_201814	+	3951	NA	NA	NA	1	1	0.0
chrM	5903	7445	cds_exonic_201816	+	7267	NA	NA	NA	1	1	0.0
chr6	26156618	26157275	cds_exonic_166696	+	26157052	NA	NA	NA	1	1	0.0
chr7	32598540	32599076	cds_exonic_178012	+	32598540	NA	NA	NA	1	1	0.0
chr7	32598540	32599076	cds_exonic_178012	+	32598902	NA	AAGAAA	32	1	1	0.0
chr12	6646749	6647162	cds_exonic_42781	+	6646916	NA	NA	NA	1	1	0.0
chr12	6646749	6647162	cds_exonic_42781	+	6646984	NA	NA	NA	1	1	0.0
chr2	191745810	191746196	cds_exonic_119235	+	191746196	NA	NA	NA	1	1	0.0
chr17	59667896	59668541	cds_exonic_89116	+	59668534	NA	NA	NA	1	1	0.0
chr1	90398627	90401201	cds_exonic_9399	+	90398946	NA	NA	NA	1	1	0.0
chr12	122690864	122691932	cds_exonic_52694	+	122691478	NA	NA	NA	1	1	0.0
chr3	160141212	160141438	cds_exonic_145829	+	160141315	NA	AGTAAA AGTAAA ACTAAA	5 11 32	1	1	0.0
chr21	34921781	34927697	cds_exonic_129463	+	34924190	NA	NA	NA	1	1	0.0
chr6	42627393	42627593	cds_exonic_169543	+	42627499	NA	AATATA	19	1	1	0.0
chr10	97380787	97381008	cds_exonic_27011	+	97380942	NA	NA	NA	1	1	0.0
chr10	64952697	64952911	cds_exonic_24690	+	64952707	NA	NA	NA	1	1	0.0
chr2	192700651	192701443	cds_exonic_119343	+	192701240	NA	AATAAA AAGAAA	3 22	1	1	0.0
chr14	100705581	100706260	cds_exonic_63033	+	100706198	NA	NA	NA	1	1	0.0
chrX	70469295	70469529	cds_exonic_205332	+	70469383	NA	NA	NA	1	1	0.0
chr1	156712159	156712421	cds_exonic_14324	+	156712379	NA	ATTAAA CATAAA	0 0	2	1	0.0
chr7	75958896	75959550	cds_exonic_180035	+	75959211	NA	NA	NA	1	1	0.0
chr1	200522518	200522895	cds_exonic_17547	+	200522518	NA	NA	NA	1	1	0.0
chr19	5719714	5720143	cds_exonic_97147	+	5719714	NA	NA	NA	1	1	0.0
chr6	26104175	26104484	cds_exonic_166692	+	26104423	NA	NA	NA	4	2	1.0
chr6	26104175	26104484	cds_exonic_166692	+	26104484	NA	NA	NA	1	1	0.0
chr6	26124460	26124850	cds_exonic_166695	+	26124610	NA	NA	NA	2	2	3.53553390593
chr7	105148561	105148959	cds_exonic_182534	+	105148716	NA	NA	NA	1	1	0.0
chr8	144940161	144947421	cds_exonic_192793	+	144943890	NA	NA	NA	1	1	0.0
chr4	40121551	40123929	cds_exonic_150058	+	40122809	NA	CATAAA	1	1	1	0.0
