chrm	beg	end	utr_ID	strand	polyA_coordinate	annotated_polyA_distance	nearby_PAS	PAS_distance	number_supporting_reads	number_unique_supporting_reads	unique_reads_spread
chr1	155231942	155232221	five_utr_exonic_2766	+	155231943	NA	NA	NA	1	1	0.0
chr1	61547979	61548432	five_utr_exonic_1586	+	61548402	NA	NA	NA	1	1	0.0
chr14	24583931	24584803	five_utr_exonic_11784	+	24584017	NA	NA	NA	2	1	0.0
chr14	24563367	24563614	five_utr_exonic_11781	+	24563544	NA	NA	NA	1	1	0.0
chr1	204380539	204380945	five_utr_exonic_3570	+	204380941	NA	NA	NA	3	1	0.0
chr7	155089485	155089737	five_utr_exonic_36706	+	155089602	NA	NA	NA	4	3	9.81070843517
chr3	48470661	48470872	five_utr_exonic_26739	+	48470872	NA	NA	NA	1	1	0.0
chr1	22109450	22110099	five_utr_exonic_586	+	22109569	NA	NA	NA	1	1	0.0
chr1	22050655	22051612	five_utr_exonic_583	+	22050655	NA	NA	NA	1	1	0.0
chr14	76127117	76127532	five_utr_exonic_12317	+	76127461	NA	NA	NA	1	1	0.0
chr6	160210500	160210781	five_utr_exonic_34497	+	160210606	NA	NA	NA	1	1	0.0
chr2	17721233	17721449	five_utr_exonic_20591	+	17721237	NA	NA	NA	1	1	0.0
chr8	48873457	48873704	five_utr_exonic_37442	+	48873500	NA	NA	NA	1	1	0.0
chr5	170814651	170814952	five_utr_exonic_32154	+	170814870	NA	NA	NA	1	1	0.0
chr17	74553859	74555122	five_utr_exonic_17265	+	74553859	NA	NA	NA	1	1	0.0
chr18	9913998	9914253	five_utr_exonic_17596	+	9914005	NA	NA	NA	1	1	0.0
chr3	50383010	50384283	five_utr_exonic_26887	+	50383941	NA	NA	NA	1	1	0.0
chr12	57482676	57483054	five_utr_exonic_9888	+	57483032	NA	NA	NA	1	1	0.0
chr4	77996696	77997158	five_utr_exonic_29536	+	77997045	NA	AAGAAA	34	6	3	4.4907311951
chr4	77996696	77997158	five_utr_exonic_29536	+	77997135	NA	NA	NA	1	1	0.0
chr1	71546678	71546980	five_utr_exonic_1689	+	71546697	NA	NA	NA	2	2	1.0
chr1	70820091	70820417	five_utr_exonic_1685	+	70820119	NA	NA	NA	1	1	0.0
chr1	151257681	151258550	five_utr_exonic_2483	+	151257908	NA	AATACA	13	1	1	0.0
chr5	36152090	36152364	five_utr_exonic_30729	+	36152252	NA	NA	NA	1	1	0.0
chr4	1722564	1723085	five_utr_exonic_28829	+	1722846	NA	NA	NA	1	1	0.0
chr1	206730492	206730901	five_utr_exonic_3631	+	206730645	NA	NA	NA	1	1	0.0
chr7	50515878	50517422	five_utr_exonic_35292	+	50515946	NA	NA	NA	1	1	0.0
chr4	17805764	17806394	five_utr_exonic_29055	+	17806300	NA	NA	NA	1	1	0.0
chr19	5911385	5913943	five_utr_exonic_18299	+	5912253	NA	NA	NA	1	1	0.0
chr19	5903719	5904025	five_utr_exonic_18297	+	5903746	NA	NA	NA	2	2	5.0
chr9	131084687	131085137	five_utr_exonic_39864	+	131085118	NA	NA	NA	1	1	0.0
chr1	109427896	109428144	five_utr_exonic_2011	+	109427992	NA	AATGAA	1	1	1	0.0
chr3	142838172	142839383	five_utr_exonic_28017	+	142839199	NA	AAGAAA	2	1	1	0.0
chr11	113185250	113185922	five_utr_exonic_8210	+	113185718	NA	NA	NA	1	1	0.0
chr11	320813	321050	five_utr_exonic_5791	+	320814	NA	NA	NA	1	1	0.0
chr11	313852	314155	five_utr_exonic_5790	+	314058	NA	AATACA	0	6	5	11.6117756322
chr11	313852	314155	five_utr_exonic_5790	+	314092	NA	NA	NA	1	1	0.0
chr11	313852	314155	five_utr_exonic_5790	+	314132	NA	NA	NA	1	1	0.0
chr1	151117499	151119104	five_utr_exonic_2466	+	151119104	NA	NA	NA	1	1	0.0
chr14	103800725	103800934	five_utr_exonic_12605	+	103800747	NA	NA	NA	1	1	0.0
chr5	126112839	126113200	five_utr_exonic_31478	+	126112872	NA	NA	NA	2	2	7.51664818919
chr5	126112839	126113200	five_utr_exonic_31478	+	126113128	NA	NA	NA	1	1	0.0
chr5	126112839	126113200	five_utr_exonic_31478	+	126113182	NA	NA	NA	1	1	0.0
chr1	202128647	202129119	five_utr_exonic_3496	+	202128647	NA	NA	NA	1	1	0.0
chr17	40575115	40575338	five_utr_exonic_16445	+	40575133	NA	NA	NA	1	1	0.0
chr7	100027066	100027641	five_utr_exonic_35882	+	100027382	NA	NA	NA	1	1	0.0
chr6	31704077	31704349	five_utr_exonic_33019	+	31704138	NA	NA	NA	1	1	0.0
chr6	31704077	31704349	five_utr_exonic_33019	+	31704290	NA	NA	NA	3	3	8.52447456836
chr1	153949728	153950164	five_utr_exonic_2692	+	153950000	NA	NA	NA	2	2	0.707106781187
chr1	43424322	43424539	five_utr_exonic_1252	+	43424531	NA	NA	NA	1	1	0.0
chr2	95787536	95787745	five_utr_exonic_21542	+	95787558	NA	NA	NA	1	1	0.0
chr2	38978398	38978636	five_utr_exonic_20942	+	38978496	NA	NA	NA	1	1	0.0
chr4	83294831	83295144	five_utr_exonic_29574	+	83295061	NA	NA	NA	4	1	0.0
chr3	185655648	185655924	five_utr_exonic_28518	+	185655751	NA	NA	NA	1	1	0.0
chr3	185655648	185655924	five_utr_exonic_28518	+	185655800	NA	NA	NA	1	1	0.0
chr2	68693275	68693602	five_utr_exonic_21224	+	68693403	NA	AATAAA AATACA	12 31	1	1	0.0
chr7	44162777	44163107	five_utr_exonic_35205	+	44162777	NA	NA	NA	2	1	0.0
chr5	176433539	176433752	five_utr_exonic_32251	+	176433721	NA	NA	NA	1	1	0.0
chr4	668036	669643	five_utr_exonic_28765	+	668108	NA	NA	NA	1	1	0.0
chr19	16187134	16187375	five_utr_exonic_18773	+	16187310	NA	NA	NA	1	1	0.0
chr16	202685	202908	five_utr_exonic_13852	+	202883	NA	NA	NA	3	3	6.97614984549
chr6	28219758	28220002	five_utr_exonic_32805	+	28220002	NA	NA	NA	1	1	0.0
chr16	87736120	87739290	five_utr_exonic_15281	+	87736609	NA	TTTAAA TTTAAA	7 27	1	1	0.0
chr22	38884120	38884535	five_utr_exonic_25663	+	38884268	NA	NA	NA	6	2	3.7859388972
chr12	120972153	120972614	five_utr_exonic_10554	+	120972506	NA	NA	NA	1	1	0.0
chr12	33592457	33592754	five_utr_exonic_9397	+	33592490	NA	NA	NA	2	1	0.0
chr8	66545953	66546442	five_utr_exonic_37566	+	66546400	NA	NA	NA	1	1	0.0
chrX	152989655	152990152	five_utr_exonic_41906	+	152989857	NA	NA	NA	1	1	0.0
chr17	7218649	7218950	five_utr_exonic_15616	+	7218947	NA	NA	NA	1	1	0.0
chr11	64889285	64889818	five_utr_exonic_7296	+	64889651	NA	NA	NA	1	1	0.0
chr11	64889285	64889818	five_utr_exonic_7296	+	64889808	NA	NA	NA	1	1	0.0
chr11	62433118	62433351	five_utr_exonic_7126	+	62433182	NA	AATAAA	19	5	2	1.0
chr11	62437503	62438711	five_utr_exonic_7127	+	62438389	NA	NA	NA	1	1	0.0
chr11	62437503	62438711	five_utr_exonic_7127	+	62438620	NA	NA	NA	2	1	0.0
chr20	62492565	62492893	five_utr_exonic_24457	+	62492567	NA	NA	NA	7	2	1.30930734142
chr5	176778648	176778853	five_utr_exonic_32273	+	176778672	NA	NA	NA	1	1	0.0
chr21	47742652	47743789	five_utr_exonic_24988	+	47743320	NA	ACTAAA AAGAAA	9 9	1	1	0.0
chr8	101733811	101735037	five_utr_exonic_37997	+	101734148	NA	TATAAA TATAAA	25 11	4	1	0.0
chr8	101733811	101735037	five_utr_exonic_37997	+	101734201	NA	NA	NA	1	1	0.0
chr11	9595227	9595480	five_utr_exonic_6248	+	9595292	NA	NA	NA	1	1	0.0
chr8	144373079	144373937	five_utr_exonic_38411	+	144373875	NA	NA	NA	1	1	0.0
chr20	10394162	10394579	five_utr_exonic_23609	+	10394218	NA	AATAAA	18	1	1	0.0
chr8	56685700	56686177	five_utr_exonic_37509	+	56686022	NA	NA	NA	1	1	0.0
chr1	150039368	150039914	five_utr_exonic_2402	+	150039376	NA	NA	NA	1	1	0.0
chr2	10588246	10588630	five_utr_exonic_20537	+	10588330	NA	NA	NA	1	1	0.0
chr3	150263922	150264589	five_utr_exonic_28091	+	150264250	NA	NA	NA	1	1	0.0
chr11	43902360	43902996	five_utr_exonic_6671	+	43902623	NA	NA	NA	1	1	0.0
chr3	69062724	69063112	five_utr_exonic_27161	+	69062756	NA	NA	NA	1	1	0.0
chr22	38349156	38349794	five_utr_exonic_25628	+	38349690	NA	NA	NA	1	1	0.0
chr19	14201232	14201520	five_utr_exonic_18682	+	14201341	NA	NA	NA	1	1	0.0
chr5	141016516	141017792	five_utr_exonic_31805	+	141016789	NA	NA	NA	1	1	0.0
chr11	64577581	64578213	five_utr_exonic_7257	+	64577865	NA	NA	NA	1	1	0.0
chr22	22221730	22221970	five_utr_exonic_25164	+	22221925	NA	NA	NA	1	1	0.0
chr4	111119491	111119832	five_utr_exonic_29890	+	111119557	NA	AATAAA	14	1	1	0.0
chr17	21730692	21730926	five_utr_exonic_15951	+	21730715	NA	NA	NA	1	1	0.0
chr14	74353319	74353618	five_utr_exonic_12270	+	74353557	NA	NA	NA	1	1	0.0
chr17	14204399	14204835	five_utr_exonic_15773	+	14204651	NA	NA	NA	2	1	0.0
chr17	62502269	62502484	five_utr_exonic_16979	+	62502321	NA	NA	NA	1	1	0.0
chr5	132161832	132162279	five_utr_exonic_31559	+	132161832	NA	NA	NA	2	1	0.0
chr2	187350882	187351109	five_utr_exonic_22516	+	187351102	NA	NA	NA	2	2	6.5192024052
chr5	132113367	132113701	five_utr_exonic_31555	+	132113579	NA	NA	NA	1	1	0.0
chr3	138665564	138665982	five_utr_exonic_27930	+	138665564	NA	NA	NA	1	1	0.0
chr1	235492330	235493819	five_utr_exonic_3997	+	235493802	NA	NA	NA	2	1	0.0
chr1	235491884	235492093	five_utr_exonic_3996	+	235492025	NA	TATAAA	31	1	1	0.0
chr1	235292030	235292251	five_utr_exonic_3991	+	235292126	NA	NA	NA	1	1	0.0
chr19	56165415	56166470	five_utr_exonic_20270	+	56166447	NA	NA	NA	1	1	0.0
chr17	57697218	57697492	five_utr_exonic_16894	+	57697390	NA	NA	NA	1	1	0.0
chr17	57697218	57697492	five_utr_exonic_16894	+	57697485	NA	NA	NA	1	1	0.0
chr10	102106876	102107261	five_utr_exonic_5341	+	102106973	NA	NA	NA	1	1	0.0
chr22	22899252	22900174	five_utr_exonic_25180	+	22900049	NA	NA	NA	3	2	13.2035348802
chr6	24777093	24777474	five_utr_exonic_32701	+	24777474	NA	ATTAAA	30	8	1	0.0
chr19	48752779	48753135	five_utr_exonic_19733	+	48752779	NA	NA	NA	1	1	0.0
chr1	161494035	161494448	five_utr_exonic_3033	+	161494162	NA	NA	NA	1	1	0.0
chr6	37137978	37138351	five_utr_exonic_33287	+	37137979	NA	NA	NA	2	2	1.58113883008
chr6	37137978	37138351	five_utr_exonic_33287	+	37138016	NA	NA	NA	1	1	0.0
chr12	132195992	132198615	five_utr_exonic_10800	+	132197393	NA	ATTAAA AATGAA GATAAA	14 31 26	8	2	3.40954542425
chr5	142782775	142783265	five_utr_exonic_31843	+	142782888	NA	AATATA AATATA	23 9	3	2	1.15470053838
chr1	51433607	51435571	five_utr_exonic_1440	+	51434655	NA	AAGAAA	31	1	1	0.0
chr2	219433302	219433677	five_utr_exonic_22960	+	219433602	NA	NA	NA	1	1	0.0
chr17	6543956	6544402	five_utr_exonic_15568	+	6544393	NA	NA	NA	1	1	0.0
chr14	53162199	53162423	five_utr_exonic_11998	+	53162420	NA	NA	NA	1	1	0.0
chr3	9005069	9005277	five_utr_exonic_26084	+	9005091	NA	NA	NA	1	1	0.0
chr20	5100444	5100672	five_utr_exonic_23563	+	5100590	NA	NA	NA	1	1	0.0
chr22	24236190	24236612	five_utr_exonic_25210	+	24236609	NA	NA	NA	14	4	1.25356634106
chr11	63993412	63994124	five_utr_exonic_7210	+	63994111	NA	NA	NA	1	1	0.0
chr5	80597421	80600576	five_utr_exonic_31196	+	80598832	NA	NA	NA	1	1	0.0
chr7	111201906	111202347	five_utr_exonic_36095	+	111201998	NA	AGTAAA	26	4	2	14.7309198627
chr3	11684992	11685398	five_utr_exonic_26168	+	11685083	NA	NA	NA	1	1	0.0
chr19	1026297	1026660	five_utr_exonic_18064	+	1026633	NA	NA	NA	1	1	0.0
chr17	40985422	40985648	five_utr_exonic_16476	+	40985449	NA	NA	NA	1	1	0.0
chr19	54704609	54704829	five_utr_exonic_20153	+	54704751	NA	NA	NA	1	1	0.0
chr19	12902309	12902585	five_utr_exonic_18631	+	12902514	NA	NA	NA	1	1	0.0
chr11	105948038	105948437	five_utr_exonic_8100	+	105948402	NA	NA	NA	1	1	0.0
chr4	41937136	41937501	five_utr_exonic_29231	+	41937471	NA	AAGAAA	14	1	1	0.0
chr8	126010847	126011645	five_utr_exonic_38231	+	126011028	NA	NA	NA	1	1	0.0
chr8	126010847	126011645	five_utr_exonic_38231	+	126011263	NA	NA	NA	2	2	11.0
chr8	126010847	126011645	five_utr_exonic_38231	+	126011335	NA	NA	NA	2	1	0.0
chr2	61764696	61765418	five_utr_exonic_21147	+	61764807	NA	NA	NA	1	1	0.0
chr7	120629104	120629675	five_utr_exonic_36182	+	120629539	NA	NA	NA	1	1	0.0
chr16	31106050	31106278	five_utr_exonic_14638	+	31106177	NA	NA	NA	1	1	0.0
chr7	5518696	5520173	five_utr_exonic_34743	+	5519829	NA	NA	NA	1	1	0.0
chr4	76598391	76599153	five_utr_exonic_29493	+	76598537	NA	NA	NA	1	1	0.0
chr5	54603587	54603841	five_utr_exonic_30877	+	54603627	NA	NA	NA	3	1	0.0
chr1	153610559	153610770	five_utr_exonic_2670	+	153610751	NA	AATAAA AATAAA TTTAAA AATAAA TTTAAA	3 16 29 9 5	1	1	0.0
chr15	52338026	52338657	five_utr_exonic_13160	+	52338162	NA	AATAAA AATATA	21 25	2	2	4.0
chr7	1608975	1609629	five_utr_exonic_34656	+	1609242	NA	NA	NA	1	1	0.0
chr16	21610796	21611054	five_utr_exonic_14385	+	21610932	NA	NA	NA	1	1	0.0
chr10	38383858	38384152	five_utr_exonic_4587	+	38384006	NA	NA	NA	1	1	0.0
chr7	30538946	30539592	five_utr_exonic_35050	+	30539091	NA	NA	NA	1	1	0.0
chr1	101360188	101361554	five_utr_exonic_1961	+	101360915	NA	ATTAAA	15	1	1	0.0
chr7	139044626	139045007	five_utr_exonic_36420	+	139044663	NA	NA	NA	1	1	0.0
chr12	6643092	6643827	five_utr_exonic_8827	+	6643694	NA	NA	NA	1	1	0.0
chr12	93835660	93836026	five_utr_exonic_10174	+	93835729	NA	NA	NA	1	1	0.0
chr13	45915204	45915505	five_utr_exonic_11177	+	45915288	NA	NA	NA	5	5	16.3584840373
chr20	2082256	2082527	five_utr_exonic_23476	+	2082258	NA	NA	NA	1	1	0.0
chr2	74729986	74731805	five_utr_exonic_21373	+	74731804	NA	TATAAA	23	2	1	0.0
chr2	74756756	74757133	five_utr_exonic_21379	+	74756805	NA	NA	NA	1	1	0.0
chr11	809646	810234	five_utr_exonic_5854	+	809986	NA	NA	NA	2	2	1.0
chr19	12780217	12780465	five_utr_exonic_18620	+	12780235	NA	NA	NA	1	1	0.0
chr3	49314643	49315263	five_utr_exonic_26817	+	49314971	NA	NA	NA	3	1	0.0
chr5	149379490	149380742	five_utr_exonic_31926	+	149380685	NA	NA	NA	1	1	0.0
chr1	46125855	46126897	five_utr_exonic_1360	+	46126502	NA	CATAAA	20	1	1	0.0
chr7	55979308	55979761	five_utr_exonic_35336	+	55979336	NA	NA	NA	1	1	0.0
chr8	145578427	145579090	five_utr_exonic_38523	+	145579087	NA	NA	NA	2	1	0.0
chr18	33552045	33552691	five_utr_exonic_17758	+	33552649	NA	NA	NA	1	1	0.0
chr13	28195473	28196120	five_utr_exonic_10997	+	28195756	NA	NA	NA	1	1	0.0
chr19	7069470	7069784	five_utr_exonic_18341	+	7069705	NA	NA	NA	3	1	0.0
chr19	7069470	7069784	five_utr_exonic_18341	+	7069784	NA	AATGAA	1	1	1	0.0
chr1	11908137	11908402	five_utr_exonic_320	+	11908139	NA	NA	NA	1	1	0.0
chr17	54910258	54910703	five_utr_exonic_16837	+	54910422	NA	AAGAAA	11	2	1	0.0
chr1	32403587	32403991	five_utr_exonic_914	+	32403711	NA	NA	NA	1	1	0.0
chr1	32384666	32385259	five_utr_exonic_911	+	32384666	NA	NA	NA	4	1	0.0
chr1	32384666	32385259	five_utr_exonic_911	+	32384713	NA	AATAAA	0	2	2	3.53553390593
chr21	38444887	38445470	five_utr_exonic_24726	+	38444887	NA	NA	NA	3	1	0.0
chr21	27107266	27107984	five_utr_exonic_24543	+	27107662	NA	NA	NA	1	1	0.0
chr21	27107266	27107984	five_utr_exonic_24543	+	27107949	NA	NA	NA	1	1	0.0
chr11	5291120	5291388	five_utr_exonic_6060	+	5291144	NA	NA	NA	6	6	8.39642781187
chr7	924031	925692	five_utr_exonic_34626	+	924667	NA	NA	NA	1	1	0.0
chr5	65222302	65222634	five_utr_exonic_30994	+	65222460	NA	NA	NA	2	2	1.0
chr16	18995608	18995903	five_utr_exonic_14324	+	18995867	NA	NA	NA	1	1	0.0
chr19	17416476	17416701	five_utr_exonic_18811	+	17416694	NA	NA	NA	1	1	0.0
chr19	17414050	17414282	five_utr_exonic_18810	+	17414202	NA	NA	NA	1	1	0.0
chr5	138677275	138677669	five_utr_exonic_31719	+	138677602	NA	NA	NA	5	1	0.0
chr20	61847244	61847586	five_utr_exonic_24411	+	61847285	NA	NA	NA	3	1	0.0
chr16	75033249	75033569	five_utr_exonic_15146	+	75033468	NA	NA	NA	1	1	0.0
chr6	42896937	42897308	five_utr_exonic_33413	+	42897004	NA	NA	NA	1	1	0.0
chr5	180670800	180671209	five_utr_exonic_32439	+	180670826	NA	NA	NA	2	2	1.58113883008
chr5	180670800	180671209	five_utr_exonic_32439	+	180670893	NA	NA	NA	3	3	4.04145188433
chr5	180670800	180671209	five_utr_exonic_32439	+	180670921	NA	NA	NA	1	1	0.0
chr21	30445911	30446118	five_utr_exonic_24562	+	30445947	NA	NA	NA	1	1	0.0
chr16	57770889	57771155	five_utr_exonic_14846	+	57771105	NA	NA	NA	1	1	0.0
chr5	137878785	137878989	five_utr_exonic_31683	+	137878843	NA	NA	NA	1	1	0.0
chr15	85259306	85259674	five_utr_exonic_13657	+	85259641	NA	NA	NA	1	1	0.0
chr12	53575460	53575767	five_utr_exonic_9687	+	53575697	NA	NA	NA	1	1	0.0
chr12	98987402	98987756	five_utr_exonic_10222	+	98987677	NA	NA	NA	2	2	14.0
chr7	135661848	135662101	five_utr_exonic_36387	+	135662022	NA	NA	NA	1	1	0.0
chr19	6375860	6377007	five_utr_exonic_18309	+	6376714	NA	NA	NA	2	1	0.0
chr5	139027876	139028430	five_utr_exonic_31738	+	139028255	NA	NA	NA	1	1	0.0
chr4	109088923	109090112	five_utr_exonic_29866	+	109089192	NA	NA	NA	1	1	0.0
chr2	171785035	171785850	five_utr_exonic_22347	+	171785849	NA	NA	NA	4	1	0.0
chr4	146539414	146540559	five_utr_exonic_30122	+	146539973	NA	TTTAAA	17	1	1	0.0
chr6	33256947	33257633	five_utr_exonic_33140	+	33256952	NA	NA	NA	2	1	0.0
chrX	48334548	48334784	five_utr_exonic_40685	+	48334627	NA	NA	NA	1	1	0.0
chrX	48327722	48328565	five_utr_exonic_40683	+	48327989	NA	NA	NA	3	1	0.0
chr20	29611856	29612113	five_utr_exonic_23756	+	29612103	NA	NA	NA	1	1	0.0
chr9	79009108	79009421	five_utr_exonic_39144	+	79009260	NA	NA	NA	1	1	0.0
chr12	53400061	53400267	five_utr_exonic_9667	+	53400211	NA	NA	NA	1	1	0.0
chr5	60458043	60458301	five_utr_exonic_30955	+	60458201	NA	NA	NA	1	1	0.0
chr2	130939403	130939855	five_utr_exonic_21980	+	130939832	NA	NA	NA	1	1	0.0
chr21	46221663	46221934	five_utr_exonic_24933	+	46221694	NA	NA	NA	2	2	2.0
chr3	134204161	134205044	five_utr_exonic_27859	+	134204209	NA	AATAAA AAGAAA	1 11	1	1	0.0
chr17	38443884	38444342	five_utr_exonic_16320	+	38444159	NA	NA	NA	1	1	0.0
chr11	65270288	65271093	five_utr_exonic_7322	+	65270453	NA	NA	NA	1	1	0.0
chr8	11660119	11660341	five_utr_exonic_36884	+	11660249	NA	NA	NA	1	1	0.0
chr2	47596374	47596644	five_utr_exonic_21046	+	47596415	NA	NA	NA	1	1	0.0
chr5	95066849	95067386	five_utr_exonic_31275	+	95067128	NA	NA	NA	1	1	0.0
chr19	1969506	1969771	five_utr_exonic_18126	+	1969767	NA	NA	NA	6	2	8.20568908339
chr3	57742274	57743378	five_utr_exonic_27079	+	57742921	NA	NA	NA	1	1	0.0
chr2	207024064	207024703	five_utr_exonic_22796	+	207024643	NA	NA	NA	1	1	0.0
chr6	57037123	57037495	five_utr_exonic_33641	+	57037308	NA	NA	NA	1	1	0.0
chr17	28618837	28619074	five_utr_exonic_16046	+	28618932	NA	NA	NA	1	1	0.0
chr7	98971871	98972201	five_utr_exonic_35777	+	98971938	NA	NA	NA	1	1	0.0
chr1	23885917	23886285	five_utr_exonic_631	+	23885951	NA	NA	NA	7	4	7.60638829256
chr16	89627055	89627367	five_utr_exonic_15345	+	89627123	NA	NA	NA	1	1	0.0
chr3	135719900	135720340	five_utr_exonic_27875	+	135720328	NA	NA	NA	1	1	0.0
chr14	35591165	35591519	five_utr_exonic_11885	+	35591165	NA	NA	NA	1	1	0.0
chr9	95055727	95056038	five_utr_exonic_39269	+	95055961	NA	NA	NA	2	1	0.0
chr8	19674650	19675048	five_utr_exonic_37000	+	19675036	NA	NA	NA	1	1	0.0
chr1	116915881	116916133	five_utr_exonic_2210	+	116915893	NA	NA	NA	1	1	0.0
chr14	81686862	81687294	five_utr_exonic_12366	+	81686988	NA	NA	NA	1	1	0.0
chr17	7760781	7761452	five_utr_exonic_15669	+	7760853	NA	NA	NA	1	1	0.0
chr5	114961489	114961870	five_utr_exonic_31407	+	114961690	NA	NA	NA	1	1	0.0
chr9	7799734	7800067	five_utr_exonic_38677	+	7799750	NA	NA	NA	1	1	0.0
chr8	98656406	98656734	five_utr_exonic_37943	+	98656614	NA	NA	NA	1	1	0.0
chr1	43296204	43296438	five_utr_exonic_1247	+	43296433	NA	NA	NA	3	1	0.0
chr2	170441077	170441409	five_utr_exonic_22320	+	170441187	NA	NA	NA	1	1	0.0
chr4	103747665	103748279	five_utr_exonic_29803	+	103747992	NA	NA	NA	1	1	0.0
chr4	103747665	103748279	five_utr_exonic_29803	+	103748279	NA	AATACA	23	1	1	0.0
chr8	144679024	144679914	five_utr_exonic_38445	+	144679586	NA	NA	NA	4	1	0.0
chr11	65625570	65626101	five_utr_exonic_7365	+	65625646	NA	NA	NA	2	2	8.51469318296
chr11	3013023	3013332	five_utr_exonic_5983	+	3013318	NA	NA	NA	1	1	0.0
chr20	35401796	35402230	five_utr_exonic_23955	+	35402136	NA	NA	NA	2	1	0.0
chr19	2427531	2427875	five_utr_exonic_18150	+	2427699	NA	NA	NA	1	1	0.0
chr21	36259409	36260987	five_utr_exonic_24694	+	36260815	NA	AAGAAA	11	1	1	0.0
chrX	153200357	153200676	five_utr_exonic_41932	+	153200465	NA	NA	NA	1	1	0.0
chr11	96123157	96123813	five_utr_exonic_8036	+	96123459	NA	NA	NA	1	1	0.0
chr17	7165362	7166264	five_utr_exonic_15606	+	7165375	NA	NA	NA	1	1	0.0
chr1	84971774	84972248	five_utr_exonic_1769	+	84971804	NA	NA	NA	1	1	0.0
chr12	64803436	64803815	five_utr_exonic_9977	+	64803786	NA	TATAAA	0	1	1	0.0
chr11	125495035	125495655	five_utr_exonic_8550	+	125495036	NA	NA	NA	1	1	0.0
chr6	31804619	31805012	five_utr_exonic_33041	+	31805012	NA	AATAAA	28	1	1	0.0
chr12	109915067	109915914	five_utr_exonic_10378	+	109915846	NA	NA	NA	2	1	0.0
chr1	54513045	54513686	five_utr_exonic_1517	+	54513303	NA	AAGAAA	2	1	1	0.0
chr6	30029030	30029301	five_utr_exonic_32879	+	30029085	NA	NA	NA	1	1	0.0
chr19	48828628	48828867	five_utr_exonic_19740	+	48828788	NA	NA	NA	1	1	0.0
chr19	35417806	35418186	five_utr_exonic_19057	+	35417826	NA	NA	NA	1	1	0.0
chr7	30634296	30634537	five_utr_exonic_35052	+	30634515	NA	NA	NA	1	1	0.0
chr15	57210822	57211104	five_utr_exonic_13199	+	57211061	NA	NA	NA	1	1	0.0
chr2	96931869	96932088	five_utr_exonic_21572	+	96932020	NA	NA	NA	1	1	0.0
chr7	143599053	143599291	five_utr_exonic_36531	+	143599121	NA	NA	NA	1	1	0.0
chr7	143599053	143599291	five_utr_exonic_36531	+	143599189	NA	NA	NA	1	1	0.0
chr3	9791627	9791970	five_utr_exonic_26104	+	9791960	NA	NA	NA	1	1	0.0
chr20	388693	389382	five_utr_exonic_23429	+	388979	NA	NA	NA	1	1	0.0
chr16	69598996	69600204	five_utr_exonic_15043	+	69599309	NA	NA	NA	1	1	0.0
chr16	69760342	69760707	five_utr_exonic_15045	+	69760440	NA	NA	NA	1	1	0.0
chr10	18940132	18940551	five_utr_exonic_4399	+	18940201	NA	AAGAAA	2	1	1	0.0
chr19	16244837	16245045	five_utr_exonic_18775	+	16245041	NA	NA	NA	4	1	0.0
chr10	32635843	32636146	five_utr_exonic_4530	+	32636081	NA	ATTAAA	29	1	1	0.0
chr22	21271713	21272222	five_utr_exonic_25130	+	21272050	NA	NA	NA	1	1	0.0
chr22	21271713	21272222	five_utr_exonic_25130	+	21272097	NA	NA	NA	1	1	0.0
chr22	21271713	21272222	five_utr_exonic_25130	+	21272222	NA	NA	NA	1	1	0.0
chr13	26796139	26796791	five_utr_exonic_10977	+	26796424	NA	NA	NA	1	1	0.0
chr13	26796139	26796791	five_utr_exonic_10977	+	26796791	NA	AATAAA	20	1	1	0.0
chr16	3019245	3019675	five_utr_exonic_14057	+	3019512	NA	NA	NA	1	1	0.0
chr16	447902	448179	five_utr_exonic_13884	+	447902	NA	NA	NA	1	1	0.0
chr22	32340446	32340719	five_utr_exonic_25459	+	32340674	NA	NA	NA	1	1	0.0
chr7	32529977	32530475	five_utr_exonic_35078	+	32530197	NA	NA	NA	1	1	0.0
chr9	134151566	134151934	five_utr_exonic_39976	+	134151789	NA	NA	NA	5	1	0.0
chr11	66248211	66248496	five_utr_exonic_7426	+	66248286	NA	AGTAAA	19	1	1	0.0
chr1	150266339	150266786	five_utr_exonic_2415	+	150266339	NA	NA	NA	1	1	0.0
chr18	12308069	12308291	five_utr_exonic_17617	+	12308262	NA	NA	NA	1	1	0.0
chr11	102962601	102962944	five_utr_exonic_8075	+	102962601	NA	NA	NA	2	1	0.0
chr17	43224683	43226557	five_utr_exonic_16595	+	43226318	NA	NA	NA	1	1	0.0
chrX	149106410	149107029	five_utr_exonic_41768	+	149106410	NA	NA	NA	3	1	0.0
chrX	149106410	149107029	five_utr_exonic_41768	+	149106564	NA	NA	NA	1	1	0.0
chrX	149106410	149107029	five_utr_exonic_41768	+	149106681	NA	NA	NA	10	1	0.0
chr1	55680786	55681039	five_utr_exonic_1551	+	55681007	NA	NA	NA	1	1	0.0
chr5	134734751	134735312	five_utr_exonic_31622	+	134734894	NA	NA	NA	1	1	0.0
chr8	133787617	133787891	five_utr_exonic_38287	+	133787891	NA	NA	NA	1	1	0.0
chr5	132387653	132387942	five_utr_exonic_31569	+	132387748	NA	NA	NA	1	1	0.0
chr11	61584401	61584669	five_utr_exonic_7074	+	61584415	NA	NA	NA	1	1	0.0
chr1	156307975	156308256	five_utr_exonic_2833	+	156308008	NA	NA	NA	4	2	0.707106781187
chr1	156307104	156307340	five_utr_exonic_2831	+	156307148	NA	NA	NA	1	1	0.0
chr17	5391515	5391909	five_utr_exonic_15557	+	5391598	NA	AATGAA	32	1	1	0.0
chr16	67970652	67970990	five_utr_exonic_15000	+	67970670	NA	NA	NA	2	1	0.0
chr8	142431487	142432340	five_utr_exonic_38365	+	142432119	NA	AAGAAA	20	8	2	9.12414379545
chr16	30077033	30077248	five_utr_exonic_14557	+	30077115	NA	NA	NA	1	1	0.0
chr16	30077033	30077248	five_utr_exonic_14557	+	30077159	NA	NA	NA	1	1	0.0
chr4	83350843	83351294	five_utr_exonic_29577	+	83350911	NA	NA	NA	4	1	0.0
chr4	83350843	83351294	five_utr_exonic_29577	+	83351283	NA	NA	NA	1	1	0.0
chr16	30006926	30007559	five_utr_exonic_14544	+	30007302	NA	NA	NA	1	1	0.0
chr4	110650965	110651233	five_utr_exonic_29881	+	110651198	NA	NA	NA	2	1	0.0
chr19	19144383	19144822	five_utr_exonic_18901	+	19144402	NA	NA	NA	1	1	0.0
chr5	133983805	133984766	five_utr_exonic_31604	+	133984481	NA	NA	NA	1	1	0.0
chr19	13263757	13264000	five_utr_exonic_18659	+	13263916	NA	NA	NA	1	1	0.0
chr7	30174425	30174752	five_utr_exonic_35037	+	30174725	NA	NA	NA	1	1	0.0
chr1	111991791	111992163	five_utr_exonic_2107	+	111992128	NA	NA	NA	1	1	0.0
chr19	41858949	41859831	five_utr_exonic_19424	+	41859385	NA	NA	NA	1	1	0.0
chr17	73282845	73283755	five_utr_exonic_17134	+	73282882	NA	NA	NA	1	1	0.0
chr12	49525083	49525304	five_utr_exonic_9530	+	49525171	NA	NA	NA	1	1	0.0
chr17	26369181	26369899	five_utr_exonic_15965	+	26369691	NA	AAGAAA	5	1	1	0.0
chr1	68150743	68151177	five_utr_exonic_1663	+	68151142	NA	NA	NA	1	1	0.0
chr11	61101020	61101247	five_utr_exonic_7031	+	61101050	NA	NA	NA	1	1	0.0
chr2	203880878	203881107	five_utr_exonic_22775	+	203881053	NA	AATAAA	20	1	1	0.0
chrX	48772669	48773012	five_utr_exonic_40717	+	48772669	NA	NA	NA	1	1	0.0
chr4	130014258	130015183	five_utr_exonic_30026	+	130014328	NA	NA	NA	1	1	0.0
chr22	24110061	24110630	five_utr_exonic_25202	+	24110103	NA	NA	NA	2	2	10.0
chr19	41256758	41257313	five_utr_exonic_19402	+	41256968	NA	NA	NA	1	1	0.0
chr19	41256758	41257313	five_utr_exonic_19402	+	41257116	NA	AGTAAA	12	1	1	0.0
chr19	41256189	41256408	five_utr_exonic_19401	+	41256268	NA	NA	NA	1	1	0.0
chr3	184429609	184429836	five_utr_exonic_28498	+	184429787	NA	NA	NA	1	1	0.0
chr15	81293294	81294612	five_utr_exonic_13589	+	81294155	NA	NA	NA	8	2	1.41421356237
chr11	32456891	32457176	five_utr_exonic_6555	+	32456908	NA	NA	NA	1	1	0.0
chr9	113018715	113018920	five_utr_exonic_39506	+	113018857	NA	NA	NA	2	2	16.0
chr5	72794232	72794492	five_utr_exonic_31083	+	72794387	NA	NA	NA	1	1	0.0
chr5	10307736	10308138	five_utr_exonic_30594	+	10307894	NA	NA	NA	1	1	0.0
chrX	23925819	23926446	five_utr_exonic_40479	+	23925892	NA	NA	NA	1	1	0.0
chr1	153604513	153604716	five_utr_exonic_2667	+	153604513	NA	NA	NA	1	1	0.0
chr5	139946149	139946618	five_utr_exonic_31762	+	139946446	NA	NA	NA	1	1	0.0
chr5	130500898	130501178	five_utr_exonic_31508	+	130500919	NA	NA	NA	1	1	0.0
chr7	56119322	56119541	five_utr_exonic_35348	+	56119486	NA	NA	NA	1	1	0.0
chr17	40703983	40704951	five_utr_exonic_16450	+	40704456	NA	NA	NA	3	2	1.0
chr17	40703983	40704951	five_utr_exonic_16450	+	40704792	NA	NA	NA	1	1	0.0
chr8	103876034	103876578	five_utr_exonic_38047	+	103876352	NA	AAGAAA	34	4	2	3.46410161514
chr6	24720129	24721064	five_utr_exonic_32698	+	24720200	NA	NA	NA	1	1	0.0
chr6	24720129	24721064	five_utr_exonic_32698	+	24720498	NA	NA	NA	3	1	0.0
chr6	24720129	24721064	five_utr_exonic_32698	+	24720733	NA	NA	NA	8	3	2.64575131106
chr6	24720129	24721064	five_utr_exonic_32698	+	24720777	NA	NA	NA	1	1	0.0
chr20	62695439	62695705	five_utr_exonic_24475	+	62695481	NA	AATAAA	13	2	2	1.58113883008
chr6	32939371	32940675	five_utr_exonic_33123	+	32940469	NA	AAGAAA	15	1	1	0.0
chr12	16035324	16035641	five_utr_exonic_9167	+	16035521	NA	NA	NA	1	1	0.0
chr6	43543601	43543812	five_utr_exonic_33468	+	43543769	NA	NA	NA	1	1	0.0
chr3	14444075	14444355	five_utr_exonic_26221	+	14444171	NA	TATAAA	24	2	1	0.0
chr19	45909466	45909954	five_utr_exonic_19617	+	45909889	NA	NA	NA	1	1	0.0
chr8	124191286	124192469	five_utr_exonic_38200	+	124192087	NA	AATAAA	2	1	1	0.0
chr6	32121621	32122181	five_utr_exonic_33077	+	32121982	NA	NA	NA	2	2	10.5118980208
chr2	113403433	113403706	five_utr_exonic_21827	+	113403535	NA	NA	NA	1	1	0.0
chr2	113404139	113404405	five_utr_exonic_21828	+	113404262	NA	NA	NA	2	1	0.0
chr11	46403218	46403607	five_utr_exonic_6740	+	46403603	NA	NA	NA	1	1	0.0
chr11	118958212	118958788	five_utr_exonic_8369	+	118958721	NA	NA	NA	67	3	0.323229967578
chr11	118888994	118889505	five_utr_exonic_8362	+	118889473	NA	NA	NA	1	1	0.0
chr1	51425483	51425935	five_utr_exonic_1438	+	51425613	NA	NA	NA	1	1	0.0
chrX	119737834	119738091	five_utr_exonic_41489	+	119738091	NA	NA	NA	1	1	0.0
chr16	24550907	24551947	five_utr_exonic_14428	+	24551896	NA	TATAAA AATATA TATAAA	26 30 10	1	1	0.0
chr4	6641817	6642589	five_utr_exonic_28954	+	6642451	NA	NA	NA	1	1	0.0
chr10	101945383	101948054	five_utr_exonic_5335	+	101946225	NA	AATAAA	5	1	1	0.0
chr4	141445311	141445815	five_utr_exonic_30064	+	141445748	NA	NA	NA	3	1	0.0
chr17	56084498	56084707	five_utr_exonic_16861	+	56084614	NA	NA	NA	1	1	0.0
chr15	23810453	23810929	five_utr_exonic_12725	+	23810453	NA	NA	NA	2	1	0.0
chr2	61404756	61406115	five_utr_exonic_21140	+	61405869	NA	NA	NA	1	1	0.0
chr19	58201167	58202072	five_utr_exonic_20360	+	58202015	NA	AATAAA AATATA	16 27	1	1	0.0
chr19	58280996	58281210	five_utr_exonic_20364	+	58281043	NA	NA	NA	3	1	0.0
chr2	241499470	241500101	five_utr_exonic_23327	+	241499484	NA	NA	NA	9	3	4.59468291736
chr6	154831248	154831793	five_utr_exonic_34435	+	154831463	NA	NA	NA	1	1	0.0
chr22	39916182	39917450	five_utr_exonic_25722	+	39916579	NA	NA	NA	3	2	9.89949493661
chr7	142552791	142553147	five_utr_exonic_36487	+	142553147	NA	NA	NA	8	1	0.0
chr6	167369670	167370190	five_utr_exonic_34551	+	167369670	NA	NA	NA	1	1	0.0
chr6	167369670	167370190	five_utr_exonic_34551	+	167370067	NA	NA	NA	1	1	0.0
chr12	9809516	9809752	five_utr_exonic_8997	+	9809752	NA	NA	NA	2	1	0.0
chr5	148930527	148931007	five_utr_exonic_31915	+	148930529	NA	NA	NA	1	1	0.0
chr5	148930527	148931007	five_utr_exonic_31915	+	148930849	NA	NA	NA	1	1	0.0
chr6	30687977	30688283	five_utr_exonic_32922	+	30688150	NA	NA	NA	10	6	1.37840487521
chr5	37371079	37371283	five_utr_exonic_30742	+	37371183	NA	NA	NA	1	1	0.0
chr9	74979611	74980163	five_utr_exonic_39119	+	74979678	NA	NA	NA	1	1	0.0
chr18	32870973	32871196	five_utr_exonic_17747	+	32871187	NA	NA	NA	1	1	0.0
chr1	185125844	185126116	five_utr_exonic_3365	+	185126022	NA	NA	NA	1	1	0.0
chr7	117824334	117825700	five_utr_exonic_36172	+	117825331	NA	AAGAAA	6	1	1	0.0
chr6	10887063	10887359	five_utr_exonic_32585	+	10887300	NA	NA	NA	1	1	0.0
chr2	24583172	24583583	five_utr_exonic_20669	+	24583377	NA	NA	NA	1	1	0.0
chr9	130331153	130331367	five_utr_exonic_39806	+	130331166	NA	NA	NA	6	3	6.25832778517
chr1	2487803	2488103	five_utr_exonic_139	+	2487841	NA	NA	NA	1	1	0.0
chrX	40944887	40945362	five_utr_exonic_40577	+	40945022	NA	NA	NA	1	1	0.0
chr13	39611379	39612252	five_utr_exonic_11109	+	39611569	NA	NA	NA	2	1	0.0
chr14	62162230	62162522	five_utr_exonic_12101	+	62162522	NA	NA	NA	1	1	0.0
chr11	10830251	10830657	five_utr_exonic_6280	+	10830345	NA	NA	NA	2	1	0.0
chr5	140027168	140027493	five_utr_exonic_31767	+	140027417	NA	NA	NA	1	1	0.0
chr9	36190852	36191053	five_utr_exonic_38980	+	36190942	NA	NA	NA	1	1	0.0
chr1	203767973	203772144	five_utr_exonic_3551	+	203771845	NA	AATGAA TTTAAA TTTAAA	28 24 10	2	2	18.0
chr18	5237650	5238245	five_utr_exonic_17554	+	5238126	NA	NA	NA	1	1	0.0
chr11	73587801	73588066	five_utr_exonic_7708	+	73587867	NA	NA	NA	1	1	0.0
chr12	123464590	123464934	five_utr_exonic_10682	+	123464592	NA	NA	NA	1	1	0.0
chr4	2481579	2482937	five_utr_exonic_28864	+	2481952	NA	NA	NA	1	1	0.0
chr2	162164548	162165297	five_utr_exonic_22226	+	162165053	NA	NA	NA	7	1	0.0
chr19	51301705	51302215	five_utr_exonic_19922	+	51301736	NA	NA	NA	1	1	0.0
chr19	51301705	51302215	five_utr_exonic_19922	+	51301922	NA	NA	NA	1	1	0.0
chr19	51301705	51302215	five_utr_exonic_19922	+	51302042	NA	NA	NA	1	1	0.0
chr19	51301705	51302215	five_utr_exonic_19922	+	51302143	NA	NA	NA	1	1	0.0
