chrm	beg	end	utr_ID	strand	polyA_coordinate	annotated_polyA_distance	nearby_PAS	PAS_distance	number_supporting_reads	number_unique_supporting_reads	unique_reads_spread
chr6	34247481	34254545	noncoding_exonic_74043	+	34247481	NA	NA	NA	1	1	0.0
chr19	55854219	55855047	noncoding_exonic_37840	+	55854219	NA	NA	NA	1	1	0.0
chr11	62619459	62620153	noncoding_exonic_19018	+	62619461	NA	NA	NA	1	1	0.0
chrX	52861753	52862949	noncoding_exonic_95223	+	52862290	NA	NA	NA	1	1	0.0
chr19	50222754	50223338	noncoding_exonic_37466	+	50223294	NA	NA	NA	1	1	0.0
chr1	16767660	16768114	noncoding_exonic_1185	+	16768075	NA	AGTAAA	33	1	1	0.0
chr1	246797312	246797774	noncoding_exonic_11095	+	246797312	NA	NA	NA	1	1	0.0
chr19	14181209	14182052	noncoding_exonic_36621	+	14181209	NA	NA	NA	1	1	0.0
chr3	128215541	128216209	noncoding_exonic_57712	+	128215829	NA	NA	NA	2	1	0.0
chr4	16257879	16259810	noncoding_exonic_61427	+	16258098	NA	NA	NA	1	1	0.0
chrM	576	3304	noncoding_exonic_93870	+	1051	NA	AATAGA	4	1	1	0.0
chrM	576	3304	noncoding_exonic_93870	+	1313	NA	NA	NA	5	2	1.48323969742
chrM	576	3304	noncoding_exonic_93870	+	1357	NA	NA	NA	1	1	0.0
chrM	576	3304	noncoding_exonic_93870	+	1418	NA	NA	NA	1	1	0.0
chrM	576	3304	noncoding_exonic_93870	+	1689	NA	NA	NA	3	3	5.44671154612
chrM	576	3304	noncoding_exonic_93870	+	1793	NA	AATAGA	20	33	7	4.18148878808
chrM	576	3304	noncoding_exonic_93870	+	2034	NA	NA	NA	1	1	0.0
chrM	576	3304	noncoding_exonic_93870	+	2104	NA	NA	NA	1	1	0.0
chrM	576	3304	noncoding_exonic_93870	+	2153	NA	NA	NA	1	1	0.0
chrM	576	3304	noncoding_exonic_93870	+	2250	NA	NA	NA	2	2	1.0
chrM	576	3304	noncoding_exonic_93870	+	2283	NA	NA	NA	3	1	0.0
chrM	576	3304	noncoding_exonic_93870	+	2389	NA	NA	NA	2	2	1.58113883008
chrM	576	3304	noncoding_exonic_93870	+	2457	NA	NA	NA	9	2	2.94392028878
chrM	576	3304	noncoding_exonic_93870	+	2569	NA	NA	NA	3	3	4.96655480858
chrM	576	3304	noncoding_exonic_93870	+	2642	NA	NA	NA	65	11	2.77904244715
chrM	576	3304	noncoding_exonic_93870	+	2687	NA	NA	NA	28	7	4.79955355067
chrM	576	3304	noncoding_exonic_93870	+	2759	NA	AATAAA ATTAAA	10 15	4	4	18.7549993335
chrM	576	3304	noncoding_exonic_93870	+	2828	NA	ATTAAA	11	2	2	8.0
chrM	576	3304	noncoding_exonic_93870	+	2878	NA	NA	NA	1	1	0.0
chrM	576	3304	noncoding_exonic_93870	+	2948	NA	NA	NA	1	1	0.0
chrM	576	3304	noncoding_exonic_93870	+	3042	NA	ATTAAA	24	2	2	19.5064092031
chrM	576	3304	noncoding_exonic_93870	+	3084	NA	ATTAAA	5	4	3	3.5
chrM	576	3304	noncoding_exonic_93870	+	3133	NA	NA	NA	4	2	8.26135582093
chrM	576	3304	noncoding_exonic_93870	+	3192	NA	NA	NA	3	3	14.3990740443
chrM	576	3304	noncoding_exonic_93870	+	3232	NA	NA	NA	14	3	1.60356745147
chrM	576	3304	noncoding_exonic_93870	+	723	NA	NA	NA	3	3	7.48331477355
chrM	576	3304	noncoding_exonic_93870	+	789	NA	NA	NA	1	1	0.0
chrM	576	3304	noncoding_exonic_93870	+	935	NA	AATAGA	29	2	2	8.0
chrM	576	3304	noncoding_exonic_93870	+	988	NA	AATAAA	19	2	2	8.0
chr22	21224821	21225329	noncoding_exonic_51446	+	21224822	NA	NA	NA	1	1	0.0
chr4	177241370	177243320	noncoding_exonic_65749	+	177241371	NA	NA	NA	2	1	0.0
chr1	225634944	225635220	noncoding_exonic_10215	+	225634945	NA	NA	NA	1	1	0.0
chr15	79217782	79219246	noncoding_exonic_31334	+	79218626	NA	NA	NA	1	1	0.0
chr4	122290587	122291500	noncoding_exonic_64348	+	122291301	NA	NA	NA	1	1	0.0
chr9	130873449	130874928	noncoding_exonic_93081	+	130873449	NA	NA	NA	1	1	0.0
chr11	2016405	2017421	noncoding_exonic_16215	+	2017382	NA	AGTAAA AAGAAA	28 32	4	1	0.0
chr9	79186648	79186950	noncoding_exonic_91470	+	79186679	NA	NA	NA	3	3	17.7200451467
chr9	79186648	79186950	noncoding_exonic_91470	+	79186728	NA	NA	NA	5	4	2.09761769634
chr9	79186648	79186950	noncoding_exonic_91470	+	79186859	NA	NA	NA	7	3	0.845154254729
chr2	139045598	139046363	noncoding_exonic_43323	+	139045710	NA	NA	NA	1	1	0.0
chrX	36980268	36981498	noncoding_exonic_94528	+	36981085	NA	NA	NA	1	1	0.0
chrX	85339718	85341344	noncoding_exonic_95866	+	85340666	NA	AAGAAA AAGAAA	2 34	1	1	0.0
chr11	43465759	43466055	noncoding_exonic_17895	+	43465759	NA	NA	NA	1	1	0.0
chr1	44541762	44542142	noncoding_exonic_2943	+	44542121	NA	NA	NA	1	1	0.0
chrX	33059511	33059838	noncoding_exonic_94492	+	33059607	NA	AATAAA	5	2	2	1.58113883008
chr3	50314570	50314977	noncoding_exonic_55682	+	50314571	NA	NA	NA	1	1	0.0
chr8	4644853	4646106	noncoding_exonic_84067	+	4644853	NA	NA	NA	1	1	0.0
chr8	29885228	29886416	noncoding_exonic_85338	+	29886264	NA	AATAAA	25	1	1	0.0
chr11	27910384	27912580	noncoding_exonic_17464	+	27912033	NA	NA	NA	1	1	0.0
chr11	27910384	27912580	noncoding_exonic_17464	+	27912102	NA	NA	NA	1	1	0.0
chrX	91368243	91369460	noncoding_exonic_95906	+	91368610	NA	NA	NA	1	1	0.0
chr5	179045324	179046269	noncoding_exonic_72215	+	179045706	NA	NA	NA	1	1	0.0
chr6	30709110	30709390	noncoding_exonic_73468	+	30709390	NA	NA	NA	1	1	0.0
chr4	88812994	88815167	noncoding_exonic_63393	+	88814172	NA	NA	NA	1	1	0.0
chr1	109635643	109636398	noncoding_exonic_5219	+	109636245	NA	NA	NA	1	1	0.0
chr8	56755032	56755341	noncoding_exonic_86203	+	56755221	NA	NA	NA	6	5	15.2807067899
chr8	56755032	56755341	noncoding_exonic_86203	+	56755320	NA	NA	NA	1	1	0.0
chr2	158922056	158922571	noncoding_exonic_43744	+	158922409	NA	NA	NA	1	1	0.0
chr1	28852834	28853108	noncoding_exonic_1988	+	28853108	NA	NA	NA	1	1	0.0
chr1	28832862	28834639	noncoding_exonic_1981	+	28834005	NA	AATAAA	21	1	1	0.0
chrX	92477216	92480014	noncoding_exonic_95911	+	92477607	NA	NA	NA	1	1	0.0
chrX	92477216	92480014	noncoding_exonic_95911	+	92477675	NA	NA	NA	1	1	0.0
chr3	20019895	20020383	noncoding_exonic_54327	+	20019898	NA	NA	NA	1	1	0.0
chrX	73040485	73047819	noncoding_exonic_95671	+	73046993	NA	AGTAAA	8	1	1	0.0
chr17	17286690	17287326	noncoding_exonic_33609	+	17286844	NA	NA	NA	1	1	0.0
chrX	80184998	80185845	noncoding_exonic_95816	+	80185512	NA	NA	NA	1	1	0.0
chrX	132804998	132805414	noncoding_exonic_96678	+	132805280	NA	AAGAAA AATGAA	18 24	1	1	0.0
chr3	185135282	185136566	noncoding_exonic_59854	+	185135554	NA	NA	NA	1	1	0.0
chr3	185135282	185136566	noncoding_exonic_59854	+	185136566	NA	NA	NA	1	1	0.0
chr17	75158031	75158389	noncoding_exonic_35640	+	75158376	NA	NA	NA	3	3	9.41629792788
chr8	55435338	55435875	noncoding_exonic_86183	+	55435556	NA	NA	NA	3	1	0.0
chr10	126094132	126094498	noncoding_exonic_15508	+	126094137	NA	NA	NA	1	1	0.0
chr11	65265232	65269504	noncoding_exonic_19347	+	65267067	NA	TTTAAA ACTAAA AGTAAA TTTAAA	2 25 12 32	1	1	0.0
chr11	65265232	65269504	noncoding_exonic_19347	+	65267163	NA	NA	NA	1	1	0.0
chr11	65265232	65269504	noncoding_exonic_19347	+	65267313	NA	NA	NA	1	1	0.0
chr11	65265232	65269504	noncoding_exonic_19347	+	65268769	NA	NA	NA	1	1	0.0
chr11	65271093	65273940	noncoding_exonic_19348	+	65271793	NA	NA	NA	1	1	0.0
chr11	65271093	65273940	noncoding_exonic_19348	+	65272654	NA	NA	NA	4	3	5.17204021639
chr11	65271093	65273940	noncoding_exonic_19348	+	65272758	NA	NA	NA	1	1	0.0
chr11	18511789	18512641	noncoding_exonic_17216	+	18512115	NA	NA	NA	1	1	0.0
chr17	48226507	48227991	noncoding_exonic_35073	+	48227991	NA	AAGAAA GATAAA	19 14	1	1	0.0
chr18	72057118	72057532	noncoding_exonic_36204	+	72057242	NA	NA	NA	1	1	0.0
chr11	85195011	85195304	noncoding_exonic_20666	+	85195036	NA	NA	NA	54	13	8.87985652203
chr11	85195011	85195304	noncoding_exonic_20666	+	85195065	NA	NA	NA	40	13	6.21892273629
chr11	85195011	85195304	noncoding_exonic_20666	+	85195101	NA	NA	NA	11	7	9.94530496813
chr11	85195011	85195304	noncoding_exonic_20666	+	85195134	NA	NA	NA	33	6	4.61223668871
chr11	85195011	85195304	noncoding_exonic_20666	+	85195164	NA	NA	NA	2	1	0.0
chr11	107779280	107779490	noncoding_exonic_21330	+	107779426	NA	NA	NA	3	2	1.41421356237
chr5	77771326	77776562	noncoding_exonic_68506	+	77772623	NA	AATATA	20	1	1	0.0
chr6	133593942	133594166	noncoding_exonic_76267	+	133593992	NA	ATTAAA AATAAA	21 33	1	1	0.0
chr6	133593942	133594166	noncoding_exonic_76267	+	133594106	NA	NA	NA	2	2	4.52769256907
chr8	91660705	91663985	noncoding_exonic_87376	+	91661119	NA	AAGAAA	16	1	1	0.0
chr16	61089348	61089818	noncoding_exonic_32795	+	61089801	NA	NA	NA	1	1	0.0
chr1	65450288	65451772	noncoding_exonic_3951	+	65451719	NA	NA	NA	1	1	0.0
chr12	127650452	127650987	noncoding_exonic_26110	+	127650482	NA	NA	NA	3	2	3.7859388972
chr12	127650452	127650987	noncoding_exonic_26110	+	127650585	NA	NA	NA	1	1	0.0
chr12	127650452	127650987	noncoding_exonic_26110	+	127650656	NA	NA	NA	11	8	6.31736423749
chr12	127650452	127650987	noncoding_exonic_26110	+	127650898	NA	NA	NA	4	3	7.29725975966
chr12	127650452	127650987	noncoding_exonic_26110	+	127650961	NA	NA	NA	4	4	18.7216452268
chr12	127650452	127650987	noncoding_exonic_26110	+	127650987	NA	NA	NA	1	1	0.0
chr5	71146739	71146942	noncoding_exonic_68215	+	71146805	NA	NA	NA	15	7	7.6637675678
chr5	71146739	71146942	noncoding_exonic_68215	+	71146844	NA	NA	NA	78	8	2.84424745579
chr5	71146739	71146942	noncoding_exonic_68215	+	71146876	NA	NA	NA	26	13	4.83973934454
chr5	71146739	71146942	noncoding_exonic_68215	+	71146913	NA	NA	NA	3	3	12.3017613915
chr5	71146739	71146942	noncoding_exonic_68215	+	71146942	NA	NA	NA	1	1	0.0
chr8	75515478	75516479	noncoding_exonic_86939	+	75516396	NA	AAGAAA	7	1	1	0.0
chrX	13396853	13397459	noncoding_exonic_94159	+	13397205	NA	NA	NA	1	1	0.0
chr7	99046097	99046578	noncoding_exonic_81317	+	99046141	NA	NA	NA	1	1	0.0
chr3	186509111	186509513	noncoding_exonic_59972	+	186509259	NA	NA	NA	1	1	0.0
chr11	93466671	93467790	noncoding_exonic_20972	+	93466934	NA	NA	NA	1	1	0.0
chr6	39926152	39926572	noncoding_exonic_74243	+	39926304	NA	AATAAA AAGAAA	16 20	1	1	0.0
chr11	64622958	64624135	noncoding_exonic_19218	+	64622958	NA	NA	NA	1	1	0.0
chr6	73983861	73985279	noncoding_exonic_75012	+	73984501	NA	AATACA	22	1	1	0.0
chr2	171608220	171609562	noncoding_exonic_44128	+	171608288	NA	NA	NA	1	1	0.0
chr2	171608220	171609562	noncoding_exonic_44128	+	171608354	NA	NA	NA	3	1	0.0
chr3	160232694	160233024	noncoding_exonic_59014	+	160232887	NA	NA	NA	1	1	0.0
chr21	44871052	44873773	noncoding_exonic_50529	+	44871889	NA	NA	NA	1	1	0.0
chr3	129310191	129310407	noncoding_exonic_57817	+	129310333	NA	NA	NA	1	1	0.0
chr7	75677893	75678160	noncoding_exonic_80509	+	75677954	NA	NA	NA	1	1	0.0
chr9	35657750	35658014	noncoding_exonic_90336	+	35657995	NA	NA	NA	3	2	3.82970843103
chr7	46039219	46040497	noncoding_exonic_79145	+	46039751	NA	AGTAAA AAGAAA AATGAA	4 2 22	1	1	0.0
chr21	20230096	20230594	noncoding_exonic_49547	+	20230188	NA	NA	NA	4	2	3.90512483795
chr2	204055112	204056058	noncoding_exonic_45296	+	204056038	NA	AATAAA	21	1	1	0.0
chr19	56888235	56891197	noncoding_exonic_37864	+	56890852	NA	NA	NA	1	1	0.0
chrX	14262324	14263544	noncoding_exonic_94187	+	14262723	NA	NA	NA	1	1	0.0
chr7	5028664	5028999	noncoding_exonic_77554	+	5028699	NA	NA	NA	1	1	0.0
chr2	86359547	86360300	noncoding_exonic_41087	+	86359804	NA	NA	NA	1	1	0.0
chr22	45529709	45530678	noncoding_exonic_53292	+	45530550	NA	NA	NA	1	1	0.0
chr1	33252048	33252335	noncoding_exonic_2289	+	33252052	NA	NA	NA	1	1	0.0
chr6	149812705	149813425	noncoding_exonic_76681	+	149813253	NA	AAGAAA AAGAAA AATACA	1 29 13	1	1	0.0
chrX	100792471	100794237	noncoding_exonic_96019	+	100792664	NA	TTTAAA TTTAAA	13 21	1	1	0.0
chr21	15456965	15457502	noncoding_exonic_49379	+	15457404	NA	NA	NA	3	2	1.41421356237
chr19	52646295	52646589	noncoding_exonic_37528	+	52646496	NA	NA	NA	1	1	0.0
chr5	177638164	177638761	noncoding_exonic_72117	+	177638182	NA	NA	NA	1	1	0.0
chr13	77559002	77563104	noncoding_exonic_28084	+	77560952	NA	NA	NA	1	1	0.0
chr5	21882693	21884419	noncoding_exonic_66845	+	21883270	NA	AAGAAA	7	1	1	0.0
chr5	115387606	115387986	noncoding_exonic_69606	+	115387606	NA	NA	NA	1	1	0.0
chr9	37086664	37090398	noncoding_exonic_90407	+	37088374	NA	TTTAAA AATAGA TTTAAA	4 8 30	1	1	0.0
chrY	10036112	10036711	noncoding_exonic_98000	+	10036114	NA	NA	NA	1	1	0.0
chr18	33744630	33745188	noncoding_exonic_36028	+	33745188	NA	GATAAA	23	1	1	0.0
chr2	177065635	177065980	noncoding_exonic_44388	+	177065702	NA	AAGAAA	10	2	2	8.51469318296
chr2	177065635	177065980	noncoding_exonic_44388	+	177065759	NA	NA	NA	1	1	0.0
chr3	118227257	118227539	noncoding_exonic_57316	+	118227441	NA	NA	NA	1	1	0.0
chr9	139619685	139621538	noncoding_exonic_93632	+	139620681	NA	NA	NA	1	1	0.0
chr11	65835804	65836144	noncoding_exonic_19483	+	65835804	NA	NA	NA	1	1	0.0
chrX	108297360	108297792	noncoding_exonic_96262	+	108297369	NA	NA	NA	2	2	3.53553390593
chrX	108297360	108297792	noncoding_exonic_96262	+	108297416	NA	NA	NA	4	3	10.8166538264
chrX	108297360	108297792	noncoding_exonic_96262	+	108297707	NA	NA	NA	2	2	6.5192024052
chrX	108297360	108297792	noncoding_exonic_96262	+	108297763	NA	NA	NA	53	7	4.82915672939
chrX	108297360	108297792	noncoding_exonic_96262	+	108297792	NA	NA	NA	24	1	0.0
chr1	168025138	168025660	noncoding_exonic_8156	+	168025551	NA	NA	NA	1	1	0.0
chr11	47746330	47748544	noncoding_exonic_18232	+	47746847	NA	AATAAA	3	1	1	0.0
chr10	5498236	5498493	noncoding_exonic_11443	+	5498236	NA	NA	NA	1	1	0.0
chr1	53237865	53238320	noncoding_exonic_3472	+	53238117	NA	AATAAA	1	1	1	0.0
chr14	20811233	20811566	noncoding_exonic_28915	+	20811536	NA	NA	NA	11	4	1.53741222957
chr6	86386724	86388451	noncoding_exonic_75265	+	86386802	NA	TTTAAA TTTAAA	8 26	1	1	0.0
chr19	37025675	37025894	noncoding_exonic_36994	+	37025888	NA	NA	NA	1	1	0.0
chr8	27967955	27968430	noncoding_exonic_85242	+	27967955	NA	NA	NA	1	1	0.0
chr20	18400803	18402098	noncoding_exonic_47436	+	18400984	NA	NA	NA	1	1	0.0
chr2	224569337	224570055	noncoding_exonic_46110	+	224569666	NA	NA	NA	2	1	0.0
chr22	31371155	31374831	noncoding_exonic_52371	+	31374830	NA	AATAAA	18	1	1	0.0
chr6	30258570	30260179	noncoding_exonic_73406	+	30259323	NA	NA	NA	1	1	0.0
