chrm	beg	end	utr_ID	strand	polyA_coordinate	annotated_polyA_distance	nearby_PAS	PAS_distance	number_supporting_reads	number_unique_supporting_reads	unique_reads_spread
chr2	239342336	239343809	cds_intronic_118556	+	239343262	NA	NA	NA	1	1	0.0
chr19	58355823	58361227	cds_intronic_102500	+	58357605	NA	AATAAA	19	2	1	0.0
chr17	34165558	34169369	cds_intronic_82276	+	34165558	NA	NA	NA	1	1	0.0
chr10	75984349	76074423	cds_intronic_25525	+	76009303	NA	AATAAA	10	1	1	0.0
chr19	49540073	49547062	cds_intronic_100672	+	49540384	NA	NA	NA	1	1	0.0
chr1	224624735	224701389	cds_intronic_19201	+	224699812	NA	NA	NA	1	1	0.0
chr7	95822496	95838148	cds_intronic_176996	+	95822498	NA	NA	NA	2	2	1.58113883008
chr3	53894256	53898771	cds_intronic_135492	+	53897083	NA	AATAAA	6	1	1	0.0
chr6	41889569	41895110	cds_intronic_164993	+	41891124	NA	NA	NA	1	1	0.0
chr6	31803228	31804071	cds_intronic_163380	+	31803816	NA	NA	NA	1	1	0.0
chr6	155282613	155316487	cds_intronic_170806	+	155308620	NA	NA	NA	1	1	0.0
chr3	170011297	170013697	cds_intronic_141360	+	170011306	NA	NA	NA	1	1	0.0
chr13	21417188	21417907	cds_intronic_52762	+	21417191	NA	NA	NA	1	1	0.0
chr6	108224252	108225831	cds_intronic_168130	+	108225614	NA	NA	NA	1	1	0.0
chr12	51208223	51213416	cds_intronic_45459	+	51210036	NA	NA	NA	1	1	0.0
chr7	105173317	105176018	cds_intronic_178371	+	105174055	NA	AAGAAA	26	1	1	0.0
chr1	224191356	224196428	cds_intronic_19116	+	224192383	NA	AAGAAA CATAAA	31 23	1	1	0.0
chr5	126141389	126145870	cds_intronic_157255	+	126143617	NA	NA	NA	1	1	0.0
chr6	35806618	35810310	cds_intronic_164352	+	35806975	NA	NA	NA	1	1	0.0
chr2	53956707	53975417	cds_intronic_106043	+	53956707	NA	NA	NA	1	1	0.0
chr5	43139411	43161350	cds_intronic_153741	+	43143145	NA	ATTAAA AAGAAA	26 34	1	1	0.0
chr18	43620253	43652120	cds_intronic_90973	+	43647851	NA	AAGAAA	3	1	1	0.0
chr11	108196952	108198120	cds_intronic_39081	+	108197561	NA	AATAAA AATAAA	3 14	1	1	0.0
chr10	95238130	95241862	cds_intronic_26616	+	95241859	NA	AAGAAA	26	1	1	0.0
chr22	24968740	24977899	cds_intronic_127306	+	24970939	NA	ATTAAA TTTAAA TTTAAA	21 30 4	1	1	0.0
chr19	11152237	11168930	cds_intronic_94923	+	11156316	NA	NA	NA	1	1	0.0
chr16	476721	489296	cds_intronic_69746	+	483309	NA	NA	NA	1	1	0.0
chr16	476721	489296	cds_intronic_69746	+	489234	NA	AATAAA	19	1	1	0.0
chr7	99957161	99964970	cds_intronic_177515	+	99964369	NA	NA	NA	1	1	0.0
chr11	61215001	61236135	cds_intronic_34660	+	61227613	NA	NA	NA	1	1	0.0
chr1	210536263	210547497	cds_intronic_18337	+	210547486	NA	NA	NA	1	1	0.0
chr10	12155064	12158278	cds_intronic_21711	+	12157108	NA	NA	NA	1	1	0.0
chr10	121411368	121416121	cds_intronic_29130	+	121414554	NA	NA	NA	1	1	0.0
chr5	65342366	65344494	cds_intronic_154639	+	65344494	NA	ATTAAA GATAAA	28 21	1	1	0.0
chr22	19386715	19392985	cds_intronic_126546	+	19392301	NA	NA	NA	1	1	0.0
chr13	99174252	99228248	cds_intronic_55549	+	99221668	NA	AAGAAA CATAAA	15 7	1	1	0.0
chr20	35390952	35395170	cds_intronic_121620	+	35394035	NA	NA	NA	1	1	0.0
chr8	17067694	17067895	cds_intronic_182565	+	17067895	NA	AATAAA ATTAAA	8 3	1	1	0.0
chr17	41133092	41139271	cds_intronic_83823	+	41134082	NA	NA	NA	1	1	0.0
chr15	34147114	34149979	cds_intronic_63413	+	34149963	NA	NA	NA	1	1	0.0
chr11	107925683	107940821	cds_intronic_38986	+	107927524	NA	NA	NA	1	1	0.0
chr15	28561102	28566506	cds_intronic_62953	+	28561211	NA	AATAAA TTTAAA TTTAAA	10 31 3	1	1	0.0
chr7	77240364	77247795	cds_intronic_175999	+	77242069	NA	NA	NA	1	1	0.0
chr6	126243981	126248807	cds_intronic_169084	+	126248138	NA	NA	NA	1	1	0.0
chr2	170463658	170465179	cds_intronic_112930	+	170465177	NA	AGTAAA	6	1	1	0.0
chr1	207224422	207225528	cds_intronic_18061	+	207224479	NA	TTTAAA	17	1	1	0.0
chr7	93605413	93616452	cds_intronic_176806	+	93615256	NA	NA	NA	1	1	0.0
chr17	3936297	3937307	cds_intronic_78359	+	3936979	NA	AATGAA	25	1	1	0.0
chr1	100965021	100970369	cds_intronic_9889	+	100966479	NA	TTTAAA TTTAAA	24 10	1	1	0.0
chr2	159390796	159404936	cds_intronic_112075	+	159391712	NA	AATAAA AATATA AAGAAA	13 2 13	1	1	0.0
chrX	154319115	154327589	cds_intronic_204409	+	154325406	NA	CATAAA	24	1	1	0.0
chr22	17280915	17288627	cds_intronic_126265	+	17286422	NA	AATGAA	7	1	1	0.0
chr11	27402514	27403733	cds_intronic_32774	+	27403516	NA	NA	NA	1	1	0.0
chr15	83492040	83495160	cds_intronic_68518	+	83494497	NA	NA	NA	1	1	0.0
chr17	54978940	54981614	cds_intronic_85448	+	54979974	NA	NA	NA	1	1	0.0
chr3	15452944	15455177	cds_intronic_131743	+	15453991	NA	NA	NA	1	1	0.0
chr22	21213928	21224623	cds_intronic_126852	+	21214544	NA	NA	NA	1	1	0.0
chr4	144442749	144445518	cds_intronic_150054	+	144444937	NA	NA	NA	1	1	0.0
chr3	25772041	25773808	cds_intronic_132104	+	25773496	NA	NA	NA	1	1	0.0
chr16	89783231	89785433	cds_intronic_77586	+	89785195	NA	NA	NA	1	1	0.0
chr5	177643992	177649354	cds_intronic_161128	+	177647669	NA	AAGAAA	22	1	1	0.0
chr14	90398972	90416439	cds_intronic_61023	+	90412446	NA	AATACA	5	1	1	0.0
chr7	116778586	116784220	cds_intronic_178966	+	116782536	NA	NA	NA	1	1	0.0
chr10	28827297	28872326	cds_intronic_22891	+	28855910	NA	NA	NA	1	1	0.0
chr12	110939535	110939852	cds_intronic_50219	+	110939535	NA	NA	NA	1	1	0.0
chr2	201802690	201805969	cds_intronic_115194	+	201804387	NA	NA	NA	1	1	0.0
chr7	98602972	98605998	cds_intronic_177187	+	98605998	NA	NA	NA	1	1	0.0
chr13	103268851	103271070	cds_intronic_55853	+	103269438	NA	NA	NA	1	1	0.0
chr8	62566219	62574223	cds_intronic_185225	+	62572023	NA	NA	NA	1	1	0.0
chr17	970483	973207	cds_intronic_77798	+	972917	NA	NA	NA	1	1	0.0
chr3	133305567	133306002	cds_intronic_139480	+	133305567	NA	NA	NA	1	1	0.0
chr3	45031137	45038577	cds_intronic_133454	+	45032710	NA	AATGAA	20	1	1	0.0
chr2	152295261	152296539	cds_intronic_111636	+	152295261	NA	NA	NA	1	1	0.0
chr7	101460949	101559393	cds_intronic_177887	+	101489857	NA	NA	NA	1	1	0.0
chr21	45194641	45196083	cds_intronic_125662	+	45194641	NA	NA	NA	1	1	0.0
chr19	336174	344772	cds_intronic_92167	+	341752	NA	NA	NA	1	1	0.0
chr2	231682897	231683229	cds_intronic_117702	+	231683228	NA	NA	NA	1	1	0.0
chr7	155465610	155471300	cds_intronic_181653	+	155469988	NA	NA	NA	1	1	0.0
chr5	112043580	112073581	cds_intronic_156741	+	112070506	NA	AAGAAA	31	1	1	0.0
chr10	135150475	135158146	cds_intronic_30087	+	135157772	NA	AAGAAA	3	1	1	0.0
chr19	2046692	2050798	cds_intronic_92721	+	2046692	NA	NA	NA	1	1	0.0
chr1	16203206	16235815	cds_intronic_2042	+	16224704	NA	NA	NA	1	1	0.0
chr3	17413740	17415961	cds_intronic_131903	+	17415961	NA	NA	NA	2	1	0.0
chr10	82264534	82266954	cds_intronic_25873	+	82265782	NA	NA	NA	1	1	0.0
chr7	135255996	135258400	cds_intronic_180093	+	135255996	NA	NA	NA	1	1	0.0
chr3	183883279	183883913	cds_intronic_142078	+	183883279	NA	NA	NA	1	1	0.0
chr8	25136182	25149538	cds_intronic_183322	+	25140366	NA	NA	NA	1	1	0.0
chr1	117911108	117944806	cds_intronic_11225	+	117916178	NA	NA	NA	1	1	0.0
chr20	9288546	9317771	cds_intronic_119787	+	9308423	NA	NA	NA	1	1	0.0
chr7	154749005	154751598	cds_intronic_181619	+	154749007	NA	NA	NA	1	1	0.0
chr5	71634563	71638787	cds_intronic_155006	+	71636865	NA	NA	NA	1	1	0.0
chr6	135323980	135347991	cds_intronic_169604	+	135345116	NA	NA	NA	1	1	0.0
chr19	3744033	3746007	cds_intronic_93090	+	3745162	NA	CATAAA	33	1	1	0.0
chr2	197010780	197021161	cds_intronic_114805	+	197018985	NA	NA	NA	1	1	0.0
chr4	106377902	106394496	cds_intronic_148679	+	106394014	NA	TATAAA AATATA	6 4	1	1	0.0
chr4	145920446	145954196	cds_intronic_150132	+	145952290	NA	NA	NA	1	1	0.0
chrX	119005977	119007265	cds_intronic_202735	+	119005978	NA	NA	NA	3	1	0.0
chr12	46355641	46357888	cds_intronic_44697	+	46357888	NA	TATAAA AATGAA TATAAA	22 28 13	1	1	0.0
chr12	133242037	133244087	cds_intronic_52466	+	133244083	NA	NA	NA	1	1	0.0
chr3	41949434	41952807	cds_intronic_133158	+	41952807	NA	AATGAA	6	1	1	0.0
chr5	157236814	157240069	cds_intronic_159934	+	157238538	NA	NA	NA	1	1	0.0
chr3	47718273	47719685	cds_intronic_133865	+	47718604	NA	ATTAAA AATACA	18 9	1	1	0.0
chr15	42067588	42092020	cds_intronic_64106	+	42073611	NA	NA	NA	1	1	0.0
chr3	155632360	155633806	cds_intronic_140771	+	155633805	NA	AGTAAA	12	3	1	0.0
chr6	26032288	26033319	cds_intronic_162695	+	26032318	NA	NA	NA	20	1	0.0
chr17	66525133	66526059	cds_intronic_86778	+	66526057	NA	AATAAA	1	1	1	0.0
chrX	128633819	128638709	cds_intronic_202984	+	128634317	NA	NA	NA	1	1	0.0
chr4	103790669	103806204	cds_intronic_148554	+	103790710	NA	TTTAAA AATAAA TTTAAA	16 23 18	1	1	0.0
chr17	8445599	8448764	cds_intronic_79727	+	8445599	NA	NA	NA	12	2	0.866025403784
chr17	8445599	8448764	cds_intronic_79727	+	8446972	NA	AATACA	4	1	1	0.0
chr17	35831242	35834659	cds_intronic_82538	+	35832539	NA	AATAAA AAGAAA	29 12	1	1	0.0
chr9	74975704	74978385	cds_intronic_191897	+	74978385	NA	NA	NA	1	1	0.0
chr2	172325541	172329379	cds_intronic_113150	+	172325543	NA	NA	NA	1	1	0.0
chr7	91836171	91842507	cds_intronic_176664	+	91836225	NA	AATAAA AATAGA	23 4	1	1	0.0
chr19	19583524	19603113	cds_intronic_97023	+	19589112	NA	AGTAAA	8	1	1	0.0
chr9	134008596	134010284	cds_intronic_196313	+	134008596	NA	NA	NA	6	2	0.707106781187
chr7	32598241	32598539	cds_intronic_173831	+	32598539	NA	NA	NA	1	1	0.0
chr1	12632882	12638744	cds_intronic_1774	+	12635329	NA	NA	NA	1	1	0.0
chr7	11054846	11062493	cds_intronic_172678	+	11057491	NA	AAGAAA	3	1	1	0.0
chr15	52181343	52186010	cds_intronic_65657	+	52186010	NA	GATAAA AATGAA	5 9	1	1	0.0
chr1	31468067	31478699	cds_intronic_4146	+	31468642	NA	NA	NA	1	1	0.0
chr4	39938475	39974747	cds_intronic_145392	+	39946263	NA	NA	NA	1	1	0.0
chr14	68616625	68702959	cds_intronic_59811	+	68699079	NA	TTTAAA TTTAAA	8 26	1	1	0.0
chr7	64384809	64388030	cds_intronic_175221	+	64387817	NA	NA	NA	1	1	0.0
chr14	58730488	58734191	cds_intronic_59049	+	58730492	NA	NA	NA	1	1	0.0
chr21	44279833	44282390	cds_intronic_125557	+	44280968	NA	NA	NA	1	1	0.0
chr17	60114306	60129896	cds_intronic_86080	+	60117193	NA	AATACA	29	1	1	0.0
chr18	13001582	13008453	cds_intronic_89826	+	13001582	NA	NA	NA	1	1	0.0
chr4	71698991	71701873	cds_intronic_146715	+	71698991	NA	NA	NA	1	1	0.0
chr4	71691963	71693567	cds_intronic_146711	+	71692565	NA	NA	NA	1	1	0.0
chr12	117604882	117610274	cds_intronic_50840	+	117607013	NA	NA	NA	1	1	0.0
chr10	5920251	5922260	cds_intronic_21413	+	5920749	NA	NA	NA	1	1	0.0
chr17	37357573	37358568	cds_intronic_82824	+	37357844	NA	AATAAA TATAAA AGTAAA AATATA	7 19 26 17	1	1	0.0
chr13	41333243	41340880	cds_intronic_53932	+	41336047	NA	TTTAAA TTTAAA	32 2	1	1	0.0
chr12	27067062	27067340	cds_intronic_43753	+	27067065	NA	NA	NA	1	1	0.0
chr2	232889041	232894687	cds_intronic_117826	+	232893461	NA	NA	NA	1	1	0.0
chr11	46812134	46817142	cds_intronic_33719	+	46816125	NA	NA	NA	1	1	0.0
chr2	24899284	24905818	cds_intronic_103712	+	24905816	NA	AAGAAA	9	1	1	0.0
chr6	147648413	147649834	cds_intronic_170271	+	147649834	NA	AATAAA AAGAAA AATGAA	26 22 10	1	1	0.0
chr6	119281350	119281933	cds_intronic_168855	+	119281350	NA	NA	NA	1	1	0.0
chr5	145518571	145519178	cds_intronic_158889	+	145518579	NA	NA	NA	1	1	0.0
chr7	100866056	100866756	cds_intronic_177842	+	100866057	NA	NA	NA	1	1	0.0
chr7	105894064	105894808	cds_intronic_178433	+	105894612	NA	NA	NA	1	1	0.0
chr2	145158875	145161481	cds_intronic_111474	+	145160300	NA	GATAAA	1	1	1	0.0
chr7	48654974	48682882	cds_intronic_174939	+	48672403	NA	NA	NA	1	1	0.0
chr17	73264274	73265427	cds_intronic_87350	+	73265100	NA	NA	NA	1	1	0.0
chr2	197645625	197649579	cds_intronic_114876	+	197647288	NA	NA	NA	1	1	0.0
chr17	9448600	9460749	cds_intronic_79784	+	9459770	NA	NA	NA	1	1	0.0
chr11	65116403	65119152	cds_intronic_35708	+	65117916	NA	NA	NA	1	1	0.0
chr14	20859927	20863607	cds_intronic_56633	+	20861883	NA	NA	NA	1	1	0.0
chr5	131080384	131132521	cds_intronic_157510	+	131121191	NA	NA	NA	1	1	0.0
chr8	144523291	144547885	cds_intronic_188847	+	144536751	NA	NA	NA	1	1	0.0
chr19	39138900	39191239	cds_intronic_98420	+	39171277	NA	NA	NA	1	1	0.0
chr7	619015	624143	cds_intronic_171765	+	623369	NA	NA	NA	1	1	0.0
chr16	69406259	69418481	cds_intronic_75974	+	69414260	NA	AGTAAA AAGAAA	20 6	1	1	0.0
chr12	46761124	46764293	cds_intronic_44724	+	46761527	NA	NA	NA	1	1	0.0
chr11	88061366	88067903	cds_intronic_38111	+	88061368	NA	NA	NA	1	1	0.0
chr20	49571823	49574898	cds_intronic_122987	+	49572121	NA	NA	NA	1	1	0.0
chr11	9431634	9435800	cds_intronic_31533	+	9431636	NA	NA	NA	3	2	2.0
chr10	13246526	13251089	cds_intronic_21802	+	13249902	NA	NA	NA	1	1	0.0
chr22	20878653	20891402	cds_intronic_126780	+	20881749	NA	AATAAA TATAAA AATATA	17 31 25	1	1	0.0
chr22	21104283	21105579	cds_intronic_126819	+	21104806	NA	NA	NA	1	1	0.0
chr11	61205814	61211611	cds_intronic_34658	+	61207625	NA	NA	NA	1	1	0.0
chr14	35253134	35254981	cds_intronic_57974	+	35254980	NA	NA	NA	2	2	0.707106781187
chr12	99065497	99071202	cds_intronic_49026	+	99065497	NA	NA	NA	1	1	0.0
chr2	153551137	153571063	cds_intronic_111937	+	153551137	NA	NA	NA	1	1	0.0
chr16	53191454	53242229	cds_intronic_74404	+	53203520	NA	NA	NA	1	1	0.0
chr4	83785752	83787959	cds_intronic_147517	+	83785753	NA	NA	NA	4	2	1.0
chr6	119532095	119569423	cds_intronic_168885	+	119536368	NA	TATAAA	30	1	1	0.0
chr16	47697646	47698795	cds_intronic_74171	+	47698093	NA	AATGAA	8	1	1	0.0
chr21	33739065	33740710	cds_intronic_124588	+	33739155	NA	NA	NA	1	1	0.0
chr22	22127272	22142545	cds_intronic_126961	+	22142275	NA	NA	NA	1	1	0.0
chr9	134077105	134090597	cds_intronic_196341	+	134081550	NA	AAGAAA AAGAAA	13 20	1	1	0.0
chr12	76793755	76796467	cds_intronic_48124	+	76796465	NA	NA	NA	1	1	0.0
chr10	60121287	60123367	cds_intronic_24231	+	60121620	NA	NA	NA	1	1	0.0
chr1	16583255	16618808	cds_intronic_2156	+	16608576	NA	NA	NA	1	1	0.0
chr7	92404146	92462403	cds_intronic_176741	+	92445294	NA	NA	NA	1	1	0.0
chrX	33038324	33059511	cds_intronic_199075	+	33059503	NA	NA	NA	1	1	0.0
chr1	150636239	150666583	cds_intronic_12427	+	150648464	NA	NA	NA	1	1	0.0
chr2	174123544	174125789	cds_intronic_113329	+	174124016	NA	NA	NA	1	1	0.0
chr22	35659220	35659787	cds_intronic_128414	+	35659369	NA	NA	NA	1	1	0.0
chr16	87457488	87466732	cds_intronic_77224	+	87457488	NA	NA	NA	1	1	0.0
chrX	67339175	67352709	cds_intronic_200780	+	67339175	NA	NA	NA	1	1	0.0
chr9	138758383	138773477	cds_intronic_197048	+	138769343	NA	TATAAA AATACA	10 15	1	1	0.0
chr19	41133261	41133608	cds_intronic_98925	+	41133347	NA	NA	NA	1	1	0.0
chr8	52634724	52721739	cds_intronic_184842	+	52717014	NA	NA	NA	1	1	0.0
chr4	99816714	99823025	cds_intronic_148276	+	99817048	NA	NA	NA	1	1	0.0
chr1	67474851	67486050	cds_intronic_8047	+	67477341	NA	NA	NA	1	1	0.0
chr2	65318212	65325104	cds_intronic_106778	+	65322669	NA	NA	NA	1	1	0.0
chr11	57573508	57573932	cds_intronic_34257	+	57573508	NA	NA	NA	1	1	0.0
chr3	143697364	143704383	cds_intronic_140278	+	143698554	NA	NA	NA	1	1	0.0
chr3	143697364	143704383	cds_intronic_140278	+	143703584	NA	TTTAAA TTTAAA	21 13	1	1	0.0
chr12	50571853	50575685	cds_intronic_45376	+	50572779	NA	AAGAAA AAGAAA AATATA	6 17 28	1	1	0.0
chr15	30018684	30018983	cds_intronic_63016	+	30018688	NA	NA	NA	1	1	0.0
chr12	22625742	22627683	cds_intronic_43539	+	22625746	NA	NA	NA	1	1	0.0
chr2	42578499	42580026	cds_intronic_105422	+	42578504	NA	NA	NA	1	1	0.0
chr1	32690077	32691749	cds_intronic_4414	+	32691622	NA	NA	NA	1	1	0.0
chrX	53285244	53295510	cds_intronic_200316	+	53295508	NA	AATATA	22	1	1	0.0
chr17	65346453	65353417	cds_intronic_86659	+	65351389	NA	AATACA	5	1	1	0.0
chr7	102957797	102960055	cds_intronic_178147	+	102959268	NA	NA	NA	1	1	0.0
chr1	207925655	207930358	cds_intronic_18205	+	207926843	NA	NA	NA	1	1	0.0
chr13	48660589	48664486	cds_intronic_54382	+	48663325	NA	AAGAAA GATAAA AATAGA	6 21 33	1	1	0.0
chr2	68444264	68457057	cds_intronic_106857	+	68456890	NA	NA	NA	1	1	0.0
chr9	75769259	75772569	cds_intronic_191938	+	75770386	NA	NA	NA	1	1	0.0
chr22	24759313	24761442	cds_intronic_127263	+	24759356	NA	AATACA	12	1	1	0.0
chr22	19077003	19109041	cds_intronic_126472	+	19081942	NA	NA	NA	1	1	0.0
chr6	20548936	20649522	cds_intronic_162425	+	20551382	NA	NA	NA	1	1	0.0
chr1	46604753	46640744	cds_intronic_6342	+	46624596	NA	NA	NA	1	1	0.0
chr5	141001105	141004428	cds_intronic_158677	+	141002169	NA	NA	NA	1	1	0.0
chr10	103542682	103543028	cds_intronic_27730	+	103542684	NA	NA	NA	1	1	0.0
chr6	126334248	126342304	cds_intronic_169105	+	126342272	NA	NA	NA	1	1	0.0
chr7	131099470	131113790	cds_intronic_179836	+	131112389	NA	NA	NA	1	1	0.0
chr11	63979220	63986721	cds_intronic_35243	+	63980168	NA	NA	NA	1	1	0.0
chr8	17827258	17829836	cds_intronic_182681	+	17827258	NA	NA	NA	1	1	0.0
chr22	22043139	22048103	cds_intronic_126954	+	22043826	NA	NA	NA	1	1	0.0
chr3	15778741	15793256	cds_intronic_131823	+	15780162	NA	NA	NA	1	1	0.0
chr15	60760522	60768260	cds_intronic_66258	+	60763687	NA	NA	NA	1	1	0.0
chr15	60734745	60740167	cds_intronic_66250	+	60739965	NA	AATATA	18	1	1	0.0
chr2	61729743	61749744	cds_intronic_106587	+	61749743	NA	AATAAA TATAAA	5 15	5	2	1.0
chr8	62602408	62626826	cds_intronic_185235	+	62625090	NA	NA	NA	1	1	0.0
chr5	151126124	151131263	cds_intronic_159610	+	151129223	NA	NA	NA	1	1	0.0
chr3	15117218	15118567	cds_intronic_131693	+	15117224	NA	NA	NA	1	1	0.0
chr1	197087113	197091044	cds_intronic_16864	+	197089666	NA	NA	NA	1	1	0.0
chr1	61519558	61542945	cds_intronic_7551	+	61523467	NA	NA	NA	1	1	0.0
chr18	13056698	13057582	cds_intronic_89843	+	13057540	NA	NA	NA	1	1	0.0
chr1	19528310	19536565	cds_intronic_2562	+	19532846	NA	NA	NA	1	1	0.0
chr10	6188459	6191585	cds_intronic_21477	+	6191042	NA	NA	NA	1	1	0.0
chr19	14640524	14655925	cds_intronic_95798	+	14644956	NA	AAGAAA	12	1	1	0.0
chr4	44693817	44696425	cds_intronic_145612	+	44696424	NA	GATAAA	18	1	1	0.0
chr11	5276395	5289581	cds_intronic_31068	+	5289571	NA	AGTAAA GATAAA	14 30	1	1	0.0
chr14	81799705	81837330	cds_intronic_60849	+	81811311	NA	NA	NA	1	1	0.0
chr2	203807690	203817280	cds_intronic_115542	+	203815788	NA	TATAAA AATATA	32 30	1	1	0.0
chr8	66516821	66517496	cds_intronic_185280	+	66517130	NA	NA	NA	1	1	0.0
chr2	234442426	234449306	cds_intronic_118124	+	234448770	NA	NA	NA	1	1	0.0
chrX	53675254	53681005	cds_intronic_200440	+	53680184	NA	NA	NA	1	1	0.0
chr6	45405789	45459676	cds_intronic_165599	+	45432618	NA	NA	NA	1	1	0.0
chr10	96350534	96351984	cds_intronic_26788	+	96351984	NA	AAGAAA AATAGA	16 23	1	1	0.0
chr7	17879624	17885216	cds_intronic_172958	+	17879624	NA	NA	NA	1	1	0.0
chr10	101157444	101162335	cds_intronic_27379	+	101157874	NA	AATGAA	4	1	1	0.0
chr10	93741550	93741838	cds_intronic_26421	+	93741550	NA	NA	NA	3	2	0.816496580928
chr7	135320406	135322677	cds_intronic_180130	+	135322675	NA	AATACA TTTAAA AAGAAA TTTAAA	10 6 2 28	1	1	0.0
chr17	33477243	33479910	cds_intronic_82187	+	33478154	NA	NA	NA	48	19	7.29154761808
chr17	33477243	33479910	cds_intronic_82187	+	33478185	NA	NA	NA	3	3	3.31662479036
chr17	33477243	33479910	cds_intronic_82187	+	33478257	NA	NA	NA	76	26	10.7182824626
chr17	33477243	33479910	cds_intronic_82187	+	33478304	NA	NA	NA	2	2	19.0
chr17	33477243	33479910	cds_intronic_82187	+	33478341	NA	NA	NA	1	1	0.0
chr12	50152545	50153003	cds_intronic_45283	+	50152664	NA	NA	NA	1	1	0.0
chr6	42603285	42604747	cds_intronic_165066	+	42603285	NA	NA	NA	2	1	0.0
chr8	125551699	125555180	cds_intronic_188015	+	125554173	NA	NA	NA	1	1	0.0
chr20	48741716	48744510	cds_intronic_122917	+	48743172	NA	NA	NA	1	1	0.0
chr6	88218894	88221115	cds_intronic_167441	+	88221029	NA	CATAAA	8	1	1	0.0
chr19	11231198	11233848	cds_intronic_94941	+	11233491	NA	AATAAA AAGAAA	29 7	1	1	0.0
chr1	29495151	29508156	cds_intronic_4051	+	29502464	NA	NA	NA	1	1	0.0
chr10	121668642	121671554	cds_intronic_29178	+	121668935	NA	NA	NA	1	1	0.0
chr12	39713816	39716468	cds_intronic_44239	+	39716427	NA	AAGAAA	7	1	1	0.0
chr6	47471177	47495925	cds_intronic_165726	+	47492354	NA	AGTAAA	8	1	1	0.0
chrX	48801545	48814237	cds_intronic_199906	+	48804968	NA	NA	NA	1	1	0.0
chr17	1761740	1775726	cds_intronic_77995	+	1772036	NA	NA	NA	1	1	0.0
chr3	183433051	183435437	cds_intronic_141958	+	183434711	NA	NA	NA	1	1	0.0
chr1	91851391	91852861	cds_intronic_9228	+	91852803	NA	AATAGA	9	43	14	8.67098878512
chr1	91851391	91852861	cds_intronic_9228	+	91852838	NA	NA	NA	12	11	10.5237825899
chr1	91851391	91852861	cds_intronic_9228	+	91852861	NA	NA	NA	20	1	0.0
chr1	91852949	91859649	cds_intronic_9229	+	91852954	NA	NA	NA	39	13	7.23772169848
chr1	91852949	91859649	cds_intronic_9229	+	91853000	NA	NA	NA	14	11	8.86808080381
chr1	91852949	91859649	cds_intronic_9229	+	91853036	NA	NA	NA	13	13	9.45027472128
chr1	91852949	91859649	cds_intronic_9229	+	91853062	NA	NA	NA	8	5	2.17944947177
chr1	91852949	91859649	cds_intronic_9229	+	91853106	NA	NA	NA	22	11	8.28744943766
chr1	91852949	91859649	cds_intronic_9229	+	91853130	NA	NA	NA	40	7	2.7613402543
chr9	111812973	111819469	cds_intronic_193824	+	111812973	NA	NA	NA	1	1	0.0
chr5	34952848	34953630	cds_intronic_153070	+	34953443	NA	NA	NA	1	1	0.0
chr16	81694552	81697872	cds_intronic_76885	+	81697869	NA	NA	NA	1	1	0.0
chr16	81703851	81705569	cds_intronic_76887	+	81704280	NA	TTTAAA ATTAAA TTTAAA	22 18 12	1	1	0.0
chr14	70236553	70237182	cds_intronic_59913	+	70236746	NA	NA	NA	1	1	0.0
chr20	21284112	21284431	cds_intronic_120417	+	21284112	NA	NA	NA	1	1	0.0
chr2	32409407	32412220	cds_intronic_104780	+	32409409	NA	NA	NA	1	1	0.0
chr1	201927156	201931343	cds_intronic_17313	+	201928782	NA	NA	NA	1	1	0.0
chr9	125772808	125777820	cds_intronic_194942	+	125775692	NA	NA	NA	1	1	0.0
chr19	17442221	17443737	cds_intronic_96415	+	17443069	NA	AATAAA AATAAA AGTAAA	1 9 14	1	1	0.0
chr1	22084277	22094761	cds_intronic_2945	+	22084277	NA	NA	NA	1	1	0.0
chr1	22074765	22077998	cds_intronic_2940	+	22075278	NA	AATACA ACTAAA	6 0	1	1	0.0
chr3	128348987	128350789	cds_intronic_138905	+	128348987	NA	NA	NA	5	1	0.0
chr15	35231015	35233098	cds_intronic_63547	+	35232217	NA	CATAAA	20	1	1	0.0
chr15	35222573	35224517	cds_intronic_63544	+	35222573	NA	NA	NA	1	1	0.0
chr15	35207381	35210457	cds_intronic_63540	+	35209041	NA	AATATA	0	1	1	0.0
chr1	28564616	28573098	cds_intronic_3938	+	28564617	NA	NA	NA	1	1	0.0
chr19	47288134	47290495	cds_intronic_100164	+	47289110	NA	NA	NA	1	1	0.0
chr1	184706870	184718679	cds_intronic_16386	+	184717536	NA	NA	NA	1	1	0.0
chr1	39889867	39893125	cds_intronic_5287	+	39889867	NA	NA	NA	1	1	0.0
chr1	36887821	36888367	cds_intronic_4997	+	36887949	NA	ATTAAA	6	1	1	0.0
chr4	151842446	151849666	cds_intronic_150402	+	151846317	NA	NA	NA	1	1	0.0
chr15	59407076	59408887	cds_intronic_66169	+	59408887	NA	NA	NA	1	1	0.0
chr2	170761804	170762539	cds_intronic_112981	+	170762539	NA	ATTAAA TATAAA	7 18	1	1	0.0
chr2	75081583	75094761	cds_intronic_107667	+	75084953	NA	AATGAA AATAGA	4 19	1	1	0.0
chr2	75081583	75094761	cds_intronic_107667	+	75090832	NA	NA	NA	1	1	0.0
chr2	11389925	11426663	cds_intronic_103190	+	11406134	NA	AATAGA	12	1	1	0.0
chr11	34144139	34145308	cds_intronic_33128	+	34144647	NA	AATAGA	7	1	1	0.0
chr1	226353701	226374090	cds_intronic_19454	+	226371900	NA	NA	NA	1	1	0.0
chr22	20107052	20109785	cds_intronic_126696	+	20109088	NA	NA	NA	2	1	0.0
chr7	106510002	106512980	cds_intronic_178444	+	106512980	NA	NA	NA	1	1	0.0
chr3	148563414	148568719	cds_intronic_140359	+	148566299	NA	TATAAA TATAAA AAGAAA AATAGA	29 13 17 23	1	1	0.0
chr12	6654097	6657229	cds_intronic_42065	+	6654809	NA	NA	NA	1	1	0.0
chr6	16130979	16141854	cds_intronic_162230	+	16134183	NA	NA	NA	1	1	0.0
chr1	234546278	234553828	cds_intronic_20134	+	234546278	NA	NA	NA	1	1	0.0
chr14	102229308	102252354	cds_intronic_61823	+	102233386	NA	ATTAAA AATACA	6 3	1	1	0.0
chr11	77844568	77846275	cds_intronic_37733	+	77844947	NA	NA	NA	1	1	0.0
chr7	135304637	135307523	cds_intronic_180124	+	135304637	NA	NA	NA	1	1	0.0
chr3	160167617	160170385	cds_intronic_141052	+	160168037	NA	AGTAAA	22	1	1	0.0
chr2	273155	274572	cds_intronic_102652	+	273427	NA	NA	NA	1	1	0.0
chr11	85723436	85725911	cds_intronic_38018	+	85723436	NA	NA	NA	1	1	0.0
chr16	57957285	57965618	cds_intronic_74997	+	57958894	NA	ATTAAA AAGAAA	21 2	1	1	0.0
chr11	17899792	17940241	cds_intronic_32286	+	17912896	NA	NA	NA	1	1	0.0
chr14	102548781	102549001	cds_intronic_61918	+	102548783	NA	NA	NA	3	2	0.816496580928
chr22	38254747	38258975	cds_intronic_128830	+	38255413	NA	AAGAAA	30	1	1	0.0
chr12	3018747	3029928	cds_intronic_41673	+	3022432	NA	AATAAA AATAAA	6 16	1	1	0.0
chr7	107564835	107566626	cds_intronic_178592	+	107565245	NA	ACTAAA	4	1	1	0.0
chr2	106800253	106810602	cds_intronic_109489	+	106809012	NA	NA	NA	1	1	0.0
chr5	21495291	21497130	cds_intronic_152728	+	21496195	NA	TTTAAA TTTAAA	33 1	1	1	0.0
chr12	39688320	39695280	cds_intronic_44228	+	39694667	NA	AAGAAA	4	1	1	0.0
chr21	40670509	40684488	cds_intronic_125184	+	40683814	NA	AAGAAA	6	1	1	0.0
chr1	153967657	153968107	cds_intronic_12972	+	153968071	NA	TTTAAA TTTAAA TTTAAA TTTAAA	0 17 17 34	1	1	0.0
chr18	66358599	66364461	cds_intronic_91843	+	66361669	NA	NA	NA	1	1	0.0
chr4	8451616	8453685	cds_intronic_144352	+	8453436	NA	NA	NA	1	1	0.0
chr8	95782800	95789892	cds_intronic_186550	+	95787486	NA	NA	NA	1	1	0.0
chr13	109644797	109661243	cds_intronic_55974	+	109649645	NA	NA	NA	1	1	0.0
chr5	149776406	149777915	cds_intronic_159405	+	149776406	NA	NA	NA	1	1	0.0
chr12	111169707	111180456	cds_intronic_50263	+	111173890	NA	NA	NA	1	1	0.0
chr10	97620340	97621069	cds_intronic_26930	+	97620551	NA	NA	NA	1	1	0.0
chr4	84202749	84205663	cds_intronic_147578	+	84204093	NA	NA	NA	1	1	0.0
chr11	67765923	67766641	cds_intronic_36446	+	67766378	NA	NA	NA	1	1	0.0
chr6	85466588	85469971	cds_intronic_167337	+	85467789	NA	AAGAAA AATGAA	1 10	1	1	0.0
chr10	7875920	8005881	cds_intronic_21613	+	7902941	NA	NA	NA	1	1	0.0
chr8	110302163	110305571	cds_intronic_187339	+	110305568	NA	NA	NA	1	1	0.0
chr16	70351491	70358486	cds_intronic_76100	+	70356745	NA	NA	NA	1	1	0.0
chr19	47236494	47239568	cds_intronic_100150	+	47237931	NA	NA	NA	1	1	0.0
chr1	173795925	173797469	cds_intronic_15534	+	173795927	NA	NA	NA	1	1	0.0
chr4	39000530	39029994	cds_intronic_145224	+	39015664	NA	TATAAA	22	1	1	0.0
chr12	123042237	123046466	cds_intronic_51593	+	123043353	NA	NA	NA	1	1	0.0
chr10	134166899	134169292	cds_intronic_29914	+	134166900	NA	NA	NA	1	1	0.0
chr2	61706102	61708318	cds_intronic_106571	+	61707739	NA	AATGAA	9	1	1	0.0
chr3	33076302	33079406	cds_intronic_132402	+	33076923	NA	NA	NA	1	1	0.0
chr3	33087281	33087610	cds_intronic_132404	+	33087608	NA	NA	NA	1	1	0.0
chr1	110527795	110546752	cds_intronic_10513	+	110531078	NA	NA	NA	1	1	0.0
chr9	26990194	26993133	cds_intronic_190471	+	26990194	NA	NA	NA	1	1	0.0
chr11	33724283	33730245	cds_intronic_33079	+	33726829	NA	NA	NA	1	1	0.0
chr1	237765412	237766511	cds_intronic_20490	+	237766510	NA	NA	NA	2	2	1.0
chr14	94524244	94526442	cds_intronic_61449	+	94526303	NA	ACTAAA	6	1	1	0.0
chr15	75830438	75871053	cds_intronic_67888	+	75839762	NA	NA	NA	1	1	0.0
chr2	109432562	109455639	cds_intronic_109664	+	109437108	NA	NA	NA	1	1	0.0
chr2	109463387	109473248	cds_intronic_109666	+	109465796	NA	TATAAA	33	1	1	0.0
chr7	73753335	73768208	cds_intronic_175618	+	73761617	NA	AAGAAA AATACA	4 13	1	1	0.0
chr4	164058403	164061373	cds_intronic_150927	+	164059161	NA	ATTAAA ATTAAA	4 13	1	1	0.0
chr7	135286256	135287551	cds_intronic_180110	+	135286257	NA	NA	NA	4	2	1.0
chr15	26793282	26806077	cds_intronic_62791	+	26800404	NA	NA	NA	1	1	0.0
chr5	37379657	37381702	cds_intronic_153376	+	37379657	NA	NA	NA	1	1	0.0
chr8	98673402	98698894	cds_intronic_186676	+	98673404	NA	NA	NA	1	1	0.0
chr2	73316783	73339473	cds_intronic_107354	+	73324465	NA	NA	NA	1	1	0.0
chr12	49912966	49916532	cds_intronic_45195	+	49914510	NA	TATAAA	9	1	1	0.0
chr5	137508540	137512852	cds_intronic_158145	+	137511448	NA	NA	NA	1	1	0.0
chr16	11935858	11940356	cds_intronic_71478	+	11940252	NA	NA	NA	1	1	0.0
chr12	27863889	27867712	cds_intronic_43861	+	27863889	NA	NA	NA	1	1	0.0
chr10	131958334	131959058	cds_intronic_29812	+	131959056	NA	TTTAAA AATACA TTTAAA	31 20 3	1	1	0.0
chr3	133941384	133969265	cds_intronic_139568	+	133959970	NA	NA	NA	1	1	0.0
chr7	39991452	40027196	cds_intronic_174305	+	40009693	NA	NA	NA	1	1	0.0
chr17	58275806	58282806	cds_intronic_85903	+	58276448	NA	NA	NA	1	1	0.0
chr17	7367210	7369028	cds_intronic_79201	+	7367917	NA	NA	NA	1	1	0.0
chr1	59134711	59137540	cds_intronic_7462	+	59136002	NA	NA	NA	1	1	0.0
chr14	64886644	64891520	cds_intronic_59501	+	64886644	NA	NA	NA	1	1	0.0
chr4	148564091	148575002	cds_intronic_150274	+	148572253	NA	NA	NA	1	1	0.0
chr6	80718210	80720529	cds_intronic_167090	+	80718218	NA	NA	NA	1	1	0.0
chr16	67100702	67116114	cds_intronic_75345	+	67106750	NA	NA	NA	1	1	0.0
chr19	18468426	18474199	cds_intronic_96729	+	18473847	NA	NA	NA	1	1	0.0
chr4	155312449	155407594	cds_intronic_150607	+	155350357	NA	NA	NA	2	2	15.5080624193
chr12	112019607	112035719	cds_intronic_50338	+	112028491	NA	NA	NA	1	1	0.0
chr12	112002687	112019178	cds_intronic_50337	+	112013172	NA	ATTAAA	22	1	1	0.0
chrX	138914447	138967639	cds_intronic_203582	+	138934643	NA	NA	NA	1	1	0.0
chr12	12630950	12633155	cds_intronic_42892	+	12632497	NA	NA	NA	1	1	0.0
chr13	98634838	98637673	cds_intronic_55476	+	98634838	NA	NA	NA	1	1	0.0
chr10	15121040	15130304	cds_intronic_21978	+	15125281	NA	NA	NA	1	1	0.0
chr11	77595962	77597678	cds_intronic_37680	+	77597575	NA	AAGAAA AATGAA	5 14	2	2	8.0
chr1	242159688	242161814	cds_intronic_20707	+	242160367	NA	NA	NA	1	1	0.0
chr19	17502681	17513747	cds_intronic_96433	+	17506964	NA	NA	NA	1	1	0.0
chr2	39278498	39281753	cds_intronic_105302	+	39280297	NA	NA	NA	1	1	0.0
chr2	32402665	32409341	cds_intronic_104779	+	32409341	NA	ACTAAA AATAAA AGTAAA AAGAAA	13 14 2 8	1	1	0.0
chr16	74666571	74670243	cds_intronic_76569	+	74666572	NA	NA	NA	3	2	2.44948974278
chr7	151668151	151679925	cds_intronic_181453	+	151670551	NA	NA	NA	1	1	0.0
chr6	10887368	10891744	cds_intronic_162029	+	10887368	NA	NA	NA	2	2	0.707106781187
chr20	45923523	45927471	cds_intronic_122651	+	45926041	NA	AAGAAA AAGAAA AATACA CATAAA	14 28 18 22	1	1	0.0
chr13	80113911	80117692	cds_intronic_55248	+	80117691	NA	TATAAA TATAAA	12 24	1	1	0.0
chr17	60598206	60599563	cds_intronic_86115	+	60598416	NA	NA	NA	1	1	0.0
chr12	53421973	53427588	cds_intronic_45892	+	53423775	NA	NA	NA	1	1	0.0
chr2	233601358	233612323	cds_intronic_117936	+	233605005	NA	NA	NA	1	1	0.0
chr11	45869256	45877531	cds_intronic_33515	+	45871560	NA	NA	NA	1	1	0.0
chr5	95088054	95091098	cds_intronic_156204	+	95088054	NA	NA	NA	2	1	0.0
chr18	77733857	77736717	cds_intronic_92128	+	77733857	NA	NA	NA	1	1	0.0
chr9	127715233	127730575	cds_intronic_195171	+	127715236	NA	NA	NA	1	1	0.0
chr6	34261313	34263416	cds_intronic_164131	+	34261313	NA	NA	NA	3	1	0.0
chr6	157358010	157405794	cds_intronic_170875	+	157372374	NA	ATTAAA	10	1	1	0.0
chrX	23886806	23892519	cds_intronic_198819	+	23891724	NA	NA	NA	1	1	0.0
chr10	1090138	1094203	cds_intronic_21208	+	1093966	NA	NA	NA	1	1	0.0
chr14	100828259	100835422	cds_intronic_61803	+	100828809	NA	TATAAA	30	1	1	0.0
chr5	37329381	37330138	cds_intronic_153360	+	37329382	NA	NA	NA	4	2	1.0
chr17	73164497	73170846	cds_intronic_87304	+	73169436	NA	AAGAAA	5	1	1	0.0
chr1	101346607	101351153	cds_intronic_9903	+	101347097	NA	AATGAA	5	1	1	0.0
chr17	35946658	35956268	cds_intronic_82560	+	35949916	NA	TATAAA TATAAA	2 34	1	1	0.0
chr6	96997676	96999307	cds_intronic_167750	+	96997676	NA	NA	NA	1	1	0.0
chr17	40354971	40359570	cds_intronic_83554	+	40356139	NA	NA	NA	1	1	0.0
chr2	187366152	187367222	cds_intronic_114273	+	187367220	NA	AATAAA ATTAAA AAGAAA AATGAA	1 16 5 9	1	1	0.0
chr4	148779639	148782133	cds_intronic_150290	+	148779949	NA	NA	NA	1	1	0.0
chr2	136610486	136614296	cds_intronic_111224	+	136614112	NA	NA	NA	1	1	0.0
chr6	159192440	159197438	cds_intronic_171044	+	159195626	NA	AATAAA	21	1	1	0.0
chr7	1490172	1498819	cds_intronic_171898	+	1493389	NA	ATTAAA	13	1	1	0.0
chr9	131451934	131452265	cds_intronic_195817	+	131451934	NA	NA	NA	3	2	0.57735026919
chr3	185136566	185146284	cds_intronic_142342	+	185136566	NA	NA	NA	1	1	0.0
chr16	4504928	4505545	cds_intronic_71033	+	4504930	NA	NA	NA	1	1	0.0
chr2	54176421	54197678	cds_intronic_106122	+	54188017	NA	NA	NA	1	1	0.0
chr8	145256920	145267896	cds_intronic_189100	+	145266975	NA	ACTAAA	14	1	1	0.0
chr4	68547932	68562361	cds_intronic_146462	+	68553558	NA	TTTAAA TTTAAA	18 16	1	1	0.0
chr17	34910742	34912921	cds_intronic_82418	+	34912544	NA	NA	NA	1	1	0.0
chr3	44807487	44815886	cds_intronic_133385	+	44812727	NA	TATAAA	24	1	1	0.0
chr1	29362436	29365764	cds_intronic_4031	+	29365764	NA	AATATA	3	2	1	0.0
chr1	97189151	97215086	cds_intronic_9661	+	97211575	NA	NA	NA	1	1	0.0
chr12	49658967	49663246	cds_intronic_45159	+	49660973	NA	NA	NA	1	1	0.0
chr1	97250811	97270340	cds_intronic_9669	+	97251477	NA	NA	NA	1	1	0.0
chr1	40539856	40542513	cds_intronic_5427	+	40539866	NA	NA	NA	1	1	0.0
chr5	56517223	56526530	cds_intronic_154230	+	56525774	NA	NA	NA	1	1	0.0
chr2	47641557	47643433	cds_intronic_105856	+	47643433	NA	AATAAA AGTAAA AATAGA	11 0 16	2	1	0.0
chr4	57220378	57220869	cds_intronic_146244	+	57220378	NA	NA	NA	1	1	0.0
chr12	88568505	88569983	cds_intronic_48576	+	88568505	NA	NA	NA	1	1	0.0
chr3	72799988	72821689	cds_intronic_136459	+	72806288	NA	NA	NA	1	1	0.0
chr18	12329783	12337338	cds_intronic_89744	+	12330723	NA	NA	NA	1	1	0.0
chr19	12826554	12829841	cds_intronic_95331	+	12829161	NA	AATAGA	4	1	1	0.0
chr6	43512007	43514307	cds_intronic_165379	+	43513938	NA	NA	NA	1	1	0.0
chr6	43509973	43511880	cds_intronic_165378	+	43510122	NA	NA	NA	1	1	0.0
chr1	36450379	36469618	cds_intronic_4912	+	36453105	NA	NA	NA	1	1	0.0
chr19	23845961	23869831	cds_intronic_97217	+	23865186	NA	NA	NA	1	1	0.0
chr5	114938902	114949204	cds_intronic_156896	+	114944334	NA	AAGAAA AATATA AATAGA	27 15 6	1	1	0.0
chr8	70594579	70602343	cds_intronic_185625	+	70602337	NA	NA	NA	10	4	10.6254411673
chr8	70602417	70612458	cds_intronic_185626	+	70602419	NA	NA	NA	13	5	4.90682413348
chr8	70602417	70612458	cds_intronic_185626	+	70602446	NA	NA	NA	23	6	1.30217209842
chr8	70602417	70612458	cds_intronic_185626	+	70602490	NA	NA	NA	6	4	4.65474668126
chr8	70602417	70612458	cds_intronic_185626	+	70602521	NA	NA	NA	10	6	5.08920426
chr12	8074228	8075415	cds_intronic_42458	+	8074636	NA	CATAAA AATAGA	16 20	1	1	0.0
chr20	33054223	33057851	cds_intronic_121130	+	33056301	NA	NA	NA	1	1	0.0
chr20	37396240	37400200	cds_intronic_121907	+	37400200	NA	NA	NA	1	1	0.0
chr22	42912302	42914009	cds_intronic_129638	+	42912731	NA	NA	NA	1	1	0.0
chr19	8032675	8038607	cds_intronic_94154	+	8035826	NA	NA	NA	1	1	0.0
chr11	17141522	17143733	cds_intronic_32119	+	17142845	NA	ATTAAA	7	1	1	0.0
chr5	68684973	68687656	cds_intronic_154800	+	68684976	NA	NA	NA	1	1	0.0
chr11	66388409	66391371	cds_intronic_36148	+	66389721	NA	AAGAAA AAGAAA	14 22	1	1	0.0
chr17	26395453	26443264	cds_intronic_81231	+	26429620	NA	NA	NA	1	1	0.0
chr1	52289459	52290957	cds_intronic_6819	+	52289462	NA	NA	NA	1	1	0.0
chr20	30138274	30142390	cds_intronic_120663	+	30139215	NA	NA	NA	1	1	0.0
chr12	95388034	95396513	cds_intronic_48757	+	95388034	NA	NA	NA	1	1	0.0
chr12	95396598	95397369	cds_intronic_48758	+	95396601	NA	NA	NA	1	1	0.0
chr3	47061331	47079154	cds_intronic_133730	+	47065532	NA	AATAAA AAGAAA	5 1	1	1	0.0
chr15	64404884	64410315	cds_intronic_66580	+	64406949	NA	TTTAAA TTTAAA	9 25	1	1	0.0
chr17	60024379	60028184	cds_intronic_86052	+	60024379	NA	NA	NA	8	1	0.0
chr1	108724651	108728448	cds_intronic_10145	+	108727799	NA	NA	NA	1	1	0.0
chr7	107010778	107013038	cds_intronic_178494	+	107012839	NA	CATAAA GATAAA	22 12	1	1	0.0
chr16	69167522	69170597	cds_intronic_75922	+	69170149	NA	CATAAA	7	1	1	0.0
chr20	47752469	47768117	cds_intronic_122820	+	47759965	NA	NA	NA	1	1	0.0
chr9	123421854	123452203	cds_intronic_194667	+	123439730	NA	NA	NA	1	1	0.0
chr14	101195404	101198377	cds_intronic_61818	+	101195570	NA	TATAAA TATAAA	17 19	1	1	0.0
chr14	101006917	101010193	cds_intronic_61812	+	101009620	NA	NA	NA	1	1	0.0
chr6	8041502	8042079	cds_intronic_161892	+	8041502	NA	NA	NA	1	1	0.0
chrX	20181159	20183015	cds_intronic_198690	+	20183015	NA	NA	NA	1	1	0.0
chr14	103805231	103805507	cds_intronic_62082	+	103805507	NA	AAGAAA	3	1	1	0.0
chr14	102551335	102551634	cds_intronic_61923	+	102551335	NA	NA	NA	4	1	0.0
chr16	89724830	89735692	cds_intronic_77558	+	89727911	NA	ATTAAA	19	1	1	0.0
chr2	55750959	55756012	cds_intronic_106299	+	55754762	NA	AATAAA AATAAA AATAAA	1 9 17	1	1	0.0
chr16	4476094	4484384	cds_intronic_71023	+	4476094	NA	NA	NA	1	1	0.0
chr5	10280745	10282307	cds_intronic_152383	+	10280763	NA	NA	NA	1	1	0.0
chr2	37439536	37440579	cds_intronic_105108	+	37440579	NA	CATAAA AAGAAA	0 19	1	1	0.0
chr12	1882128	1887018	cds_intronic_41495	+	1887015	NA	ACTAAA	4	1	1	0.0
chr22	21989556	21990719	cds_intronic_126935	+	21990091	NA	AATAAA GATAAA CATAAA	14 10 6	1	1	0.0
chr14	102378960	102384167	cds_intronic_61838	+	102378961	NA	NA	NA	1	1	0.0
chr1	200575927	200577956	cds_intronic_17046	+	200576846	NA	NA	NA	1	1	0.0
chr2	37105171	37111073	cds_intronic_105030	+	37106233	NA	AAGAAA AATAAA	2 18	1	1	0.0
chr3	71179988	71247032	cds_intronic_136445	+	71180503	NA	AGTAAA AAGAAA	19 13	1	1	0.0
chr1	7890222	7895820	cds_intronic_1052	+	7890698	NA	TATAAA	17	1	1	0.0
chr13	96367032	96375494	cds_intronic_55393	+	96375061	NA	NA	NA	1	1	0.0
chr19	35648405	35649245	cds_intronic_97637	+	35648604	NA	NA	NA	1	1	0.0
chr1	201694043	201702533	cds_intronic_17251	+	201701482	NA	AATACA TTTAAA AATACA TTTAAA	10 5 8 29	1	1	0.0
chr12	116675511	116714863	cds_intronic_50800	+	116675511	NA	NA	NA	1	1	0.0
chr8	91638091	91643779	cds_intronic_186299	+	91638091	NA	NA	NA	1	1	0.0
chr15	49882205	49903410	cds_intronic_65400	+	49899993	NA	TATAAA AATATA TTTAAA ATTAAA TTTAAA	2 0 18 6 16	1	1	0.0
chr16	31191549	31193717	cds_intronic_73831	+	31192251	NA	AAGAAA	10	1	1	0.0
chr7	151042553	151046157	cds_intronic_181389	+	151046157	NA	AAGAAA	3	1	1	0.0
chr4	39324024	39324822	cds_intronic_145302	+	39324399	NA	NA	NA	1	1	0.0
chr17	79571754	79573715	cds_intronic_88620	+	79572307	NA	NA	NA	1	1	0.0
chr5	79974913	80011023	cds_intronic_155667	+	80000705	NA	NA	NA	1	1	0.0
chr16	58762580	58768042	cds_intronic_75158	+	58765514	NA	AATACA AAGAAA AATGAA	9 5 1	1	1	0.0
chr19	19154883	19162430	cds_intronic_96910	+	19161979	NA	NA	NA	1	1	0.0
chr9	135981404	135982030	cds_intronic_196605	+	135981853	NA	NA	NA	1	1	0.0
chr17	16527824	16537174	cds_intronic_80451	+	16529326	NA	NA	NA	1	1	0.0
chr9	36191271	36197546	cds_intronic_191216	+	36197529	NA	NA	NA	1	1	0.0
chr9	130922766	130924282	cds_intronic_195593	+	130923520	NA	AGTAAA	0	1	1	0.0
chr1	247464579	247470384	cds_intronic_21049	+	247465806	NA	ATTAAA	6	1	1	0.0
chr1	247464579	247470384	cds_intronic_21049	+	247469575	NA	NA	NA	1	1	0.0
chr2	230045666	230092672	cds_intronic_117511	+	230045666	NA	NA	NA	1	1	0.0
chr10	102286832	102288799	cds_intronic_27587	+	102287355	NA	NA	NA	1	1	0.0
chr5	179250054	179250564	cds_intronic_161321	+	179250056	NA	NA	NA	2	1	0.0
chr9	126255435	126319848	cds_intronic_195016	+	126298167	NA	NA	NA	1	1	0.0
chr9	126217059	126219125	cds_intronic_195010	+	126219038	NA	NA	NA	1	1	0.0
chr7	106871137	106876893	cds_intronic_178481	+	106873994	NA	AAGAAA	5	1	1	0.0
chr17	58332620	58342771	cds_intronic_85924	+	58335672	NA	NA	NA	1	1	0.0
chr15	101827907	101832166	cds_intronic_69544	+	101829973	NA	NA	NA	1	1	0.0
chr2	54102893	54108592	cds_intronic_106079	+	54102893	NA	NA	NA	1	1	0.0
chr9	94821591	94830246	cds_intronic_192680	+	94821593	NA	NA	NA	1	1	0.0
chr15	89169981	89172455	cds_intronic_68809	+	89170761	NA	AAGAAA AATACA	8 19	1	1	0.0
chr17	1577187	1577734	cds_intronic_77935	+	1577188	NA	NA	NA	5	2	1.67332005307
chr14	36074916	36094565	cds_intronic_58045	+	36086856	NA	NA	NA	4	1	0.0
chr11	3744686	3746331	cds_intronic_30951	+	3746011	NA	NA	NA	1	1	0.0
chr5	86676412	86679529	cds_intronic_155862	+	86678910	NA	NA	NA	1	1	0.0
chr4	77959767	77960224	cds_intronic_147223	+	77959768	NA	NA	NA	1	1	0.0
chr3	196771601	196778446	cds_intronic_143216	+	196778292	NA	NA	NA	2	1	0.0
chr12	22826595	22835214	cds_intronic_43565	+	22832653	NA	NA	NA	1	1	0.0
chr18	29477855	29480886	cds_intronic_90558	+	29480140	NA	NA	NA	1	1	0.0
chr11	108047818	108055957	cds_intronic_39022	+	108047889	NA	TATAAA AATATA	25 19	1	1	0.0
chr12	100502327	100536368	cds_intronic_49095	+	100513514	NA	NA	NA	1	1	0.0
chr15	59963514	59964433	cds_intronic_66222	+	59963516	NA	NA	NA	1	1	0.0
chr14	53004391	53009087	cds_intronic_58718	+	53006568	NA	AATATA	14	1	1	0.0
chr12	63977942	63984778	cds_intronic_47371	+	63981600	NA	NA	NA	1	1	0.0
chr15	91513745	91517364	cds_intronic_69226	+	91515969	NA	NA	NA	1	1	0.0
chr4	7776631	7780487	cds_intronic_144260	+	7776866	NA	NA	NA	1	1	0.0
chr14	69969597	69988998	cds_intronic_59898	+	69986884	NA	NA	NA	1	1	0.0
chr7	151798006	151800195	cds_intronic_181469	+	151798011	NA	NA	NA	1	1	0.0
chr13	111947542	111953093	cds_intronic_56191	+	111952964	NA	NA	NA	1	1	0.0
chr8	94739472	94740431	cds_intronic_186419	+	94739862	NA	CATAAA	33	1	1	0.0
chr11	309395	310138	cds_intronic_30192	+	309396	NA	NA	NA	1	1	0.0
chr9	134140102	134145662	cds_intronic_196349	+	134141531	NA	NA	NA	1	1	0.0
chr15	78457419	78458490	cds_intronic_68089	+	78458490	NA	NA	NA	2	1	0.0
chr1	36186582	36201881	cds_intronic_4845	+	36198647	NA	NA	NA	1	1	0.0
chr13	100211789	100214943	cds_intronic_55684	+	100214942	NA	AATAAA AATAAA	11 17	2	2	1.0
chr14	31806821	31813100	cds_intronic_57859	+	31808808	NA	NA	NA	1	1	0.0
chr12	95488471	95498781	cds_intronic_48778	+	95498183	NA	NA	NA	1	1	0.0
chr4	151412188	151500240	cds_intronic_150357	+	151461348	NA	NA	NA	1	1	0.0
