chrm	beg	end	utr_ID	strand	polyA_coordinate	annotated_polyA_distance	nearby_PAS	PAS_distance	number_supporting_reads	number_unique_supporting_reads	unique_reads_spread
chr20	46264634	46265506	cds_exonic_127313	+	46265152	NA	NA	NA	1	1	0.0
chr2	10581634	10581849	cds_exonic_107852	+	10581756	NA	NA	NA	1	1	0.0
chr6	116987796	116988355	cds_exonic_173111	+	116988218	NA	AATACA	28	1	1	0.0
chr9	5054562	5054884	cds_exonic_193585	+	5054852	NA	NA	NA	1	1	0.0
chr7	90355880	90356126	cds_exonic_180663	+	90355895	NA	NA	NA	1	1	0.0
chr8	100523331	100523740	cds_exonic_190696	+	100523600	NA	AATATA	24	1	1	0.0
chr8	100479641	100479862	cds_exonic_190690	+	100479641	NA	NA	NA	1	1	0.0
chr8	25364025	25365255	cds_exonic_187475	+	25364932	NA	NA	NA	1	1	0.0
chr1	32682570	32682952	cds_exonic_4699	+	32682887	NA	NA	NA	1	1	0.0
chr15	44943688	44944137	cds_exonic_66417	+	44944067	NA	NA	NA	1	1	0.0
chr1	154223516	154223794	cds_exonic_13485	+	154223583	NA	NA	NA	1	1	0.0
chr18	13681603	13682076	cds_exonic_93186	+	13681767	NA	NA	NA	1	1	0.0
chr6	56482783	56485513	cds_exonic_170799	+	56485027	NA	AATAAA AAGAAA	6 29	1	1	0.0
chr11	6623081	6623494	cds_exonic_31508	+	6623223	NA	AAGAAA	18	1	1	0.0
chr16	53243393	53243725	cds_exonic_76570	+	53243620	NA	NA	NA	1	1	0.0
chr16	53243393	53243725	cds_exonic_76570	+	53243679	NA	NA	NA	1	1	0.0
chr5	145522434	145522647	cds_exonic_162897	+	145522573	NA	NA	NA	1	1	0.0
chr8	92090583	92090896	cds_exonic_190248	+	92090765	NA	TATAAA	20	1	1	0.0
chr6	43017144	43017400	cds_exonic_169676	+	43017213	NA	NA	NA	2	1	0.0
chr2	15374668	15374871	cds_exonic_108047	+	15374720	NA	NA	NA	1	1	0.0
chr1	46500209	46501735	cds_exonic_6712	+	46501735	NA	TTTAAA TTTAAA	27 6	1	1	0.0
chr18	23865845	23866463	cds_exonic_93669	+	23865845	NA	NA	NA	1	1	0.0
chr18	23865845	23866463	cds_exonic_93669	+	23865912	NA	NA	NA	1	1	0.0
chr7	45023490	45023784	cds_exonic_178786	+	45023584	NA	NA	NA	2	1	0.0
chr9	125627627	125627936	cds_exonic_198835	+	125627699	NA	AAGAAA	1	1	1	0.0
chr9	125620947	125621381	cds_exonic_198833	+	125621154	NA	NA	NA	1	1	0.0
chr6	30297094	30297547	cds_exonic_167040	+	30297481	NA	NA	NA	1	1	0.0
chr20	33122431	33122715	cds_exonic_125731	+	33122575	NA	NA	NA	1	1	0.0
chr12	13102423	13103318	cds_exonic_43758	+	13103318	NA	NA	NA	1	1	0.0
chr5	39201927	39203089	cds_exonic_157804	+	39202222	NA	NA	NA	1	1	0.0
chr9	106873861	106874095	cds_exonic_197503	+	106873925	NA	NA	NA	1	1	0.0
chr10	105184740	105185282	cds_exonic_28212	+	105185083	NA	CATAAA	14	1	1	0.0
chr16	57238570	57238920	cds_exonic_77020	+	57238855	NA	NA	NA	1	1	0.0
chr5	38949813	38950822	cds_exonic_157754	+	38949965	NA	NA	NA	1	1	0.0
chr4	186111296	186112350	cds_exonic_155993	+	186112227	NA	GATAAA AATAGA	9 5	3	3	3.69684550214
chr2	74682517	74682725	cds_exonic_112269	+	74682604	NA	AAGAAA	18	1	1	0.0
chr16	22358288	22359144	cds_exonic_74624	+	22358802	NA	NA	NA	1	1	0.0
chr11	5474718	5475654	cds_exonic_31320	+	5475041	NA	AAGAAA	14	1	1	0.0
chr7	138945997	138946487	cds_exonic_184419	+	138946228	NA	NA	NA	1	1	0.0
chr11	71723940	71727306	cds_exonic_37642	+	71726496	NA	AAGAAA	16	2	1	0.0
chr5	180275794	180278493	cds_exonic_165450	+	180278493	NA	NA	NA	1	1	0.0
chr12	107371337	107372492	cds_exonic_50852	+	107372367	NA	TATAAA AAGAAA AATACA	31 2 7	1	1	0.0
chr17	35620587	35620797	cds_exonic_85293	+	35620684	NA	NA	NA	1	1	0.0
chr6	38793931	38794167	cds_exonic_169152	+	38794002	NA	AATGAA	34	2	2	1.58113883008
chr6	38813349	38813549	cds_exonic_169159	+	38813445	NA	NA	NA	1	1	0.0
chr15	91020896	91021121	cds_exonic_70748	+	91020961	NA	ATTAAA	24	2	2	4.52769256907
chr11	118373112	118377361	cds_exonic_40642	+	118374254	NA	AAGAAA	20	1	1	0.0
chr11	118373112	118377361	cds_exonic_40642	+	118376576	NA	NA	NA	1	1	0.0
chr21	35467497	35469651	cds_exonic_129557	+	35469419	NA	NA	NA	1	1	0.0
chr8	94752480	94752786	cds_exonic_190321	+	94752753	NA	NA	NA	1	1	0.0
chr9	98734214	98734614	cds_exonic_196987	+	98734598	NA	NA	NA	1	1	0.0
chr19	1043039	1043250	cds_exonic_95811	+	1043166	NA	NA	NA	1	1	0.0
chr6	26465412	26465634	cds_exonic_166757	+	26465518	NA	AATAGA	16	1	1	0.0
chr3	154032834	154033069	cds_exonic_145522	+	154032882	NA	AATATA AAGAAA	1 12	1	1	0.0
chrX	133549045	133549249	cds_exonic_207608	+	133549130	NA	ATTAAA	18	1	1	0.0
chr2	180846478	180846724	cds_exonic_118686	+	180846587	NA	AAGAAA AAGAAA	2 8	1	1	0.0
chr18	28672063	28672263	cds_exonic_93744	+	28672108	NA	AAGAAA AAGAAA	1 9	1	1	0.0
chr16	772308	772554	cds_exonic_71677	+	772554	NA	NA	NA	1	1	0.0
chr3	17279654	17279911	cds_exonic_136746	+	17279662	NA	NA	NA	1	1	0.0
chr12	11174273	11175170	cds_exonic_43653	+	11174707	NA	NA	NA	1	1	0.0
chr17	47394187	47395087	cds_exonic_87939	+	47394565	NA	AAGAAA	3	1	1	0.0
chr17	47375777	47376286	cds_exonic_87935	+	47375971	NA	NA	NA	1	1	0.0
chr10	5772449	5773166	cds_exonic_21829	+	5772928	NA	AAGAAA	26	1	1	0.0
chr1	144921834	144922047	cds_exonic_11819	+	144921941	NA	NA	NA	1	1	0.0
chr8	6301913	6303073	cds_exonic_186246	+	6302627	NA	NA	NA	1	1	0.0
chr3	49064119	49064319	cds_exonic_139175	+	49064119	NA	NA	NA	1	1	0.0
chr1	42744018	42744343	cds_exonic_5938	+	42744097	NA	GATAAA	14	1	1	0.0
chr7	139756655	139756953	cds_exonic_184499	+	139756656	NA	NA	NA	1	1	0.0
chr7	139756655	139756953	cds_exonic_184499	+	139756724	NA	NA	NA	1	1	0.0
chr12	95693940	95694446	cds_exonic_49873	+	95693940	NA	NA	NA	1	1	0.0
chr11	17156365	17156576	cds_exonic_32399	+	17156365	NA	NA	NA	2	1	0.0
chr8	144656956	144657263	cds_exonic_192661	+	144656958	NA	NA	NA	1	1	0.0
chr9	79931089	79931322	cds_exonic_196083	+	79931157	NA	ATTAAA	13	1	1	0.0
chr17	16326782	16327081	cds_exonic_83086	+	16326782	NA	NA	NA	1	1	0.0
chr2	74755877	74756110	cds_exonic_112343	+	74756110	NA	AAGAAA	19	2	1	0.0
chr7	131128239	131128461	cds_exonic_183925	+	131128391	NA	NA	NA	7	2	0.845154254729
chr7	131128239	131128461	cds_exonic_183925	+	131128461	NA	NA	NA	1	1	0.0
chr16	2012990	2013257	cds_exonic_72190	+	2013039	NA	NA	NA	1	1	0.0
chr12	86272122	86272347	cds_exonic_49527	+	86272179	NA	NA	NA	1	1	0.0
chr9	100845127	100845334	cds_exonic_197217	+	100845334	NA	NA	NA	1	1	0.0
chr2	149511495	149511702	cds_exonic_116250	+	149511618	NA	NA	NA	1	1	0.0
chr11	82535950	82536164	cds_exonic_38538	+	82536164	NA	NA	NA	1	1	0.0
chr10	129900842	129907687	cds_exonic_29853	+	129907269	NA	AATGAA	6	1	1	0.0
chr2	38800351	38800569	cds_exonic_110013	+	38800365	NA	NA	NA	1	1	0.0
chr14	23548755	23550018	cds_exonic_58107	+	23549917	NA	NA	NA	1	1	0.0
chr3	160150070	160150303	cds_exonic_145837	+	160150132	NA	NA	NA	1	1	0.0
chr1	231556743	231557634	cds_exonic_20480	+	231556972	NA	NA	NA	1	1	0.0
chr1	231556743	231557634	cds_exonic_20480	+	231557099	NA	NA	NA	1	1	0.0
chr5	118484433	118486116	cds_exonic_161047	+	118484558	NA	NA	NA	1	1	0.0
chr6	74183087	74183377	cds_exonic_171273	+	74183155	NA	NA	NA	1	1	0.0
chr6	74175931	74176131	cds_exonic_171270	+	74176063	NA	ATTAAA TATAAA	29 21	2	1	0.0
chr8	116599209	116599831	cds_exonic_191350	+	116599721	NA	NA	NA	2	1	0.0
chr17	59885827	59886118	cds_exonic_89130	+	59885827	NA	NA	NA	1	1	0.0
chr18	9254208	9258929	cds_exonic_92859	+	9254419	NA	NA	NA	1	1	0.0
chr18	9254208	9258929	cds_exonic_92859	+	9257015	NA	NA	NA	1	1	0.0
chr18	9254208	9258929	cds_exonic_92859	+	9258160	NA	NA	NA	1	1	0.0
chr5	81572132	81572337	cds_exonic_159941	+	81572216	NA	NA	NA	1	1	0.0
chr2	174227953	174228190	cds_exonic_117976	+	174228062	NA	NA	NA	1	1	0.0
chr20	50768687	50769967	cds_exonic_127681	+	50768687	NA	NA	NA	1	1	0.0
chr6	135513461	135513696	cds_exonic_174018	+	135513675	NA	NA	NA	1	1	0.0
chr20	40161688	40162209	cds_exonic_126651	+	40161964	NA	AAGAAA AAGAAA	1 10	1	1	0.0
chr12	21453281	21453503	cds_exonic_44175	+	21453324	NA	NA	NA	1	1	0.0
chr18	19995539	19997774	cds_exonic_93376	+	19997356	NA	NA	NA	1	1	0.0
chrX	44938390	44938596	cds_exonic_203594	+	44938529	NA	AAGAAA	14	1	1	0.0
chr8	30699519	30706533	cds_exonic_187877	+	30703653	NA	ATTAAA	9	1	1	0.0
chr7	38247105	38247330	cds_exonic_178294	+	38247227	NA	NA	NA	1	1	0.0
chr1	197069560	197074315	cds_exonic_17403	+	197070615	NA	AATAAA AAGAAA AATGAA	2 8 32	1	1	0.0
chr1	197069560	197074315	cds_exonic_17403	+	197071703	NA	AAGAAA	2	1	1	0.0
chr1	197069560	197074315	cds_exonic_17403	+	197072204	NA	AAGAAA	4	1	1	0.0
chr1	197069560	197074315	cds_exonic_17403	+	197072417	NA	NA	NA	1	1	0.0
chr1	197069560	197074315	cds_exonic_17403	+	197072765	NA	NA	NA	1	1	0.0
chr2	158114594	158116048	cds_exonic_116699	+	158114868	NA	NA	NA	1	1	0.0
chr2	158114594	158116048	cds_exonic_116699	+	158115960	NA	NA	NA	2	2	1.58113883008
chr10	70332095	70334009	cds_exonic_24871	+	70332147	NA	NA	NA	1	1	0.0
chr10	70332095	70334009	cds_exonic_24871	+	70333969	NA	AAGAAA	23	1	1	0.0
chr2	179453264	179456231	cds_exonic_118330	+	179455932	NA	NA	NA	1	1	0.0
chr2	179458294	179458594	cds_exonic_118336	+	179458422	NA	NA	NA	1	1	0.0
chr11	58384668	58385176	cds_exonic_34604	+	58385176	NA	NA	NA	1	1	0.0
chr15	41812588	41813345	cds_exonic_65473	+	41813258	NA	NA	NA	1	1	0.0
chr3	101571934	101572707	cds_exonic_142142	+	101571934	NA	NA	NA	2	1	0.0
chr3	101571934	101572707	cds_exonic_142142	+	101572005	NA	AATGAA	20	1	1	0.0
chr3	101571934	101572707	cds_exonic_142142	+	101572578	NA	NA	NA	1	1	0.0
chr13	28009814	28010030	cds_exonic_54377	+	28009827	4	NA	NA	2	2	5.0
chr8	144890778	144891195	cds_exonic_192748	+	144891064	NA	NA	NA	1	1	0.0
chr7	132720352	132720680	cds_exonic_183990	+	132720358	NA	NA	NA	1	1	0.0
chr5	154393419	154397121	cds_exonic_163777	+	154394702	NA	NA	NA	1	1	0.0
chr16	19725439	19726357	cds_exonic_74199	+	19725914	NA	NA	NA	1	1	0.0
chr16	19725439	19726357	cds_exonic_74199	+	19726024	NA	AAGAAA	6	1	1	0.0
chr16	72827153	72832613	cds_exonic_78827	+	72832613	NA	NA	NA	1	1	0.0
chr9	79968324	79968557	cds_exonic_196098	+	79968360	NA	NA	NA	1	1	0.0
chr2	179468602	179469032	cds_exonic_118352	+	179468867	NA	NA	NA	1	1	0.0
chr2	179472127	179472412	cds_exonic_118357	+	179472230	NA	NA	NA	1	1	0.0
chr2	179472127	179472412	cds_exonic_118357	+	179472394	NA	AATACA	22	2	2	17.5071414
chr16	75690104	75690506	cds_exonic_79050	+	75690206	NA	NA	NA	2	2	1.58113883008
chr16	75690104	75690506	cds_exonic_79050	+	75690506	NA	NA	NA	1	1	0.0
chr1	25572934	25573454	cds_exonic_3671	+	25573010	NA	NA	NA	1	1	0.0
chr1	25571586	25571792	cds_exonic_3670	+	25571714	NA	AAGAAA	24	1	1	0.0
chrX	123179013	123179218	cds_exonic_207240	+	123179218	NA	NA	NA	1	1	0.0
chr2	152319397	152322634	cds_exonic_116366	+	152319542	NA	NA	NA	1	1	0.0
chr2	152319397	152322634	cds_exonic_116366	+	152320541	NA	NA	NA	1	1	0.0
chr2	152319397	152322634	cds_exonic_116366	+	152320893	NA	CATAAA	19	1	1	0.0
chr2	152319397	152322634	cds_exonic_116366	+	152320989	NA	NA	NA	3	1	0.0
chr6	153292300	153292549	cds_exonic_175051	+	153292332	NA	NA	NA	1	1	0.0
chr2	179407795	179408389	cds_exonic_118287	+	179407822	NA	NA	NA	1	1	0.0
chr2	179404108	179404693	cds_exonic_118282	+	179404128	NA	NA	NA	1	1	0.0
chr2	179403266	179403566	cds_exonic_118280	+	179403508	NA	NA	NA	1	1	0.0
chr2	179408927	179409233	cds_exonic_118289	+	179409190	NA	NA	NA	1	1	0.0
chr6	101296023	101296583	cds_exonic_172396	+	101296179	NA	NA	NA	1	1	0.0
chr6	101296023	101296583	cds_exonic_172396	+	101296359	NA	NA	NA	1	1	0.0
chr16	47005260	47005484	cds_exonic_76267	+	47005296	NA	NA	NA	1	1	0.0
chr6	43022014	43022224	cds_exonic_169683	+	43022014	NA	NA	NA	1	1	0.0
chr5	65083944	65084311	cds_exonic_158808	+	65084007	NA	AATAAA	10	1	1	0.0
chr6	4031792	4032989	cds_exonic_165693	+	4032206	NA	NA	NA	1	1	0.0
chr6	4031792	4032989	cds_exonic_165693	+	4032564	NA	AGTAAA GATAAA	31 25	1	1	0.0
chr6	4031792	4032989	cds_exonic_165693	+	4032712	NA	NA	NA	1	1	0.0
chr19	45911390	45912756	cds_exonic_104245	+	45912217	NA	NA	NA	1	1	0.0
chr1	235318195	235318427	cds_exonic_20643	+	235318291	NA	AAGAAA	2	1	1	0.0
chr10	73521354	73521783	cds_exonic_25286	+	73521395	NA	NA	NA	1	1	0.0
chr1	93672663	93672955	cds_exonic_9640	+	93672666	NA	NA	NA	1	1	0.0
chr5	140953058	140953775	cds_exonic_162674	+	140953671	NA	NA	NA	1	1	0.0
chr4	104061970	104062261	cds_exonic_153132	+	104062174	NA	AATAAA AAGAAA ACTAAA	14 6 2	1	1	0.0
chr2	135710799	135712215	cds_exonic_115851	+	135711716	NA	NA	NA	1	1	0.0
chr8	6614683	6614906	cds_exonic_186272	+	6614717	NA	NA	NA	1	1	0.0
chr1	171558507	171558744	cds_exonic_15923	+	171558552	NA	NA	NA	1	1	0.0
chr7	107114505	107115804	cds_exonic_182657	+	107115021	NA	AAGAAA	11	1	1	0.0
chrX	134464348	134464572	cds_exonic_207673	+	134464363	NA	NA	NA	1	1	0.0
chr2	160289267	160289874	cds_exonic_116864	+	160289874	NA	TATAAA AAGAAA AATATA	5 32 3	1	1	0.0
chr2	113316869	113317151	cds_exonic_114794	+	113317043	NA	NA	NA	1	1	0.0
chr7	7283154	7283355	cds_exonic_176867	+	7283165	NA	NA	NA	1	1	0.0
chr7	7283154	7283355	cds_exonic_176867	+	7283316	NA	ACTAAA	18	1	1	0.0
chr7	7277885	7278592	cds_exonic_176866	+	7278036	NA	CATAAA	8	1	1	0.0
chr7	12727879	12728479	cds_exonic_177056	+	12727879	NA	NA	NA	1	1	0.0
chr3	17051165	17053652	cds_exonic_136734	+	17053527	NA	CATAAA	18	1	1	0.0
chr16	71710349	71710552	cds_exonic_78697	+	71710524	35	AATAAA	15	1	1	0.0
chr4	48517044	48517292	cds_exonic_150459	+	48517088	NA	NA	NA	1	1	0.0
chr15	42054326	42054560	cds_exonic_65533	+	42054396	NA	AATATA CATAAA	29 25	1	1	0.0
chr7	91603024	91603282	cds_exonic_180680	+	91603084	NA	NA	NA	3	2	1.0
chr7	91630161	91632549	cds_exonic_180686	+	91630571	NA	NA	NA	1	1	0.0
chr7	91630161	91632549	cds_exonic_180686	+	91630760	NA	TATAAA AATATA	7 5	1	1	0.0
chr7	91630161	91632549	cds_exonic_180686	+	91631496	NA	NA	NA	1	1	0.0
chr7	91630161	91632549	cds_exonic_180686	+	91631987	NA	AATGAA	16	1	1	0.0
chr7	91630161	91632549	cds_exonic_180686	+	91632451	NA	AAGAAA	7	1	1	0.0
chr7	91641742	91641956	cds_exonic_180687	+	91641822	NA	AATAAA	25	3	1	0.0
chr7	91624916	91625126	cds_exonic_180685	+	91625047	NA	NA	NA	1	1	0.0
chr10	79795268	79795478	cds_exonic_25903	+	79795335	NA	NA	NA	1	1	0.0
chr16	2263731	2264054	cds_exonic_72418	+	2263731	NA	NA	NA	2	1	0.0
chr12	30789915	30790121	cds_exonic_44750	+	30790121	NA	NA	NA	1	1	0.0
chr9	110068659	110068928	cds_exonic_197667	+	110068659	NA	NA	NA	1	1	0.0
chr17	29657313	29657516	cds_exonic_84626	+	29657473	NA	NA	NA	1	1	0.0
chr1	52981517	52981726	cds_exonic_7290	+	52981631	NA	NA	NA	1	1	0.0
chr21	30331779	30332019	cds_exonic_129058	+	30331958	NA	AAGAAA	7	1	1	0.0
chr11	118342376	118345030	cds_exonic_40617	+	118342634	NA	NA	NA	1	1	0.0
chr7	120935493	120935703	cds_exonic_183236	+	120935660	NA	AATAAA	22	1	1	0.0
chr6	111701184	111701422	cds_exonic_172923	+	111701259	NA	NA	NA	1	1	0.0
chr6	12120122	12126103	cds_exonic_166084	+	12124200	NA	NA	NA	1	1	0.0
chr8	124340429	124340819	cds_exonic_191663	+	124340503	NA	NA	NA	1	1	0.0
chr2	170492922	170494030	cds_exonic_117599	+	170493972	NA	AAGAAA	18	1	1	0.0
chr12	116434280	116434486	cds_exonic_51941	+	116434356	NA	NA	NA	1	1	0.0
chr8	41905895	41906495	cds_exonic_188480	+	41906445	NA	NA	NA	1	1	0.0
chr3	160155762	160156974	cds_exonic_145841	+	160155862	NA	GATAAA	22	1	1	0.0
chr4	71554394	71555831	cds_exonic_151304	+	71555308	NA	NA	NA	1	1	0.0
chr3	155571011	155571786	cds_exonic_145590	+	155571163	NA	NA	NA	11	5	2.21564683763
chr8	12594408	12594649	cds_exonic_186565	+	12594447	NA	NA	NA	1	1	0.0
chr3	121412587	121417776	cds_exonic_143088	+	121414333	NA	AAGAAA	2	1	1	0.0
chr3	121412587	121417776	cds_exonic_143088	+	121415357	NA	NA	NA	1	1	0.0
chr6	28365780	28366182	cds_exonic_166862	+	28366123	NA	AATATA	14	1	1	0.0
chr20	30371507	30371724	cds_exonic_125260	+	30371649	NA	NA	NA	1	1	0.0
chr5	134153185	134153404	cds_exonic_161920	+	134153322	NA	NA	NA	1	1	0.0
chr2	61575004	61575615	cds_exonic_111276	+	61575438	33	NA	NA	1	1	0.0
chr18	29125683	29126703	cds_exonic_93825	+	29125877	NA	NA	NA	1	1	0.0
chr8	90965471	90965919	cds_exonic_190180	+	90965677	NA	AATAAA	2	1	1	0.0
chr5	102894579	102895169	cds_exonic_160643	+	102894601	NA	NA	NA	3	1	0.0
chr10	871004	871256	cds_exonic_21609	+	871143	NA	NA	NA	1	1	0.0
chr1	180064657	180065065	cds_exonic_16533	+	180064806	NA	NA	NA	1	1	0.0
chr15	91524977	91525211	cds_exonic_70895	+	91525143	NA	NA	NA	3	2	2.44948974278
chr3	184039069	184039891	cds_exonic_146944	+	184039749	NA	NA	NA	2	2	4.52769256907
chr6	44218027	44218336	cds_exonic_170045	+	44218091	NA	NA	NA	4	3	3.70809924355
chr6	44218027	44218336	cds_exonic_170045	+	44218170	NA	NA	NA	1	1	0.0
chr6	44219735	44220004	cds_exonic_170049	+	44219916	NA	NA	NA	1	1	0.0
chr13	25486719	25487163	cds_exonic_54233	+	25486806	NA	NA	NA	1	1	0.0
chr15	49320649	49320879	cds_exonic_66815	+	49320874	NA	NA	NA	3	1	0.0
chr12	112757028	112757291	cds_exonic_51661	+	112757069	NA	NA	NA	2	1	0.0
chr12	133360614	133360893	cds_exonic_53749	+	133360736	NA	NA	NA	1	1	0.0
chr17	18111730	18111948	cds_exonic_83386	+	18111831	NA	NA	NA	1	1	0.0
chr15	44782981	44783197	cds_exonic_66365	+	44783153	NA	ACTAAA	22	1	1	0.0
chr17	58023911	58024146	cds_exonic_88956	+	58024090	NA	NA	NA	1	1	0.0
chr8	41391673	41391924	cds_exonic_188392	+	41391924	NA	NA	NA	1	1	0.0
chr3	52620440	52620704	cds_exonic_140303	+	52620440	NA	NA	NA	1	1	0.0
chr2	179477003	179477303	cds_exonic_118368	+	179477303	NA	NA	NA	1	1	0.0
chr1	32849430	32849649	cds_exonic_4756	+	32849572	NA	AAGAAA	7	1	1	0.0
chr6	79692602	79692834	cds_exonic_171525	+	79692659	NA	AAGAAA	24	1	1	0.0
chr17	21094260	21094463	cds_exonic_83810	+	21094332	NA	NA	NA	1	1	0.0
chr6	27100850	27101240	cds_exonic_166778	+	27101002	NA	NA	NA	1	1	0.0
chr6	27100850	27101240	cds_exonic_166778	+	27101218	NA	NA	NA	1	1	0.0
chr6	27100151	27100529	cds_exonic_166777	+	27100487	NA	AAGAAA	27	1	1	0.0
chr5	132439924	132440125	cds_exonic_161765	+	132440125	NA	NA	NA	1	1	0.0
chr2	135893133	135893502	cds_exonic_115881	+	135893262	NA	NA	NA	1	1	0.0
chr9	135201710	135205886	cds_exonic_200393	+	135203238	NA	AATAGA	13	1	1	0.0
chr9	135201710	135205886	cds_exonic_200393	+	135203305	NA	NA	NA	1	1	0.0
chr9	135201710	135205886	cds_exonic_200393	+	135205125	NA	AAGAAA	5	1	1	0.0
chr9	135201710	135205886	cds_exonic_200393	+	135205586	NA	AATAAA	12	1	1	0.0
chr16	24578463	24578826	cds_exonic_74831	+	24578826	NA	ACTAAA	28	1	1	0.0
chr7	123136749	123136960	cds_exonic_183372	+	123136845	NA	GATAAA	19	1	1	0.0
chr22	40660691	40663040	cds_exonic_134055	+	40660946	NA	NA	NA	1	1	0.0
chr19	11215895	11216276	cds_exonic_98687	+	11216077	NA	NA	NA	1	1	0.0
chr1	89298927	89299128	cds_exonic_9298	+	89298995	NA	AGTAAA TATAAA	4 17	1	1	0.0
chr12	49666035	49667113	cds_exonic_45975	+	49667113	NA	AATAAA	18	3	1	0.0
chr20	34450934	34451322	cds_exonic_126101	+	34451046	NA	TTTAAA TTTAAA	3 31	1	1	0.0
chr13	42873498	42877999	cds_exonic_55269	+	42874486	NA	AATAAA	2	2	1	0.0
chr13	42873498	42877999	cds_exonic_55269	+	42877149	NA	NA	NA	1	1	0.0
chr13	42873498	42877999	cds_exonic_55269	+	42877934	NA	NA	NA	3	1	0.0
chr9	19378705	19378916	cds_exonic_194159	+	19378778	8	NA	NA	1	1	0.0
chr5	131007197	131008617	cds_exonic_161518	+	131007528	NA	NA	NA	1	1	0.0
chr3	129156562	129156793	cds_exonic_143950	+	129156755	NA	GATAAA	19	1	1	0.0
chr4	113107848	113108091	cds_exonic_153535	+	113107903	NA	NA	NA	1	1	0.0
chr2	111419158	111419418	cds_exonic_114586	+	111419221	NA	NA	NA	1	1	0.0
chr22	35660640	35661596	cds_exonic_133200	+	35661530	NA	NA	NA	1	1	0.0
chr18	77893494	77896689	cds_exonic_95533	+	77896689	NA	NA	NA	1	1	0.0
chr1	27189703	27190447	cds_exonic_3996	+	27189837	NA	NA	NA	1	1	0.0
chr20	7962900	7963268	cds_exonic_124381	+	7963158	NA	NA	NA	1	1	0.0
chr3	9517166	9517772	cds_exonic_135865	+	9517479	NA	NA	NA	1	1	0.0
chr17	27825335	27825539	cds_exonic_84334	+	27825475	NA	NA	NA	1	1	0.0
chr6	150004154	150005728	cds_exonic_174724	+	150005067	NA	NA	NA	1	1	0.0
chrX	13754596	13754797	cds_exonic_202294	+	13754662	NA	AATACA	19	1	1	0.0
chr6	43491538	43491743	cds_exonic_169886	+	43491743	NA	NA	NA	1	1	0.0
chr7	127013397	127015088	cds_exonic_183454	+	127013446	NA	NA	NA	1	1	0.0
chr7	127013397	127015088	cds_exonic_183454	+	127014077	NA	AATAAA	32	2	2	2.5495097568
chr1	70697793	70698060	cds_exonic_8484	+	70697895	NA	NA	NA	1	1	0.0
chr20	45874751	45875261	cds_exonic_127288	+	45874796	NA	NA	NA	1	1	0.0
chr2	44128458	44128663	cds_exonic_110385	+	44128469	NA	NA	NA	1	1	0.0
chrM	10058	10404	cds_exonic_201820	+	10227	NA	CATAAA	27	1	1	0.0
chrM	10058	10404	cds_exonic_201820	+	10403	NA	NA	NA	19	2	0.917662935482
chrM	10469	12137	cds_exonic_201821	+	10663	NA	NA	NA	2	2	8.51469318296
chrM	10469	12137	cds_exonic_201821	+	10742	NA	NA	NA	6	3	11.0604400154
chrM	10469	12137	cds_exonic_201821	+	10814	NA	AATATA	22	12	2	1.0
chrM	10469	12137	cds_exonic_201821	+	10887	NA	NA	NA	1	1	0.0
chrM	10469	12137	cds_exonic_201821	+	10957	NA	NA	NA	4	3	4.63680924775
chrM	10469	12137	cds_exonic_201821	+	11144	NA	TATAAA	26	2	2	18.5067555233
chrM	10469	12137	cds_exonic_201821	+	11352	NA	NA	NA	1	1	0.0
chrM	10469	12137	cds_exonic_201821	+	11402	NA	AGTAAA TATAAA	9 30	1	1	0.0
chrM	10469	12137	cds_exonic_201821	+	11775	NA	NA	NA	2	1	0.0
chrM	10469	12137	cds_exonic_201821	+	11834	NA	NA	NA	1	1	0.0
chrM	10469	12137	cds_exonic_201821	+	12137	NA	NA	NA	196	1	0.0
chrM	12336	14145	cds_exonic_201822	+	12357	NA	NA	NA	4	3	7.24568837309
chrM	12336	14145	cds_exonic_201822	+	12419	NA	NA	NA	1	1	0.0
chrM	12336	14145	cds_exonic_201822	+	12623	NA	NA	NA	3	1	0.0
chrM	12336	14145	cds_exonic_201822	+	12688	NA	TATAAA	9	3	2	5.65685424949
chrM	12336	14145	cds_exonic_201822	+	12731	NA	NA	NA	1	1	0.0
chrM	12336	14145	cds_exonic_201822	+	12927	NA	GATAAA	20	1	1	0.0
chrM	12336	14145	cds_exonic_201822	+	13002	NA	NA	NA	1	1	0.0
chrM	12336	14145	cds_exonic_201822	+	13118	NA	NA	NA	1	1	0.0
chrM	12336	14145	cds_exonic_201822	+	13216	NA	NA	NA	3	3	15.5134350376
chrM	12336	14145	cds_exonic_201822	+	13424	NA	AATGAA	6	2	2	1.58113883008
chrM	12336	14145	cds_exonic_201822	+	13676	NA	NA	NA	1	1	0.0
chrM	12336	14145	cds_exonic_201822	+	13862	NA	NA	NA	2	2	0.707106781187
chrM	12336	14145	cds_exonic_201822	+	13958	NA	NA	NA	1	1	0.0
chrM	12336	14145	cds_exonic_201822	+	14058	NA	NA	NA	3	2	11.313708499
chrM	12336	14145	cds_exonic_201822	+	14116	NA	ATTAAA AGTAAA AAGAAA	10 17 4	10	5	1.73205080757
chrM	12336	14145	cds_exonic_201822	+	14145	NA	AAGAAA	32	1	1	0.0
chrM	14148	14673	cds_exonic_201823	+	14148	NA	NA	NA	10	1	0.0
chrM	14148	14673	cds_exonic_201823	+	14203	NA	AATATA	13	1	1	0.0
chrM	14148	14673	cds_exonic_201823	+	14340	NA	ATTAAA	17	1	1	0.0
chrM	14148	14673	cds_exonic_201823	+	14505	NA	AATAAA	31	3	2	8.04155872121
chr7	154760112	154760836	cds_exonic_185774	+	154760797	NA	NA	NA	1	1	0.0
chr6	57011887	57013491	cds_exonic_170862	+	57012492	NA	TTTAAA AAGAAA TTTAAA	5 19 29	1	1	0.0
chr15	93486072	93486298	cds_exonic_70964	+	93486262	NA	NA	NA	2	2	11.0
chr11	108593723	108594189	cds_exonic_39804	+	108593971	NA	AATGAA	27	1	1	0.0
chr3	195802029	195802231	cds_exonic_147782	+	195802144	NA	AAGAAA	10	3	3	10.677078252
chr3	101283625	101284834	cds_exonic_142097	+	101284260	NA	NA	NA	1	1	0.0
chr1	205197692	205197899	cds_exonic_18360	+	205197827	NA	NA	NA	1	1	0.0
chr2	27448572	27448794	cds_exonic_108936	+	27448576	NA	NA	NA	1	1	0.0
chr3	37365078	37369316	cds_exonic_137454	+	37367468	NA	NA	NA	1	1	0.0
chr3	37365078	37369316	cds_exonic_137454	+	37367549	NA	NA	NA	1	1	0.0
chr8	103297354	103297566	cds_exonic_190892	+	103297433	NA	NA	NA	1	1	0.0
chr2	99992809	99993099	cds_exonic_113880	+	99992891	NA	NA	NA	1	1	0.0
chr18	2732262	2732490	cds_exonic_92528	+	2732441	NA	NA	NA	1	1	0.0
chr15	42976313	42986540	cds_exonic_65899	+	42979153	NA	NA	NA	1	1	0.0
chrX	110951254	110951621	cds_exonic_206739	+	110951478	NA	NA	NA	3	1	0.0
chr3	48964991	48965246	cds_exonic_139116	+	48965059	NA	AATGAA	8	2	1	0.0
chr2	170487283	170487497	cds_exonic_117595	+	170487465	NA	AAGAAA AAGAAA	4 34	3	2	2.0
chr12	116446205	116446937	cds_exonic_51947	+	116446937	NA	TTTAAA TTTAAA	25 8	1	1	0.0
chr16	53190001	53191453	cds_exonic_76568	+	53190543	NA	NA	NA	1	1	0.0
chr7	20197826	20199868	cds_exonic_177270	+	20198633	NA	ATTAAA AAGAAA	12 7	1	1	0.0
chr5	65466412	65466775	cds_exonic_158851	+	65466436	NA	NA	NA	1	1	0.0
chr5	65466412	65466775	cds_exonic_158851	+	65466654	NA	NA	NA	1	1	0.0
chr15	65425249	65426174	cds_exonic_68201	+	65425480	NA	NA	NA	1	1	0.0
chr1	52859114	52859475	cds_exonic_7246	+	52859475	NA	NA	NA	1	1	0.0
chr3	20081969	20082272	cds_exonic_136814	+	20082131	NA	NA	NA	1	1	0.0
chr16	84695183	84695736	cds_exonic_79488	+	84695559	NA	NA	NA	1	1	0.0
chr6	29570697	29571493	cds_exonic_166916	+	29571155	NA	NA	NA	1	1	0.0
chr22	20113825	20114199	cds_exonic_131401	+	20114046	NA	NA	NA	1	1	0.0
chr5	70805291	70806978	cds_exonic_159138	+	70805541	NA	AAGAAA ACTAAA	20 16	1	1	0.0
chr5	70805291	70806978	cds_exonic_159138	+	70806766	NA	AAGAAA	19	2	1	0.0
chr6	90472037	90472249	cds_exonic_172139	+	90472139	NA	NA	NA	1	1	0.0
chr20	3172245	3172467	cds_exonic_123998	+	3172245	NA	NA	NA	1	1	0.0
chr4	57795999	57798315	cds_exonic_150897	+	57798232	NA	NA	NA	1	1	0.0
chr8	23423620	23423875	cds_exonic_187309	+	23423620	NA	NA	NA	1	1	0.0
chr17	53076986	53077203	cds_exonic_88461	+	53077135	NA	AAGAAA	6	1	1	0.0
chr17	53076986	53077203	cds_exonic_88461	+	53077203	NA	GATAAA	9	2	1	0.0
chr1	31532050	31532424	cds_exonic_4433	+	31532234	NA	NA	NA	1	1	0.0
chr10	86130808	86132225	cds_exonic_26109	+	86131601	NA	NA	NA	1	1	0.0
chr4	106640216	106640684	cds_exonic_153221	+	106640216	NA	NA	NA	1	1	0.0
chr4	106640216	106640684	cds_exonic_153221	+	106640436	NA	NA	NA	1	1	0.0
chr19	19576153	19576423	cds_exonic_100986	+	19576234	NA	NA	NA	2	2	1.58113883008
chr1	36820806	36821034	cds_exonic_5280	+	36820876	NA	NA	NA	2	1	0.0
chr12	112687934	112688181	cds_exonic_51638	+	112687951	NA	NA	NA	1	1	0.0
chr5	90050799	90051002	cds_exonic_160136	+	90050951	NA	AAGAAA AATGAA AATACA	26 7 16	2	2	3.0
chr5	90024485	90024750	cds_exonic_160130	+	90024735	NA	NA	NA	1	1	0.0
chr1	220170324	220170684	cds_exonic_19359	+	220170391	NA	NA	NA	1	1	0.0
chr10	14885369	14885890	cds_exonic_22310	+	14885692	NA	NA	NA	1	1	0.0
chr9	37126329	37126939	cds_exonic_195231	+	37126333	NA	NA	NA	1	1	0.0
chr1	179982981	179983640	cds_exonic_16506	+	179983295	NA	NA	NA	1	1	0.0
chr1	23636949	23637559	cds_exonic_3389	+	23637122	NA	NA	NA	1	1	0.0
chr3	107491474	107492483	cds_exonic_142205	+	107491563	NA	ATTAAA	26	1	1	0.0
chr10	112724116	112724819	cds_exonic_28591	+	112724362	NA	NA	NA	1	1	0.0
chr3	33840220	33840429	cds_exonic_137313	+	33840297	NA	NA	NA	1	1	0.0
chr5	176636636	176639196	cds_exonic_164826	+	176637438	NA	NA	NA	1	1	0.0
chr13	49710467	49710737	cds_exonic_55607	+	49710669	NA	TATAAA TATAAA	10 34	2	1	0.0
chr12	120990301	120990501	cds_exonic_52370	+	120990380	NA	NA	NA	1	1	0.0
chr1	210004147	210004388	cds_exonic_18903	+	210004258	NA	ATTAAA	15	1	1	0.0
chr5	64867665	64868113	cds_exonic_158755	+	64867875	NA	NA	NA	1	1	0.0
chr4	53492184	53492414	cds_exonic_150589	+	53492313	NA	ATTAAA	11	1	1	0.0
chr17	8415768	8415975	cds_exonic_82372	+	8415798	NA	NA	NA	1	1	0.0
chr5	139907768	139909381	cds_exonic_162481	+	139908378	NA	NA	NA	1	1	0.0
chr3	126707436	126708630	cds_exonic_143688	+	126708391	NA	NA	NA	1	1	0.0
chr2	179472904	179473204	cds_exonic_118359	+	179473161	NA	AATGAA	25	1	1	0.0
chr2	179472511	179472808	cds_exonic_118358	+	179472596	NA	NA	NA	1	1	0.0
chr2	179467008	179467317	cds_exonic_118351	+	179467317	NA	NA	NA	1	1	0.0
chr2	179469713	179470022	cds_exonic_118354	+	179470022	NA	NA	NA	3	1	0.0
chr2	85280270	85280529	cds_exonic_112601	+	85280296	NA	NA	NA	1	1	0.0
chr6	75899267	75899531	cds_exonic_171399	+	75899309	NA	AATAAA TATAAA	1 17	1	1	0.0
chr7	23224688	23224917	cds_exonic_177493	+	23224896	NA	NA	NA	1	1	0.0
chr8	145541757	145542025	cds_exonic_193053	+	145542020	NA	NA	NA	1	1	0.0
chr6	27114199	27114577	cds_exonic_166780	+	27114399	NA	NA	NA	1	1	0.0
chr6	32944026	32944241	cds_exonic_168187	+	32944171	NA	NA	NA	5	2	0.4472135955
chr6	32944026	32944241	cds_exonic_168187	+	32944241	NA	NA	NA	2	1	0.0
chr5	132412345	132412590	cds_exonic_161752	+	132412419	NA	AGTAAA	22	1	1	0.0
chr3	23960686	23960989	cds_exonic_136870	+	23960989	NA	NA	NA	2	1	0.0
chr6	83846891	83848881	cds_exonic_171671	+	83847578	NA	NA	NA	1	1	0.0
chr1	162740091	162740466	cds_exonic_15337	+	162740358	NA	NA	NA	1	1	0.0
chr1	160209486	160210160	cds_exonic_14888	+	160209575	NA	NA	NA	1	1	0.0
chr3	98538045	98538278	cds_exonic_141876	+	98538068	NA	NA	NA	1	1	0.0
chr11	9597434	9597640	cds_exonic_31896	+	9597510	NA	NA	NA	2	2	1.0
chr6	27806439	27806817	cds_exonic_166811	+	27806439	NA	NA	NA	1	1	0.0
chr6	27806439	27806817	cds_exonic_166811	+	27806775	NA	NA	NA	1	1	0.0
chr6	27806439	27806817	cds_exonic_166811	+	27806817	NA	NA	NA	3	1	0.0
chr6	27860537	27860927	cds_exonic_166817	+	27860537	NA	NA	NA	1	1	0.0
chr11	62284218	62301546	cds_exonic_35247	+	62293399	NA	NA	NA	1	1	0.0
chr11	62284218	62301546	cds_exonic_35247	+	62297431	NA	NA	NA	1	1	0.0
chr11	62284218	62301546	cds_exonic_35247	+	62300451	NA	ACTAAA	18	1	1	0.0
chr5	43505849	43506496	cds_exonic_158035	+	43505964	NA	NA	NA	1	1	0.0
chr2	61441194	61441829	cds_exonic_111223	+	61441424	NA	NA	NA	1	1	0.0
chr19	10401747	10402017	cds_exonic_98383	+	10401976	NA	NA	NA	1	1	0.0
chr20	20032935	20033402	cds_exonic_124889	+	20032935	NA	NA	NA	1	1	0.0
chr8	128750493	128751265	cds_exonic_191889	+	128751003	NA	NA	NA	1	1	0.0
chr1	70687319	70687522	cds_exonic_8480	+	70687344	NA	NA	NA	1	1	0.0
chr15	55669146	55669348	cds_exonic_67351	+	55669214	-6	NA	NA	1	1	0.0
chr6	35838057	35838271	cds_exonic_168801	+	35838187	NA	NA	NA	1	1	0.0
chr19	13067676	13068026	cds_exonic_99262	+	13067757	NA	NA	NA	1	1	0.0
chr15	42731230	42732011	cds_exonic_65849	+	42731894	NA	NA	NA	1	1	0.0
chr16	88793122	88793366	cds_exonic_79792	+	88793226	NA	NA	NA	1	1	0.0
chr12	56993984	56994274	cds_exonic_47703	+	56994274	NA	NA	NA	1	1	0.0
chr3	37032747	37034568	cds_exonic_137392	+	37033298	NA	NA	NA	1	1	0.0
chr3	37032747	37034568	cds_exonic_137392	+	37034418	NA	NA	NA	3	2	0.816496580928
chr6	69348567	69349324	cds_exonic_170977	+	69348993	NA	NA	NA	2	2	1.0
chr8	103317312	103317523	cds_exonic_190911	+	103317335	NA	NA	NA	1	1	0.0
chr6	90338830	90339070	cds_exonic_172048	+	90338851	NA	NA	NA	1	1	0.0
chr12	8083840	8084081	cds_exonic_43234	+	8083886	NA	NA	NA	1	1	0.0
chr3	152553571	152554690	cds_exonic_145479	+	152554598	NA	NA	NA	2	2	17.0
chr2	71591083	71591382	cds_exonic_111880	+	71591318	NA	NA	NA	13	4	0.960768922831
chr2	71591083	71591382	cds_exonic_111880	+	71591382	NA	NA	NA	7	1	0.0
chr17	80015035	80015326	cds_exonic_92123	+	80015326	NA	NA	NA	1	1	0.0
chr4	10444730	10447952	cds_exonic_149153	+	10446525	NA	NA	NA	1	1	0.0
chr4	10444730	10447952	cds_exonic_149153	+	10447952	NA	NA	NA	1	1	0.0
chr22	20073486	20074206	cds_exonic_131371	+	20074027	NA	NA	NA	1	1	0.0
chr2	109086106	109088572	cds_exonic_114364	+	109086477	NA	NA	NA	1	1	0.0
chr6	80717525	80717748	cds_exonic_171573	+	80717597	NA	NA	NA	1	1	0.0
chr6	80717525	80717748	cds_exonic_171573	+	80717748	NA	ATTAAA	31	2	1	0.0
chr17	25630392	25630661	cds_exonic_83840	+	25630582	NA	AATATA	22	1	1	0.0
chr12	90017959	90018174	cds_exonic_49663	+	90018031	NA	ACTAAA	29	1	1	0.0
chr1	93730257	93730458	cds_exonic_9658	+	93730257	NA	NA	NA	1	1	0.0
chr6	26197070	26197478	cds_exonic_166700	+	26197095	NA	NA	NA	1	1	0.0
chr6	26197070	26197478	cds_exonic_166700	+	26197226	NA	NA	NA	1	1	0.0
chr6	26234498	26235161	cds_exonic_166707	+	26234712	NA	NA	NA	2	2	6.0
chr6	26234498	26235161	cds_exonic_166707	+	26235007	NA	NA	NA	1	1	0.0
chr9	125616155	125616365	cds_exonic_198827	+	125616155	NA	NA	NA	1	1	0.0
chr7	103270386	103270623	cds_exonic_182432	+	103270623	NA	NA	NA	1	1	0.0
chr1	156563673	156563873	cds_exonic_14267	+	156563873	NA	NA	NA	2	1	0.0
chr8	38186895	38187411	cds_exonic_188170	+	38187329	NA	AATAAA AAGAAA AATAGA	8 3 10	1	1	0.0
chrX	123554160	123554671	cds_exonic_207280	+	123554671	NA	NA	NA	3	1	0.0
chr9	140446533	140446944	cds_exonic_201698	+	140446944	NA	NA	NA	2	1	0.0
chr14	81743244	81745083	cds_exonic_62037	+	81744899	NA	AATACA	4	1	1	0.0
chr12	62784936	62785209	cds_exonic_48332	+	62785076	NA	NA	NA	1	1	0.0
chr10	70666466	70666763	cds_exonic_24915	+	70666563	NA	NA	NA	1	1	0.0
chr21	47703981	47705200	cds_exonic_130811	+	47704003	NA	NA	NA	1	1	0.0
chr16	2806365	2806607	cds_exonic_72576	+	2806545	NA	NA	NA	1	1	0.0
chr6	76372936	76373234	cds_exonic_171432	+	76373195	NA	NA	NA	1	1	0.0
chr7	6628247	6628538	cds_exonic_176802	+	6628538	NA	AAGAAA	28	2	1	0.0
chr13	103527656	103528250	cds_exonic_56938	+	103528203	NA	NA	NA	1	1	0.0
chr6	146125507	146127541	cds_exonic_174526	+	146126950	NA	NA	NA	1	1	0.0
chr9	5763139	5763868	cds_exonic_193648	+	5763193	NA	NA	NA	1	1	0.0
chr3	37067127	37067498	cds_exonic_137404	+	37067348	NA	NA	NA	1	1	0.0
chr4	146058584	146059802	cds_exonic_154589	+	146058963	NA	AGTAAA AAGAAA	18 2	2	1	0.0
chr4	146041083	146041305	cds_exonic_154581	+	146041172	NA	TTTAAA TTTAAA	19 15	1	1	0.0
chr4	146041083	146041305	cds_exonic_154581	+	146041222	NA	TATAAA AATGAA	20 34	2	2	1.58113883008
chr15	77759436	77759649	cds_exonic_69593	+	77759464	NA	AGTAAA	6	1	1	0.0
chr7	152012222	152012423	cds_exonic_185707	+	152012241	NA	NA	NA	2	2	2.5495097568
chr11	66052110	66052437	cds_exonic_36689	+	66052110	NA	NA	NA	4	1	0.0
chr12	416619	417171	cds_exonic_42105	+	416803	NA	NA	NA	1	1	0.0
chr4	160264130	160264342	cds_exonic_155283	+	160264315	NA	AATAGA	11	1	1	0.0
chr12	104336304	104336574	cds_exonic_50599	+	104336518	NA	NA	NA	2	2	2.0
chr12	46319924	46322642	cds_exonic_45458	+	46320342	NA	AAGAAA AATGAA AATAGA	1 12 6	1	1	0.0
chr12	46319924	46322642	cds_exonic_45458	+	46320504	NA	AAGAAA AATACA	8 3	2	1	0.0
chr14	92469762	92472792	cds_exonic_62441	+	92469938	NA	AATGAA	11	1	1	0.0
chr14	92469762	92472792	cds_exonic_62441	+	92471868	NA	AAGAAA	10	1	1	0.0
chr14	92469762	92472792	cds_exonic_62441	+	92472175	NA	NA	NA	2	2	4.0
chr2	33413643	33413918	cds_exonic_109726	+	33413776	NA	NA	NA	1	1	0.0
chr1	151314664	151315654	cds_exonic_12966	+	151314861	NA	GATAAA	14	1	1	0.0
chrX	140993193	140996616	cds_exonic_207993	+	140994504	NA	NA	NA	1	1	0.0
chr13	25483927	25484224	cds_exonic_54231	+	25484153	NA	NA	NA	1	1	0.0
chr13	25670336	25672229	cds_exonic_54238	+	25670897	NA	NA	NA	3	1	0.0
chr10	74813108	74813348	cds_exonic_25429	+	74813259	NA	NA	NA	1	1	0.0
chr5	70818115	70818317	cds_exonic_159144	+	70818317	NA	NA	NA	2	1	0.0
chr15	49048099	49048750	cds_exonic_66768	+	49048562	NA	AAGAAA AAGAAA	2 14	1	1	0.0
chr6	90575671	90578801	cds_exonic_172161	+	90575813	NA	NA	NA	1	1	0.0
chr2	63091865	63092106	cds_exonic_111358	+	63092029	NA	CATAAA	6	1	1	0.0
chrX	14861691	14862103	cds_exonic_202343	+	14861814	NA	AAGAAA	6	1	1	0.0
chr4	123160670	123161508	cds_exonic_153980	+	123161019	NA	NA	NA	1	1	0.0
chr1	171501481	171502100	cds_exonic_15901	+	171501954	NA	AAGAAA AAGAAA AAGAAA	0 6 30	1	1	0.0
chr1	171526378	171527282	cds_exonic_15908	+	171526381	NA	NA	NA	1	1	0.0
chr1	11073784	11074022	cds_exonic_1548	+	11073956	NA	NA	NA	2	1	0.0
chr1	11073784	11074022	cds_exonic_1548	+	11074020	NA	NA	NA	2	2	2.0
chr2	160239069	160239313	cds_exonic_116847	+	160239097	NA	NA	NA	1	1	0.0
chr1	22050390	22050655	cds_exonic_3149	+	22050496	NA	GATAAA	21	1	1	0.0
chr10	75011520	75011781	cds_exonic_25480	+	75011781	NA	NA	NA	1	1	0.0
chr6	56716194	56716402	cds_exonic_170834	+	56716265	NA	AAGAAA	9	1	1	0.0
chr2	55214626	55214834	cds_exonic_110942	+	55214830	NA	NA	NA	1	1	0.0
chr2	55252221	55254621	cds_exonic_110944	+	55253755	NA	AAGAAA AATAGA	13 8	1	1	0.0
chr6	147636650	147636871	cds_exonic_174625	+	147636714	NA	AATAAA AAGAAA	32 28	1	1	0.0
chr4	48548083	48548288	cds_exonic_150473	+	48548084	NA	NA	NA	2	1	0.0
chr20	35812569	35812776	cds_exonic_126299	+	35812773	NA	NA	NA	1	1	0.0
chr10	5784059	5784489	cds_exonic_21832	+	5784410	NA	NA	NA	1	1	0.0
chr10	5788141	5791990	cds_exonic_21833	+	5788372	NA	NA	NA	2	2	0.707106781187
chr10	5788141	5791990	cds_exonic_21833	+	5788554	NA	NA	NA	1	1	0.0
chr10	5781580	5782460	cds_exonic_21831	+	5781580	NA	NA	NA	1	1	0.0
chr15	41961092	41962156	cds_exonic_65513	+	41961905	NA	NA	NA	1	1	0.0
chr4	153332454	153332955	cds_exonic_154885	+	153332459	NA	NA	NA	1	1	0.0
chr7	87536502	87537475	cds_exonic_180559	+	87537263	NA	GATAAA AATAAA	18 1	1	1	0.0
chr1	117503864	117504290	cds_exonic_11395	+	117504070	NA	NA	NA	1	1	0.0
chr1	113456515	113456787	cds_exonic_11025	+	113456643	NA	AGTAAA	8	4	3	2.5
chr1	113456515	113456787	cds_exonic_11025	+	113456670	NA	NA	NA	1	1	0.0
chr1	113471713	113471930	cds_exonic_11028	+	113471820	NA	NA	NA	1	1	0.0
chr2	191224828	191225032	cds_exonic_119206	+	191224932	NA	NA	NA	1	1	0.0
chr16	15698024	15698255	cds_exonic_73745	+	15698072	NA	NA	NA	1	1	0.0
chr1	204518240	204518807	cds_exonic_18271	+	204518395	NA	NA	NA	1	1	0.0
chr3	46007768	46010195	cds_exonic_138352	+	46010075	NA	NA	NA	1	1	0.0
chr1	74648221	74648545	cds_exonic_8565	+	74648221	NA	NA	NA	1	1	0.0
chr6	87964367	87971516	cds_exonic_171881	+	87967377	NA	NA	NA	1	1	0.0
chr6	87964367	87971516	cds_exonic_171881	+	87968100	NA	NA	NA	1	1	0.0
chr6	87964367	87971516	cds_exonic_171881	+	87969482	NA	NA	NA	1	1	0.0
chr6	87964367	87971516	cds_exonic_171881	+	87969603	NA	NA	NA	2	1	0.0
chr6	87964367	87971516	cds_exonic_171881	+	87970768	NA	NA	NA	1	1	0.0
chr6	87964367	87971516	cds_exonic_171881	+	87970969	NA	NA	NA	1	1	0.0
chr5	162868083	162868337	cds_exonic_164105	+	162868146	NA	AATAAA	17	1	1	0.0
chr12	111168333	111168564	cds_exonic_51394	+	111168401	NA	AAGAAA	30	1	1	0.0
chr5	41917117	41917398	cds_exonic_157962	+	41917117	NA	NA	NA	1	1	0.0
chr3	124951187	124952783	cds_exonic_143522	+	124951236	NA	NA	NA	1	1	0.0
chr14	102551017	102551335	cds_exonic_63187	+	102551267	NA	AAGAAA	2	3	3	1.63299316186
chr14	102551017	102551335	cds_exonic_63187	+	102551335	NA	GATAAA	14	1	1	0.0
chr14	77809520	77809826	cds_exonic_61857	+	77809552	NA	NA	NA	1	1	0.0
chr2	179485828	179486095	cds_exonic_118388	+	179485932	NA	NA	NA	1	1	0.0
chr2	118575019	118575304	cds_exonic_115006	+	118575255	NA	NA	NA	3	1	0.0
chr3	52637536	52637748	cds_exonic_140306	+	52637555	NA	NA	NA	3	3	3.41565025532
chr1	38019606	38019830	cds_exonic_5357	+	38019830	NA	NA	NA	3	1	0.0
chr21	40568187	40569341	cds_exonic_129819	+	40569124	NA	NA	NA	1	1	0.0
chr17	17723403	17723835	cds_exonic_83255	+	17723715	NA	NA	NA	1	1	0.0
chr10	104572351	104573085	cds_exonic_28114	+	104572351	NA	NA	NA	1	1	0.0
chr20	58514089	58514986	cds_exonic_128066	+	58514253	NA	NA	NA	1	1	0.0
chr9	97522065	97522862	cds_exonic_196910	+	97522317	NA	NA	NA	1	1	0.0
chr3	160135510	160135744	cds_exonic_145826	+	160135677	NA	NA	NA	1	1	0.0
chr3	160135510	160135744	cds_exonic_145826	+	160135736	NA	NA	NA	2	2	2.0
chr14	39649706	39651064	cds_exonic_59267	+	39649918	NA	AATAGA	24	1	1	0.0
chr1	231488355	231489104	cds_exonic_20475	+	231488904	28	GATAAA	1	1	1	0.0
chr4	39839475	39839828	cds_exonic_150019	+	39839735	NA	NA	NA	2	1	0.0
chr10	69672230	69672788	cds_exonic_24750	+	69672586	NA	NA	NA	1	1	0.0
chr1	40701463	40706116	cds_exonic_5762	+	40701687	NA	ATTAAA AATATA	32 13	1	1	0.0
chr1	40701463	40706116	cds_exonic_5762	+	40703270	NA	NA	NA	1	1	0.0
chr1	40701463	40706116	cds_exonic_5762	+	40705204	NA	NA	NA	1	1	0.0
chr2	191523902	191524721	cds_exonic_119227	+	191523933	NA	NA	NA	1	1	0.0
chr18	9396277	9396544	cds_exonic_92866	+	9396527	NA	NA	NA	2	1	0.0
chr19	9523953	9525396	cds_exonic_98147	+	9525266	NA	AAGAAA	23	1	1	0.0
chr4	8451395	8451615	cds_exonic_149063	+	8451589	NA	NA	NA	1	1	0.0
chr19	53056359	53058878	cds_exonic_106176	+	53056431	NA	AATAGA	18	1	1	0.0
chr20	62891318	62891625	cds_exonic_128760	+	62891449	NA	NA	NA	1	1	0.0
chr13	60240720	60240980	cds_exonic_55941	+	60240811	NA	NA	NA	1	1	0.0
chr10	99967871	99969656	cds_exonic_27394	+	99968013	NA	AAGAAA	7	1	1	0.0
chr9	88967594	88968114	cds_exonic_196452	+	88967664	NA	CATAAA	15	1	1	0.0
chr1	233807016	233807273	cds_exonic_20584	+	233807085	NA	NA	NA	1	1	0.0
chr4	83785514	83785751	cds_exonic_152112	+	83785683	NA	AATGAA	18	1	1	0.0
chr4	83785514	83785751	cds_exonic_152112	+	83785749	NA	NA	NA	4	2	2.29128784748
chr8	48352884	48353104	cds_exonic_188669	+	48353036	NA	NA	NA	1	1	0.0
chr15	77471131	77474268	cds_exonic_69590	+	77473407	NA	NA	NA	1	1	0.0
chr1	197168483	197169603	cds_exonic_17430	+	197168963	NA	TATAAA	11	1	1	0.0
chr14	102449718	102449946	cds_exonic_63109	+	102449797	NA	NA	NA	1	1	0.0
chr4	113538595	113540846	cds_exonic_153588	+	113538671	NA	AAGAAA	12	1	1	0.0
chr4	113538595	113540846	cds_exonic_153588	+	113540093	NA	NA	NA	1	1	0.0
chr2	179424037	179441143	cds_exonic_118308	+	179429592	NA	NA	NA	1	1	0.0
chr18	51820018	51820834	cds_exonic_94699	+	51820262	NA	AAGAAA	13	1	1	0.0
chr20	43559100	43559367	cds_exonic_126860	+	43559175	NA	NA	NA	1	1	0.0
chr8	41794773	41795086	cds_exonic_188465	+	41794921	NA	AATGAA	24	1	1	0.0
chr10	104125153	104125356	cds_exonic_27974	+	104125255	NA	NA	NA	1	1	0.0
chr1	45808753	45809371	cds_exonic_6593	+	45808753	NA	NA	NA	1	1	0.0
chr9	79936406	79936662	cds_exonic_196088	+	79936453	NA	NA	NA	1	1	0.0
chr4	99997442	99997703	cds_exonic_152833	+	99997661	NA	NA	NA	1	1	0.0
chr19	7747139	7747703	cds_exonic_97720	+	7747703	NA	NA	NA	2	1	0.0
chr12	57464456	57464676	cds_exonic_47820	+	57464513	NA	NA	NA	1	1	0.0
chr8	105502903	105503767	cds_exonic_191055	+	105503511	NA	NA	NA	1	1	0.0
chr2	113414604	113414818	cds_exonic_114809	+	113414818	NA	NA	NA	1	1	0.0
chrX	53620323	53620561	cds_exonic_204613	+	53620495	NA	NA	NA	1	1	0.0
chr11	77411765	77413540	cds_exonic_38402	+	77411831	NA	NA	NA	1	1	0.0
chr11	77411765	77413540	cds_exonic_38402	+	77413471	NA	AAGAAA	30	1	1	0.0
chr15	72500961	72501232	cds_exonic_68857	+	72501019	NA	NA	NA	2	2	1.58113883008
chr17	65214710	65214920	cds_exonic_89791	+	65214711	NA	NA	NA	2	1	0.0
chr1	111490583	111491021	cds_exonic_10809	+	111490969	NA	NA	NA	1	1	0.0
chr1	39901229	39901437	cds_exonic_5608	+	39901302	NA	ACTAAA ACTAAA	14 32	1	1	0.0
chr7	148514968	148515209	cds_exonic_185193	+	148515012	NA	AAGAAA	16	3	1	0.0
chr15	40912837	40917838	cds_exonic_65245	+	40916293	NA	NA	NA	1	1	0.0
chr16	67229684	67229909	cds_exonic_77667	+	67229765	NA	NA	NA	1	1	0.0
chr12	116675272	116675510	cds_exonic_51955	+	116675447	NA	NA	NA	1	1	0.0
chr15	101109445	101110322	cds_exonic_71157	+	101109538	NA	AAGAAA	3	1	1	0.0
chr15	101109445	101110322	cds_exonic_71157	+	101110101	NA	NA	NA	1	1	0.0
chr16	47143393	47143622	cds_exonic_76272	+	47143463	NA	NA	NA	1	1	0.0
chrX	151130894	151131115	cds_exonic_208194	+	151131071	NA	NA	NA	1	1	0.0
chr4	84374383	84375098	cds_exonic_152196	+	84374590	NA	NA	NA	1	1	0.0
chr4	73963789	73964237	cds_exonic_151429	+	73964111	NA	AATAAA	20	1	1	0.0
chr4	159051937	159052164	cds_exonic_155174	+	159052101	NA	NA	NA	1	1	0.0
chr5	89943314	89943581	cds_exonic_160097	+	89943314	NA	NA	NA	4	1	0.0
chr5	89943314	89943581	cds_exonic_160097	+	89943379	NA	NA	NA	1	1	0.0
chr5	126860222	126860612	cds_exonic_161320	+	126860469	NA	NA	NA	1	1	0.0
chr1	153744815	153745187	cds_exonic_13315	+	153745120	NA	AAGAAA	13	1	1	0.0
chr17	80400052	80400465	cds_exonic_92244	+	80400465	NA	NA	NA	1	1	0.0
chr2	71575882	71577401	cds_exonic_111877	+	71576334	NA	NA	NA	3	1	0.0
chr1	235505325	235506084	cds_exonic_20676	+	235505712	NA	TTTAAA TTTAAA	27 7	1	1	0.0
chr2	196544766	196545774	cds_exonic_119356	+	196545454	NA	AATAAA	3	1	1	0.0
chr3	128598534	128598813	cds_exonic_143840	+	128598673	NA	NA	NA	1	1	0.0
chr17	33902803	33903200	cds_exonic_84984	+	33902987	NA	AATGAA	3	1	1	0.0
chr5	71489692	71496194	cds_exonic_159191	+	71493471	NA	NA	NA	1	1	0.0
chr5	71489692	71496194	cds_exonic_159191	+	71493811	NA	NA	NA	1	1	0.0
chr5	179315102	179315312	cds_exonic_165337	+	179315250	NA	NA	NA	1	1	0.0
chr18	11851510	11852107	cds_exonic_92996	+	11851777	NA	NA	NA	1	1	0.0
chr6	33385257	33385472	cds_exonic_168425	+	33385381	NA	NA	NA	1	1	0.0
chr7	91708392	91709466	cds_exonic_180710	+	91709078	NA	NA	NA	1	1	0.0
chr6	116573929	116575171	cds_exonic_173066	+	116574027	NA	NA	NA	1	1	0.0
chr7	91712483	91713009	cds_exonic_180712	+	91712955	NA	NA	NA	1	1	0.0
chr1	156106004	156106227	cds_exonic_14088	+	156106096	NA	NA	NA	1	1	0.0
chr1	169439201	169439424	cds_exonic_15686	+	169439403	NA	AATACA	32	1	1	0.0
chr1	169446392	169446995	cds_exonic_15687	+	169446982	NA	GATAAA	34	1	1	0.0
chr11	108031606	108032762	cds_exonic_39686	+	108031607	NA	NA	NA	1	1	0.0
chr11	108031606	108032762	cds_exonic_39686	+	108032255	NA	AATAGA	33	1	1	0.0
chr7	12409170	12410135	cds_exonic_177024	+	12409358	NA	AATGAA	4	5	2	1.0
chr7	12409170	12410135	cds_exonic_177024	+	12409843	NA	AAGAAA CATAAA ACTAAA	1 14 24	2	1	0.0
chr7	12412602	12412873	cds_exonic_177026	+	12412744	NA	NA	NA	2	2	0.707106781187
chr3	16343132	16343375	cds_exonic_136705	+	16343305	14	NA	NA	1	1	0.0
chr13	77671504	77673148	cds_exonic_56210	+	77671692	NA	AAGAAA	31	2	2	18.0
chr6	157502102	157502312	cds_exonic_175190	+	157502312	NA	NA	NA	1	1	0.0
chr8	142228109	142229128	cds_exonic_192426	+	142228958	NA	NA	NA	1	1	0.0
chr9	104314664	104315035	cds_exonic_197468	+	104314888	NA	NA	NA	1	1	0.0
chr22	17264511	17265299	cds_exonic_130941	+	17264524	NA	NA	NA	1	1	0.0
chr10	133761033	133761295	cds_exonic_29917	+	133761109	NA	NA	NA	1	1	0.0
chr6	139097215	139097415	cds_exonic_174255	+	139097265	NA	NA	NA	1	1	0.0
chr11	71155002	71155299	cds_exonic_37562	+	71155151	NA	NA	NA	1	1	0.0
chr5	36975877	36976504	cds_exonic_157529	+	36975971	NA	NA	NA	2	2	5.52268050859
chr14	67831484	67831725	cds_exonic_60816	+	67831717	NA	NA	NA	3	2	1.91485421551
chr3	180327417	180328327	cds_exonic_146516	+	180328299	NA	AATATA ATTAAA AGTAAA AATATA	11 17 30 21	1	1	0.0
chr11	3744386	3744685	cds_exonic_31175	+	3744428	NA	AAGAAA AATAGA	3 7	1	1	0.0
chr9	134348894	134349111	cds_exonic_200282	+	134348979	NA	NA	NA	1	1	0.0
chr7	12428752	12428984	cds_exonic_177034	+	12428756	NA	NA	NA	1	1	0.0
chr11	77386080	77386301	cds_exonic_38394	+	77386143	NA	AAGAAA	2	1	1	0.0
chr1	234742885	234743598	cds_exonic_20628	+	234742910	NA	NA	NA	1	1	0.0
chr5	89986613	89986858	cds_exonic_160111	+	89986616	NA	NA	NA	2	2	3.0
chr5	5460548	5465339	cds_exonic_156576	+	5461178	NA	AATGAA	16	1	1	0.0
chr5	5460548	5465339	cds_exonic_156576	+	5463115	NA	AATACA	24	1	1	0.0
chr8	124359331	124359646	cds_exonic_191672	+	124359355	NA	NA	NA	1	1	0.0
chr8	124359331	124359646	cds_exonic_191672	+	124359494	NA	NA	NA	1	1	0.0
chr14	23744786	23746396	cds_exonic_58143	+	23744886	NA	NA	NA	2	1	0.0
chr3	141161230	141164815	cds_exonic_144865	+	141164661	NA	NA	NA	1	1	0.0
chr8	11695896	11696115	cds_exonic_186510	+	11696115	NA	NA	NA	1	1	0.0
chr3	119187868	119188105	cds_exonic_142858	+	119187956	NA	NA	NA	1	1	0.0
chr13	95858785	95859035	cds_exonic_56436	+	95859034	NA	NA	NA	1	1	0.0
chr5	173316736	173317861	cds_exonic_164561	+	173316938	NA	NA	NA	1	1	0.0
chr5	173316736	173317861	cds_exonic_164561	+	173317118	NA	AAGAAA	4	1	1	0.0
chr5	173043202	173043439	cds_exonic_164560	+	173043202	NA	NA	NA	1	1	0.0
chr2	61632842	61633263	cds_exonic_111288	+	61633040	NA	AATAGA	8	1	1	0.0
chr6	26056017	26056656	cds_exonic_166681	+	26056192	NA	AAGAAA	1	1	1	0.0
chr6	26056017	26056656	cds_exonic_166681	+	26056466	NA	NA	NA	1	1	0.0
chr22	32352125	32352776	cds_exonic_133068	+	32352265	NA	NA	NA	1	1	0.0
chrX	48973950	48974164	cds_exonic_204131	+	48974043	NA	NA	NA	1	1	0.0
chr4	123855251	123855893	cds_exonic_154074	+	123855758	NA	AATAAA AAGAAA	34 30	1	1	0.0
chr19	46972989	46974292	cds_exonic_104493	+	46974020	NA	NA	NA	1	1	0.0
chr2	201435772	201438700	cds_exonic_119722	+	201436222	NA	ATTAAA	30	1	1	0.0
chr2	201435772	201438700	cds_exonic_119722	+	201436289	NA	AATGAA	1	1	1	0.0
chr2	201435772	201438700	cds_exonic_119722	+	201436540	NA	NA	NA	1	1	0.0
chr7	43635499	43635712	cds_exonic_178505	+	43635570	NA	AAGAAA	0	1	1	0.0
chr1	214817899	214820743	cds_exonic_19178	+	214818316	NA	NA	NA	1	1	0.0
chr1	214817899	214820743	cds_exonic_19178	+	214819097	NA	NA	NA	1	1	0.0
chr1	214813263	214816667	cds_exonic_19177	+	214813548	NA	AAGAAA	6	1	1	0.0
chr1	214813263	214816667	cds_exonic_19177	+	214813831	NA	NA	NA	1	1	0.0
chr1	214813263	214816667	cds_exonic_19177	+	214814464	NA	TTTAAA TTTAAA	1 33	1	1	0.0
chr1	214813263	214816667	cds_exonic_19177	+	214816409	NA	NA	NA	2	2	0.707106781187
chr20	2638574	2638937	cds_exonic_123873	+	2638593	NA	NA	NA	1	1	0.0
chr4	76570616	76570886	cds_exonic_151619	+	76570825	NA	NA	NA	1	1	0.0
chr11	17190223	17191288	cds_exonic_32408	+	17190631	NA	NA	NA	1	1	0.0
chr10	45498816	45499488	cds_exonic_23744	+	45499384	NA	NA	NA	1	1	0.0
chr10	45498816	45499488	cds_exonic_23744	+	45499488	NA	NA	NA	1	1	0.0
chr15	66791747	66791990	cds_exonic_68426	+	66791891	NA	AAGAAA	0	3	2	1.41421356237
chr18	19153274	19154804	cds_exonic_93334	+	19154291	NA	AGTAAA	29	2	1	0.0
chr4	83867410	83867627	cds_exonic_152140	+	83867417	NA	NA	NA	1	1	0.0
chr10	115922394	115923088	cds_exonic_28806	+	115922402	NA	NA	NA	1	1	0.0
chr1	114483003	114484081	cds_exonic_11137	+	114483330	NA	NA	NA	1	1	0.0
chr4	13600569	13606708	cds_exonic_149206	+	13604321	NA	AAGAAA	28	1	1	0.0
chr21	34134406	34134628	cds_exonic_129368	+	34134443	NA	NA	NA	1	1	0.0
chr6	143832547	143832771	cds_exonic_174395	+	143832666	NA	NA	NA	1	1	0.0
chr9	125642872	125643073	cds_exonic_198840	+	125643008	NA	NA	NA	1	1	0.0
chr9	125680890	125682213	cds_exonic_198846	+	125680951	NA	NA	NA	1	1	0.0
chr13	79212957	79213206	cds_exonic_56322	+	79213023	NA	AATGAA	18	1	1	0.0
chr1	29379615	29379824	cds_exonic_4328	+	29379824	NA	NA	NA	1	1	0.0
chr3	150127137	150129095	cds_exonic_145342	+	150128784	NA	NA	NA	2	2	0.707106781187
chr14	31647225	31647460	cds_exonic_58888	+	31647305	NA	NA	NA	1	1	0.0
chr1	61553820	61554352	cds_exonic_7888	+	61553940	NA	NA	NA	1	1	0.0
chr1	61553820	61554352	cds_exonic_7888	+	61554081	NA	NA	NA	1	1	0.0
chr2	145187335	145187593	cds_exonic_116207	+	145187414	NA	NA	NA	1	1	0.0
chr9	123916998	123917230	cds_exonic_198671	+	123917124	NA	NA	NA	1	1	0.0
chr13	107211533	107212005	cds_exonic_56957	+	107211914	NA	NA	NA	2	1	0.0
chr12	49523282	49523505	cds_exonic_45963	+	49523306	NA	NA	NA	1	1	0.0
chr20	56098123	56098334	cds_exonic_127848	+	56098147	NA	NA	NA	1	1	0.0
chr7	21468906	21470461	cds_exonic_177320	+	21468940	NA	NA	NA	1	1	0.0
chr5	158630441	158630664	cds_exonic_163962	+	158630653	NA	AAGAAA	10	1	1	0.0
chr10	30629145	30629379	cds_exonic_23279	+	30629145	NA	NA	NA	1	1	0.0
chr2	32626230	32626453	cds_exonic_109628	+	32626453	NA	NA	NA	1	1	0.0
chr1	27105513	27107244	cds_exonic_3983	+	27107244	NA	NA	NA	2	1	0.0
chr1	39827031	39827349	cds_exonic_5586	+	39827192	NA	NA	NA	1	1	0.0
chr22	24237226	24237719	cds_exonic_131987	+	24237410	NA	AATAAA	20	9	1	0.0
chr6	135786951	135787511	cds_exonic_174058	+	135787004	NA	AAGAAA	12	2	1	0.0
chr20	31022234	31025138	cds_exonic_125399	+	31025138	NA	AATACA	15	1	1	0.0
chr5	118505884	118506975	cds_exonic_161053	+	118506455	NA	AATGAA ACTAAA	16 25	1	1	0.0
chr1	204378619	204380539	cds_exonic_18225	+	204378632	NA	NA	NA	1	1	0.0
chr1	204378619	204380539	cds_exonic_18225	+	204379456	NA	AAGAAA AATAGA	1 8	1	1	0.0
chr11	124495566	124495799	cds_exonic_41322	+	124495745	NA	NA	NA	2	1	0.0
chr6	150067511	150067814	cds_exonic_174736	+	150067659	NA	NA	NA	1	1	0.0
chr4	73414194	73414601	cds_exonic_151412	+	73414218	NA	NA	NA	1	1	0.0
chrX	122755007	122755438	cds_exonic_207196	+	122755008	NA	NA	NA	1	1	0.0
chrX	122755007	122755438	cds_exonic_207196	+	122755077	NA	NA	NA	1	1	0.0
chr3	24231564	24231825	cds_exonic_136888	+	24231564	NA	NA	NA	1	1	0.0
chr11	65684932	65685689	cds_exonic_36555	+	65685134	NA	NA	NA	1	1	0.0
chr10	131959059	131959261	cds_exonic_29890	+	131959125	NA	NA	NA	1	1	0.0
chr3	42678359	42681242	cds_exonic_138022	+	42679421	NA	AATAAA AATACA	2 6	2	1	0.0
chr3	42678359	42681242	cds_exonic_138022	+	42679486	NA	NA	NA	1	1	0.0
chr3	42678359	42681242	cds_exonic_138022	+	42679764	NA	AAGAAA	2	1	1	0.0
chr3	42678359	42681242	cds_exonic_138022	+	42680309	NA	NA	NA	1	1	0.0
chr3	42678359	42681242	cds_exonic_138022	+	42680985	NA	AATGAA	18	1	1	0.0
chr11	64027500	64027706	cds_exonic_35766	+	64027574	NA	NA	NA	1	1	0.0
chr11	64027500	64027706	cds_exonic_35766	+	64027645	NA	NA	NA	1	1	0.0
chr20	20585818	20586056	cds_exonic_124946	+	20585849	NA	NA	NA	1	1	0.0
chr12	50615803	50616268	cds_exonic_46226	+	50615960	NA	NA	NA	1	1	0.0
chr8	67576483	67579193	cds_exonic_189363	+	67578947	NA	NA	NA	1	1	0.0
chr1	203676136	203676351	cds_exonic_18115	+	203676280	NA	NA	NA	1	1	0.0
chr5	149359855	149361373	cds_exonic_163277	+	149361257	NA	NA	NA	1	1	0.0
chr9	5798805	5799008	cds_exonic_193660	+	5798805	NA	NA	NA	1	1	0.0
chr1	207513735	207513986	cds_exonic_18682	+	207513788	NA	NA	NA	1	1	0.0
chr1	16254585	16262761	cds_exonic_2235	+	16254831	NA	AATATA	24	1	1	0.0
chr3	130103646	130104207	cds_exonic_144045	+	130103938	NA	NA	NA	2	2	3.53553390593
chr1	90492912	90493257	cds_exonic_9412	+	90493025	NA	NA	NA	1	1	0.0
chr1	91403828	91406866	cds_exonic_9419	+	91404369	NA	AAGAAA	3	1	1	0.0
chr1	91403828	91406866	cds_exonic_9419	+	91404628	NA	AATGAA ATTAAA	16 21	1	1	0.0
chr1	91403828	91406866	cds_exonic_9419	+	91406049	NA	AAGAAA	8	1	1	0.0
chr1	91403828	91406866	cds_exonic_9419	+	91406305	NA	TATAAA AATATA	27 25	1	1	0.0
chr17	57724758	57725027	cds_exonic_88891	+	57724782	NA	NA	NA	1	1	0.0
chr14	73637504	73637755	cds_exonic_61256	+	73637611	NA	NA	NA	2	1	0.0
chr18	2697828	2698039	cds_exonic_92513	+	2698038	NA	NA	NA	1	1	0.0
chr15	65994642	65994849	cds_exonic_68337	+	65994682	NA	NA	NA	1	1	0.0
chr1	12335881	12338095	cds_exonic_1886	+	12337659	NA	NA	NA	1	1	0.0
chr1	8926337	8926560	cds_exonic_1265	+	8926412	NA	NA	NA	2	2	1.0
chr11	5461802	5462744	cds_exonic_31319	+	5462600	NA	NA	NA	1	1	0.0
chr11	5443430	5444381	cds_exonic_31317	+	5443922	NA	AAGAAA	1	2	1	0.0
chr11	5372737	5373673	cds_exonic_31314	+	5373387	NA	NA	NA	3	2	4.7609522857
chr11	5344591	5345527	cds_exonic_31312	+	5344974	NA	AATAGA	23	1	1	0.0
chr11	5363818	5364754	cds_exonic_31313	+	5363939	NA	NA	NA	1	1	0.0
chr21	22656513	22656720	cds_exonic_128936	+	22656650	NA	AATATA	22	1	1	0.0
chr21	22656513	22656720	cds_exonic_128936	+	22656720	NA	NA	NA	1	1	0.0
chr9	86586796	86587104	cds_exonic_196311	+	86586967	NA	NA	NA	1	1	0.0
chrX	76937011	76940085	cds_exonic_205638	+	76938110	NA	AAGAAA	2	1	1	0.0
chrX	76937011	76940085	cds_exonic_205638	+	76939871	NA	GATAAA	14	1	1	0.0
chr8	68178240	68178442	cds_exonic_189477	+	68178269	NA	NA	NA	2	2	3.0
chr2	153573743	153573975	cds_exonic_116652	+	153573889	NA	NA	NA	1	1	0.0
chr7	135282745	135282955	cds_exonic_184172	+	135282745	NA	NA	NA	1	1	0.0
chr17	79478928	79479168	cds_exonic_91858	+	79478950	NA	NA	NA	1	1	0.0
chr8	30938382	30938812	cds_exonic_187887	+	30938687	NA	NA	NA	1	1	0.0
chr11	46784525	46784729	cds_exonic_33908	+	46784696	NA	NA	NA	1	1	0.0
chr5	70754405	70754682	cds_exonic_159123	+	70754658	NA	AATATA	6	1	1	0.0
chr14	100828044	100828258	cds_exonic_63056	+	100828070	NA	NA	NA	1	1	0.0
chr19	47421932	47425613	cds_exonic_104566	+	47421944	NA	NA	NA	1	1	0.0
chr10	43882087	43883332	cds_exonic_23695	+	43882939	NA	NA	NA	1	1	0.0
chr10	43882087	43883332	cds_exonic_23695	+	43883332	NA	NA	NA	2	1	0.0
chr16	2158252	2161872	cds_exonic_72337	+	2159384	NA	NA	NA	1	1	0.0
chr12	80190974	80191175	cds_exonic_49255	+	80191103	NA	AAGAAA AAGAAA AAGAAA AATGAA	1 10 16 6	2	1	0.0
chr14	105185272	105185551	cds_exonic_63551	+	105185536	NA	ATTAAA	27	1	1	0.0
chr3	121206148	121209255	cds_exonic_143041	+	121208284	NA	AATAAA AATGAA	7 11	1	1	0.0
chr3	44488069	44490231	cds_exonic_138144	+	44488639	NA	NA	NA	1	1	0.0
chr12	66703485	66704388	cds_exonic_48618	+	66704198	NA	NA	NA	1	1	0.0
chr6	105232859	105233194	cds_exonic_172432	+	105233140	NA	NA	NA	1	1	0.0
chr6	147684470	147684840	cds_exonic_174635	+	147684591	NA	AAGAAA	27	1	1	0.0
chr6	26031880	26032288	cds_exonic_166675	+	26031880	NA	NA	NA	1	1	0.0
chr6	26031880	26032288	cds_exonic_166675	+	26032275	NA	NA	NA	3	2	17.9164728672
chr1	35835972	35836228	cds_exonic_5052	+	35836080	NA	NA	NA	1	1	0.0
chr1	35835972	35836228	cds_exonic_5052	+	35836134	NA	NA	NA	1	1	0.0
chrM	14746	15887	cds_exonic_201824	+	14746	NA	NA	NA	1	1	0.0
chrM	14746	15887	cds_exonic_201824	+	15148	NA	NA	NA	1	1	0.0
chrM	14746	15887	cds_exonic_201824	+	15453	NA	NA	NA	3	2	8.9814623902
chrM	14746	15887	cds_exonic_201824	+	15738	NA	AATAAA	15	2	2	10.5118980208
chrM	14746	15887	cds_exonic_201824	+	15799	NA	NA	NA	1	1	0.0
chrM	14746	15887	cds_exonic_201824	+	15886	NA	NA	NA	80	2	2.44693686065
chr2	24929436	24930757	cds_exonic_108491	+	24930557	NA	TATAAA	11	1	1	0.0
chr21	43411006	43414204	cds_exonic_130063	+	43414026	NA	AATACA	9	1	1	0.0
chr8	144662675	144662910	cds_exonic_192675	+	144662861	NA	NA	NA	1	1	0.0
chr20	49507944	49511049	cds_exonic_127612	+	49508280	NA	NA	NA	1	1	0.0
chr5	131931264	131931502	cds_exonic_161644	+	131931452	NA	GATAAA	10	1	1	0.0
chr7	86813712	86813941	cds_exonic_180436	+	86813725	NA	NA	NA	1	1	0.0
chr7	86817407	86817617	cds_exonic_180438	+	86817444	NA	AATAAA	4	1	1	0.0
chr21	28209900	28210597	cds_exonic_129016	+	28210018	NA	NA	NA	1	1	0.0
chr1	247012916	247014744	cds_exonic_21384	+	247013565	NA	AATACA GATAAA	3 24	1	1	0.0
chr17	61895053	61895755	cds_exonic_89431	+	61895357	NA	NA	NA	1	1	0.0
chr14	94545370	94546088	cds_exonic_62675	+	94545634	NA	AATAAA AAGAAA	14 8	1	1	0.0
chr14	94526443	94526959	cds_exonic_62672	+	94526772	NA	GATAAA	3	1	1	0.0
chr2	55825551	55826175	cds_exonic_111034	+	55825692	NA	AATACA	5	1	1	0.0
chr11	47767607	47767946	cds_exonic_34227	+	47767619	NA	NA	NA	1	1	0.0
chr11	47767607	47767946	cds_exonic_34227	+	47767672	NA	NA	NA	1	1	0.0
chr11	47765504	47765715	cds_exonic_34226	+	47765608	NA	NA	NA	2	1	0.0
chr2	234431815	234432135	cds_exonic_122672	+	234431815	NA	NA	NA	1	1	0.0
chr2	178098732	178098999	cds_exonic_118156	+	178098949	NA	NA	NA	1	1	0.0
chr2	178098732	178098999	cds_exonic_118156	+	178098999	NA	NA	NA	1	1	0.0
chr12	121783641	121783868	cds_exonic_52519	+	121783678	NA	NA	NA	3	2	5.65685424949
chr5	172517317	172518433	cds_exonic_164533	+	172518339	NA	NA	NA	1	1	0.0
chr13	53035192	53036061	cds_exonic_55887	+	53035409	NA	NA	NA	2	1	0.0
chr1	207222367	207223068	cds_exonic_18635	+	207222582	NA	NA	NA	1	1	0.0
chr1	207224032	207224375	cds_exonic_18636	+	207224127	NA	NA	NA	1	1	0.0
chr4	151935578	151935794	cds_exonic_154820	+	151935794	NA	NA	NA	1	1	0.0
chr6	157803053	157803298	cds_exonic_175206	+	157803186	NA	AAGAAA	0	1	1	0.0
chr1	7887177	7887875	cds_exonic_1199	+	7887177	NA	NA	NA	1	1	0.0
chr1	94341823	94343439	cds_exonic_9698	+	94342309	NA	NA	NA	1	1	0.0
chr1	94341823	94343439	cds_exonic_9698	+	94342854	NA	AAGAAA	9	2	1	0.0
chr14	23528359	23528683	cds_exonic_58092	+	23528683	NA	NA	NA	1	1	0.0
chr15	45007620	45007919	cds_exonic_66439	+	45007815	NA	NA	NA	1	1	0.0
chr2	32737999	32738221	cds_exonic_109675	+	32737999	NA	NA	NA	1	1	0.0
chr2	32740056	32740837	cds_exonic_109676	+	32740308	NA	NA	NA	1	1	0.0
chr18	13087015	13087276	cds_exonic_93161	+	13087259	NA	GATAAA	24	1	1	0.0
chr15	42740269	42740903	cds_exonic_65854	+	42740687	NA	AAGAAA	2	1	1	0.0
chr1	213302869	213303232	cds_exonic_19123	+	213303150	NA	AATAAA	24	2	1	0.0
chr11	17118603	17118811	cds_exonic_32383	+	17118749	NA	NA	NA	1	1	0.0
chr14	21702111	21702352	cds_exonic_57788	+	21702316	NA	AATACA AATGAA	20 16	4	1	0.0
chr14	50100004	50101867	cds_exonic_59438	+	50100887	NA	NA	NA	1	1	0.0
chr14	75513078	75516358	cds_exonic_61624	+	75515698	NA	TTTAAA TATAAA AATATA TTTAAA	13 27 25 21	1	1	0.0
chr17	65850055	65850878	cds_exonic_89833	+	65850723	NA	NA	NA	1	1	0.0
chr17	65850055	65850878	cds_exonic_89833	+	65850791	NA	NA	NA	1	1	0.0
chr1	197111460	197112940	cds_exonic_17418	+	197111495	NA	NA	NA	1	1	0.0
chr1	197111460	197112940	cds_exonic_17418	+	197112293	NA	CATAAA	24	1	1	0.0
chr1	197111460	197112940	cds_exonic_17418	+	197112805	NA	AATGAA	24	1	1	0.0
chr1	170508350	170508708	cds_exonic_15816	+	170508708	NA	AAGAAA	26	1	1	0.0
chr2	179449395	179449695	cds_exonic_118324	+	179449444	NA	NA	NA	1	1	0.0
chr2	179449798	179450074	cds_exonic_118325	+	179450074	NA	NA	NA	1	1	0.0
chr2	179449002	179449305	cds_exonic_118323	+	179449305	NA	NA	NA	1	1	0.0
chrX	48382159	48382460	cds_exonic_203934	+	48382175	NA	NA	NA	1	1	0.0
chr7	155493466	155493703	cds_exonic_185811	+	155493560	NA	NA	NA	1	1	0.0
chr18	32917198	32917734	cds_exonic_94012	+	32917602	NA	AAGAAA	19	1	1	0.0
chr18	32917198	32917734	cds_exonic_94012	+	32917712	NA	NA	NA	1	1	0.0
chr5	140038523	140038749	cds_exonic_162545	+	140038693	NA	NA	NA	1	1	0.0
chr7	26236426	26236637	cds_exonic_177650	+	26236590	NA	ATTAAA	7	1	1	0.0
chr3	47161671	47166038	cds_exonic_138561	+	47164591	NA	NA	NA	1	1	0.0
chr3	47161671	47166038	cds_exonic_138561	+	47165290	NA	AAGAAA	33	1	1	0.0
chr15	60741046	60742040	cds_exonic_67715	+	60741773	NA	NA	NA	1	1	0.0
chr5	39382719	39383373	cds_exonic_157821	+	39383329	NA	NA	NA	1	1	0.0
chr1	225601575	225601920	cds_exonic_19839	+	225601920	NA	GATAAA	2	1	1	0.0
chrX	21874602	21875718	cds_exonic_202860	+	21875203	NA	NA	NA	1	1	0.0
chr2	170591524	170592737	cds_exonic_117612	+	170591678	NA	NA	NA	1	1	0.0
chr2	170591524	170592737	cds_exonic_117612	+	170591735	NA	NA	NA	1	1	0.0
chr1	185267169	185267420	cds_exonic_16975	+	185267401	NA	NA	NA	1	1	0.0
chr7	128434401	128434656	cds_exonic_183598	+	128434468	NA	NA	NA	1	1	0.0
chr7	158663832	158664253	cds_exonic_185999	+	158664051	NA	NA	NA	1	1	0.0
chr1	24077334	24078520	cds_exonic_3466	+	24077989	NA	NA	NA	1	1	0.0
chr9	32630099	32635577	cds_exonic_194444	+	32632786	NA	AAGAAA	3	3	2	1.41421356237
chr2	242195598	242195814	cds_exonic_123468	+	242195600	NA	NA	NA	4	2	2.17944947177
chr2	242195598	242195814	cds_exonic_123468	+	242195670	NA	NA	NA	1	1	0.0
chr7	2770817	2771384	cds_exonic_176390	+	2771187	NA	NA	NA	1	1	0.0
chr13	28141776	28141976	cds_exonic_54386	+	28141936	NA	NA	NA	1	1	0.0
chr4	84383624	84384055	cds_exonic_152204	+	84383988	NA	AAGAAA AATGAA	21 17	1	1	0.0
chr1	6646754	6647012	cds_exonic_1111	+	6647004	NA	NA	NA	1	1	0.0
chr17	27061000	27061206	cds_exonic_84173	+	27061046	NA	NA	NA	1	1	0.0
chr14	55429669	55429890	cds_exonic_59946	+	55429716	NA	NA	NA	1	1	0.0
chr10	28970186	28970474	cds_exonic_23222	+	28970224	NA	NA	NA	1	1	0.0
chr1	227333189	227333438	cds_exonic_20041	+	227333289	NA	AATATA	6	1	1	0.0
chr1	226374090	226374376	cds_exonic_19929	+	226374162	NA	NA	NA	1	1	0.0
chr1	8716031	8716356	cds_exonic_1259	+	8716327	NA	NA	NA	1	1	0.0
chr1	109241783	109242639	cds_exonic_10369	+	109241882	NA	NA	NA	1	1	0.0
chr1	109241783	109242639	cds_exonic_10369	+	109242065	NA	NA	NA	1	1	0.0
chr3	196612052	196613565	cds_exonic_147882	+	196613216	NA	AATGAA	3	1	1	0.0
chr3	12660013	12660220	cds_exonic_136305	+	12660082	NA	NA	NA	1	1	0.0
chr2	179411729	179412032	cds_exonic_118294	+	179412032	NA	NA	NA	1	1	0.0
chr2	179412133	179414200	cds_exonic_118295	+	179412966	NA	NA	NA	1	1	0.0
chr2	182766492	182767193	cds_exonic_118749	+	182766745	NA	NA	NA	1	1	0.0
chr2	182766492	182767193	cds_exonic_118749	+	182766811	NA	AATAAA AAGAAA	17 6	2	1	0.0
chr11	19256290	19256605	cds_exonic_32781	+	19256430	NA	AATAAA AAGAAA	3 4	1	1	0.0
chr6	101109681	101109906	cds_exonic_172384	+	101109808	NA	GATAAA	34	1	1	0.0
chrX	44922666	44923062	cds_exonic_203590	+	44922666	NA	NA	NA	1	1	0.0
chr15	72873071	72873332	cds_exonic_68931	+	72873171	NA	NA	NA	1	1	0.0
chr4	160274638	160275198	cds_exonic_155291	+	160275159	NA	AAGAAA	10	1	1	0.0
chr1	245019205	245019460	cds_exonic_21291	+	245019337	NA	AAGAAA AAGAAA	5 26	1	1	0.0
chr1	245021312	245021576	cds_exonic_21295	+	245021328	NA	NA	NA	1	1	0.0
chr1	110882027	110884890	cds_exonic_10778	+	110882797	NA	NA	NA	1	1	0.0
chr1	110882027	110884890	cds_exonic_10778	+	110884680	NA	NA	NA	1	1	0.0
chr18	20572710	20573602	cds_exonic_93386	+	20573517	NA	AATAAA AATAAA	5 23	2	1	0.0
chr7	135078669	135079167	cds_exonic_184149	+	135078669	NA	NA	NA	1	1	0.0
chr2	102476104	102476326	cds_exonic_114081	+	102476104	NA	NA	NA	1	1	0.0
chr5	31515094	31515326	cds_exonic_157129	+	31515191	NA	NA	NA	1	1	0.0
chr7	104745885	104746140	cds_exonic_182489	+	104746088	NA	AGTAAA AATATA	17 26	1	1	0.0
chr7	104731662	104731866	cds_exonic_182486	+	104731744	NA	AATGAA	3	2	2	1.0
chr7	104730455	104730720	cds_exonic_182485	+	104730565	-12	NA	NA	1	1	0.0
chr3	39452244	39452490	cds_exonic_137843	+	39452466	NA	NA	NA	1	1	0.0
chr7	22532942	22533455	cds_exonic_177450	+	22532942	NA	NA	NA	1	1	0.0
chr1	41461588	41461789	cds_exonic_5877	+	41461705	NA	NA	NA	1	1	0.0
chr12	116420921	116421345	cds_exonic_51936	+	116421281	NA	NA	NA	2	2	0.707106781187
chr12	9907657	9907857	cds_exonic_43473	+	9907657	NA	NA	NA	1	1	0.0
chrX	70597452	70597671	cds_exonic_205364	+	70597519	NA	NA	NA	1	1	0.0
chr4	123132041	123132250	cds_exonic_153971	+	123132111	NA	NA	NA	1	1	0.0
chr1	248112159	248113095	cds_exonic_21485	+	248112775	NA	NA	NA	1	1	0.0
chr11	10483061	10483287	cds_exonic_31968	+	10483215	NA	NA	NA	1	1	0.0
chr2	160604315	160605414	cds_exonic_116875	+	160605394	NA	GATAAA ACTAAA	1 7	2	2	4.52769256907
chr1	113232461	113232720	cds_exonic_10985	+	113232462	NA	NA	NA	1	1	0.0
chr10	12077057	12077422	cds_exonic_22115	+	12077128	NA	NA	NA	3	2	0.57735026919
chr1	16202696	16203173	cds_exonic_2227	+	16203001	NA	NA	NA	2	1	0.0
chr1	16237595	16237796	cds_exonic_2229	+	16237796	NA	NA	NA	2	1	0.0
chr6	76425100	76425307	cds_exonic_171448	+	76425168	NA	NA	NA	1	1	0.0
chr1	36751968	36752871	cds_exonic_5246	+	36752768	NA	NA	NA	1	1	0.0
chr11	65385410	65386538	cds_exonic_36403	+	65385410	NA	NA	NA	1	1	0.0
chr6	86243316	86243518	cds_exonic_171837	+	86243403	NA	AAGAAA	33	1	1	0.0
chr5	90670738	90670995	cds_exonic_160175	+	90670963	NA	NA	NA	1	1	0.0
chr14	76905683	76906093	cds_exonic_61750	+	76905952	NA	NA	NA	1	1	0.0
chr1	44437058	44437742	cds_exonic_6325	+	44437709	NA	NA	NA	1	1	0.0
chr2	238671245	238672780	cds_exonic_122962	+	238672651	NA	NA	NA	2	1	0.0
chr17	60140427	60140662	cds_exonic_89190	+	60140433	NA	NA	NA	1	1	0.0
chr16	69744881	69745184	cds_exonic_78306	+	69744890	NA	NA	NA	1	1	0.0
chr16	69744881	69745184	cds_exonic_78306	+	69744987	NA	AAGAAA	31	1	1	0.0
chrM	9206	9990	cds_exonic_201819	+	9207	NA	NA	NA	3	1	0.0
chrM	9206	9990	cds_exonic_201819	+	9486	NA	AATAAA	18	4	1	0.0
chrM	9206	9990	cds_exonic_201819	+	9538	NA	NA	NA	3	2	2.0
chrM	9206	9990	cds_exonic_201819	+	9571	NA	NA	NA	1	1	0.0
chrM	9206	9990	cds_exonic_201819	+	9816	NA	NA	NA	1	1	0.0
chrM	9206	9990	cds_exonic_201819	+	9872	NA	NA	NA	19	4	0.945905302927
chrM	9206	9990	cds_exonic_201819	+	9989	NA	AATAGA	10	462	2	0.998917162649
chrM	8365	9204	cds_exonic_201818	+	8498	NA	CATAAA	30	1	1	0.0
chrM	8365	9204	cds_exonic_201818	+	8617	NA	AATAGA AATAGA	1 13	1	1	0.0
chrM	8365	9204	cds_exonic_201818	+	9204	NA	NA	NA	3	1	0.0
chrM	4469	5511	cds_exonic_201815	+	4981	NA	NA	NA	1	1	0.0
chrM	4469	5511	cds_exonic_201815	+	5255	NA	NA	NA	1	1	0.0
chrM	4469	5511	cds_exonic_201815	+	5322	NA	NA	NA	2	1	0.0
chrM	4469	5511	cds_exonic_201815	+	5444	NA	AATAAA	1	1	1	0.0
chrM	4469	5511	cds_exonic_201815	+	5511	NA	TATAAA	11	22	1	0.0
chrM	3306	4262	cds_exonic_201814	+	3306	NA	NA	NA	4	1	0.0
chrM	3306	4262	cds_exonic_201814	+	3683	NA	AGTAAA	33	2	2	7.0
chrM	3306	4262	cds_exonic_201814	+	4262	NA	NA	NA	1	1	0.0
chrM	7585	8266	cds_exonic_201817	+	7862	NA	NA	NA	1	1	0.0
chrM	5903	7445	cds_exonic_201816	+	6087	NA	NA	NA	1	1	0.0
chrM	5903	7445	cds_exonic_201816	+	6267	NA	NA	NA	1	1	0.0
chrM	5903	7445	cds_exonic_201816	+	6473	NA	NA	NA	3	3	16.3910544709
chrM	5903	7445	cds_exonic_201816	+	6547	NA	NA	NA	2	2	16.0
chrM	5903	7445	cds_exonic_201816	+	6643	NA	TATAAA AATATA	6 4	3	2	17.4547032821
chrM	5903	7445	cds_exonic_201816	+	7049	NA	NA	NA	1	1	0.0
chrM	5903	7445	cds_exonic_201816	+	7165	NA	NA	NA	1	1	0.0
chr7	6063499	6063745	cds_exonic_176688	+	6063499	NA	NA	NA	1	1	0.0
chr16	15719228	15719657	cds_exonic_73759	+	15719257	NA	NA	NA	1	1	0.0
chr12	124103978	124104271	cds_exonic_53058	+	124104006	NA	NA	NA	1	1	0.0
chr12	124103978	124104271	cds_exonic_53058	+	124104147	NA	NA	NA	1	1	0.0
chr15	49881972	49882204	cds_exonic_66860	+	49882148	NA	AATGAA AATAAA	13 6	1	1	0.0
chr6	26156618	26157275	cds_exonic_166696	+	26156771	NA	ACTAAA	19	1	1	0.0
chr6	26156618	26157275	cds_exonic_166696	+	26157052	NA	NA	NA	1	1	0.0
chr6	26156618	26157275	cds_exonic_166696	+	26157106	NA	NA	NA	2	2	13.5092560861
chr1	52940503	52941207	cds_exonic_7280	+	52941063	NA	AAGAAA	29	2	2	1.58113883008
chr15	66811216	66811416	cds_exonic_68440	+	66811416	NA	NA	NA	1	1	0.0
chr21	30338691	30339501	cds_exonic_129062	+	30339169	NA	AATAAA AATGAA	1 10	1	1	0.0
chr21	40186704	40186905	cds_exonic_129804	+	40186834	NA	NA	NA	1	1	0.0
chr5	53409031	53409240	cds_exonic_158222	+	53409097	NA	ATTAAA	20	1	1	0.0
chr11	122931300	122931506	cds_exonic_41231	+	122931437	NA	NA	NA	1	1	0.0
chr2	39088140	39088979	cds_exonic_110070	+	39088209	NA	CATAAA	17	1	1	0.0
chr10	31809053	31810864	cds_exonic_23314	+	31809514	NA	NA	NA	1	1	0.0
chr1	25784881	25785383	cds_exonic_3719	+	25784988	NA	NA	NA	1	1	0.0
chr10	91497143	91498374	cds_exonic_26442	+	91498081	NA	NA	NA	1	1	0.0
chr16	53357931	53358804	cds_exonic_76606	+	53358142	NA	NA	NA	1	1	0.0
chr16	53357931	53358804	cds_exonic_76606	+	53358639	NA	NA	NA	1	1	0.0
chr2	191745810	191746196	cds_exonic_119235	+	191746131	NA	NA	NA	1	1	0.0
chr2	191745810	191746196	cds_exonic_119235	+	191746194	NA	NA	NA	2	2	1.58113883008
chr11	93471274	93471665	cds_exonic_38992	+	93471461	NA	AAGAAA	7	1	1	0.0
chr20	55949662	55950148	cds_exonic_127827	+	55949662	NA	NA	NA	1	1	0.0
chr12	56600233	56600582	cds_exonic_47502	+	56600302	NA	NA	NA	1	1	0.0
chr12	108127989	108128299	cds_exonic_50900	+	108127993	NA	NA	NA	1	1	0.0
chr6	30652184	30653795	cds_exonic_167176	+	30653151	NA	NA	NA	1	1	0.0
chr1	90048209	90050348	cds_exonic_9393	+	90050237	NA	NA	NA	2	1	0.0
chr1	43166451	43166683	cds_exonic_5992	+	43166496	NA	AATGAA	32	1	1	0.0
chr7	98580886	98581115	cds_exonic_181274	+	98580953	NA	NA	NA	1	1	0.0
chr6	33256580	33256790	cds_exonic_168355	+	33256687	NA	NA	NA	1	1	0.0
chr18	13059080	13059311	cds_exonic_93151	+	13059311	NA	NA	NA	1	1	0.0
chr16	4475882	4476093	cds_exonic_72954	+	4476026	NA	NA	NA	1	1	0.0
chr13	25479483	25481098	cds_exonic_54228	+	25480479	NA	NA	NA	1	1	0.0
chr6	64430494	64431693	cds_exonic_170932	+	64430901	NA	NA	NA	1	1	0.0
chr6	64421481	64423601	cds_exonic_170931	+	64421999	NA	AAGAAA TTTAAA TTTAAA	5 18 16	1	1	0.0
chr1	145440268	145440525	cds_exonic_11937	+	145440324	NA	AATACA	16	1	1	0.0
chr1	145438802	145439052	cds_exonic_11933	+	145438888	NA	NA	NA	1	1	0.0
chr1	145438802	145439052	cds_exonic_11933	+	145439052	NA	NA	NA	1	1	0.0
chr21	34921781	34927697	cds_exonic_129463	+	34921886	NA	CATAAA ACTAAA	21 3	1	1	0.0
chr21	34921781	34927697	cds_exonic_129463	+	34924260	NA	NA	NA	1	1	0.0
chr2	96521013	96521928	cds_exonic_113196	+	96521037	NA	NA	NA	1	1	0.0
chr10	70196767	70196998	cds_exonic_24852	+	70196771	NA	NA	NA	1	1	0.0
chr10	93748910	93749337	cds_exonic_26567	+	93749134	NA	ATTAAA CATAAA	7 19	2	2	1.0
chr7	30830780	30831190	cds_exonic_177905	+	30831121	NA	NA	NA	1	1	0.0
chr6	142723756	142723967	cds_exonic_174339	+	142723867	NA	NA	NA	1	1	0.0
chr6	42627393	42627593	cds_exonic_169543	+	42627523	NA	NA	NA	2	1	0.0
chr13	111545374	111545610	cds_exonic_57160	+	111545610	NA	NA	NA	2	1	0.0
chr12	132209949	132210175	cds_exonic_53474	+	132210157	NA	NA	NA	2	1	0.0
chrX	41000218	41000470	cds_exonic_203430	+	41000331	NA	NA	NA	1	1	0.0
chrX	41007621	41007828	cds_exonic_203434	+	41007621	NA	NA	NA	1	1	0.0
chrX	41007621	41007828	cds_exonic_203434	+	41007688	NA	NA	NA	2	1	0.0
chr2	170753016	170753245	cds_exonic_117644	+	170753180	NA	NA	NA	4	1	0.0
chr2	170753016	170753245	cds_exonic_117644	+	170753245	NA	ATTAAA	21	1	1	0.0
chr1	185109104	185109354	cds_exonic_16949	+	185109205	NA	NA	NA	2	2	15.5080624193
chr7	151859201	151860911	cds_exonic_185668	+	151860130	NA	AATGAA	27	1	1	0.0
chr19	59060354	59060607	cds_exonic_107411	+	59060578	NA	NA	NA	3	3	1.29099444874
chr5	44815014	44815301	cds_exonic_158078	+	44815271	NA	AATAGA	31	1	1	0.0
chr2	27454847	27455092	cds_exonic_108941	+	27454951	NA	NA	NA	1	1	0.0
chr1	222800916	222803731	cds_exonic_19531	+	222801364	NA	TATAAA AATGAA	27 3	1	1	0.0
chr1	222800916	222803731	cds_exonic_19531	+	222801791	NA	NA	NA	3	1	0.0
chr14	55618412	55618659	cds_exonic_59976	+	55618561	NA	NA	NA	1	1	0.0
chr14	55618412	55618659	cds_exonic_59976	+	55618627	NA	GATAAA	34	1	1	0.0
chr14	35254982	35255207	cds_exonic_59024	+	35255094	NA	NA	NA	1	1	0.0
chr1	39903448	39903680	cds_exonic_5611	+	39903676	NA	NA	NA	2	1	0.0
chrX	71424866	71428548	cds_exonic_205456	+	71427074	NA	AATAAA	33	1	1	0.0
chr11	57569204	57569668	cds_exonic_34556	+	57569509	NA	NA	NA	1	1	0.0
chr5	118580053	118580271	cds_exonic_161072	+	118580128	NA	NA	NA	1	1	0.0
chr4	108614926	108615162	cds_exonic_153300	+	108615106	NA	NA	NA	1	1	0.0
chr13	23904277	23915829	cds_exonic_54064	+	23908595	NA	AAGAAA	11	1	1	0.0
chr13	23904277	23915829	cds_exonic_54064	+	23909337	NA	NA	NA	1	1	0.0
chr13	23904277	23915829	cds_exonic_54064	+	23910385	NA	NA	NA	1	1	0.0
chr13	23904277	23915829	cds_exonic_54064	+	23911428	NA	NA	NA	1	1	0.0
chr13	23904277	23915829	cds_exonic_54064	+	23912880	NA	ATTAAA	5	1	1	0.0
chr13	23904277	23915829	cds_exonic_54064	+	23913196	NA	NA	NA	1	1	0.0
chr13	23904277	23915829	cds_exonic_54064	+	23915719	NA	NA	NA	2	2	9.51314879522
chr6	17688626	17688849	cds_exonic_166278	+	17688725	NA	AATAAA	5	1	1	0.0
chr17	73132099	73132347	cds_exonic_90481	+	73132099	NA	NA	NA	1	1	0.0
chr10	102262010	102262241	cds_exonic_27678	+	102262170	NA	NA	NA	1	1	0.0
chr4	128564675	128565211	cds_exonic_154110	+	128564875	NA	AAGAAA	2	1	1	0.0
chr2	11911497	11911805	cds_exonic_108016	+	11911669	NA	AGTAAA	32	6	3	2.61406452356
chr2	198948481	198950956	cds_exonic_119663	+	198949299	NA	NA	NA	1	1	0.0
chrX	48650250	48650628	cds_exonic_203986	+	48650621	NA	NA	NA	1	1	0.0
chrX	48652199	48652672	cds_exonic_203989	+	48652672	NA	NA	NA	1	1	0.0
chr10	75157938	75158143	cds_exonic_25522	+	75158107	NA	NA	NA	1	1	0.0
chr10	64952697	64952911	cds_exonic_24690	+	64952765	NA	NA	NA	2	2	0.707106781187
chr10	64960235	64960437	cds_exonic_24695	+	64960295	NA	NA	NA	1	1	0.0
chr10	64958272	64958487	cds_exonic_24694	+	64958277	NA	NA	NA	1	1	0.0
chr10	64966354	64968561	cds_exonic_24696	+	64966457	NA	AATAGA	17	1	1	0.0
chrX	85218669	85219057	cds_exonic_205863	+	85218743	NA	ATTAAA AAGAAA	32 2	1	1	0.0
chr3	156395486	156396403	cds_exonic_145630	+	156395607	NA	NA	NA	1	1	0.0
chr14	60581691	60582179	cds_exonic_60310	+	60581691	NA	NA	NA	1	1	0.0
chrX	64737866	64738345	cds_exonic_204931	+	64738098	NA	NA	NA	1	1	0.0
chr7	91687482	91687728	cds_exonic_180701	+	91687728	NA	NA	NA	1	1	0.0
chr14	100705581	100706260	cds_exonic_63033	+	100706197	NA	NA	NA	1	1	0.0
chrX	70469295	70469529	cds_exonic_205332	+	70469382	NA	NA	NA	1	1	0.0
chr3	14199510	14200392	cds_exonic_136459	+	14199824	NA	NA	NA	1	1	0.0
chr11	379417	379701	cds_exonic_30331	+	379633	NA	NA	NA	1	1	0.0
chr16	722927	723130	cds_exonic_71626	+	723099	NA	NA	NA	1	1	0.0
chr6	167343078	167343279	cds_exonic_175760	+	167343078	NA	NA	NA	1	1	0.0
chr6	30691116	30692171	cds_exonic_167200	+	30691709	NA	NA	NA	1	1	0.0
chr1	226340035	226340320	cds_exonic_19923	+	226340108	NA	NA	NA	1	1	0.0
chr8	37734626	37735069	cds_exonic_188077	+	37734811	NA	AAGAAA AAGAAA	1 7	1	1	0.0
chr1	35570157	35570370	cds_exonic_5030	+	35570370	NA	ATTAAA	29	1	1	0.0
chr3	196434424	196434783	cds_exonic_147856	+	196434541	NA	NA	NA	1	1	0.0
chr5	79743844	79744223	cds_exonic_159806	+	79743919	NA	NA	NA	1	1	0.0
chr13	30109955	30110325	cds_exonic_54521	+	30110325	NA	NA	NA	1	1	0.0
chr17	29556042	29556483	cds_exonic_84603	+	29556042	NA	NA	NA	1	1	0.0
chr21	18966413	18966650	cds_exonic_128890	+	18966529	NA	AATAAA AAGAAA	17 10	3	1	0.0
chr21	18966413	18966650	cds_exonic_128890	+	18966582	NA	NA	NA	1	1	0.0
chr21	18966413	18966650	cds_exonic_128890	+	18966650	NA	AATATA	23	1	1	0.0
chr19	5719714	5720143	cds_exonic_97147	+	5719780	NA	NA	NA	1	1	0.0
chr10	74894343	74894571	cds_exonic_25442	+	74894343	NA	NA	NA	3	1	0.0
chr1	59147456	59148217	cds_exonic_7815	+	59147677	NA	AATGAA AATGAA	3 18	1	1	0.0
chr18	67991904	67993509	cds_exonic_95296	+	67992096	NA	NA	NA	1	1	0.0
chr6	26107700	26108321	cds_exonic_166693	+	26108261	NA	NA	NA	1	1	0.0
chr6	26104175	26104484	cds_exonic_166692	+	26104361	NA	NA	NA	1	1	0.0
chr6	26104175	26104484	cds_exonic_166692	+	26104484	NA	NA	NA	6	1	0.0
chr8	17810478	17810695	cds_exonic_186749	+	17810621	NA	NA	NA	1	1	0.0
chr8	126011645	126011936	cds_exonic_191833	+	126011697	NA	TATAAA	9	1	1	0.0
chr12	8866406	8866637	cds_exonic_43308	+	8866530	NA	NA	NA	1	1	0.0
chr15	65321742	65321951	cds_exonic_68181	+	65321810	NA	NA	NA	1	1	0.0
chr4	164449902	164450198	cds_exonic_155335	+	164450198	NA	NA	NA	4	1	0.0
chr7	105148561	105148959	cds_exonic_182534	+	105148577	NA	NA	NA	1	1	0.0
chr7	105148561	105148959	cds_exonic_182534	+	105148937	NA	NA	NA	1	1	0.0
chr4	123813985	123814380	cds_exonic_154065	+	123814277	NA	NA	NA	1	1	0.0
chr1	39796874	39802325	cds_exonic_5574	+	39798508	NA	NA	NA	1	1	0.0
chr1	39796874	39802325	cds_exonic_5574	+	39799033	NA	NA	NA	1	1	0.0
chr1	39796874	39802325	cds_exonic_5574	+	39799477	NA	NA	NA	1	1	0.0
chr1	39796874	39802325	cds_exonic_5574	+	39801174	NA	AATGAA	23	1	1	0.0
chr15	25615712	25616959	cds_exonic_64163	+	25616084	NA	AAGAAA AAGAAA	5 12	1	1	0.0
chr15	25615712	25616959	cds_exonic_64163	+	25616782	NA	NA	NA	1	1	0.0
chr15	25620611	25620910	cds_exonic_64164	+	25620650	NA	TTTAAA	1	1	1	0.0
chr1	214830275	214830752	cds_exonic_19186	+	214830412	NA	NA	NA	1	1	0.0
chr12	69652369	69652874	cds_exonic_48777	+	69652369	NA	NA	NA	4	1	0.0
chr6	161508719	161508986	cds_exonic_175602	+	161508858	NA	NA	NA	1	1	0.0
chr11	114182766	114183196	cds_exonic_40217	+	114183196	NA	NA	NA	2	1	0.0
chr3	33893979	33894228	cds_exonic_137327	+	33894003	NA	NA	NA	1	1	0.0
chr5	129243769	129244053	cds_exonic_161463	+	129244028	NA	NA	NA	1	1	0.0
chr4	160253602	160253850	cds_exonic_155279	+	160253749	NA	NA	NA	2	2	5.52268050859
chr2	179463474	179463789	cds_exonic_118343	+	179463789	NA	GATAAA	16	2	1	0.0
chr2	179464280	179464577	cds_exonic_118345	+	179464425	NA	NA	NA	1	1	0.0
chr2	27604468	27604672	cds_exonic_109061	+	27604496	NA	NA	NA	1	1	0.0
chr2	27607539	27607974	cds_exonic_109066	+	27607651	NA	NA	NA	1	1	0.0
chr11	82876641	82877756	cds_exonic_38566	+	82877745	NA	NA	NA	2	2	1.58113883008
chr15	62219289	62219519	cds_exonic_67775	+	62219319	NA	NA	NA	2	2	1.0
chr4	40121551	40123929	cds_exonic_150058	+	40122810	NA	CATAAA	2	1	1	0.0
chr8	107718608	107719459	cds_exonic_191092	+	107719292	NA	NA	NA	1	1	0.0
