chrm	beg	end	utr_ID	strand	polyA_coordinate	annotated_polyA_distance	nearby_PAS	PAS_distance	number_supporting_reads	number_unique_supporting_reads	unique_reads_spread
chr19	23992317	24009870	five_utr_intronic_10627	+	23995978	NA	NA	NA	1	1	0.0
chr19	23945937	23964882	five_utr_intronic_10622	+	23949578	NA	NA	NA	1	1	0.0
chr19	23965301	23973573	five_utr_intronic_10623	+	23971887	NA	NA	NA	2	2	5.0
chr19	23965301	23973573	five_utr_intronic_10623	+	23973199	NA	AAGAAA AATACA	18 6	1	1	0.0
chr19	24229082	24269975	five_utr_intronic_10629	+	24244188	NA	NA	NA	1	1	0.0
chr19	24229082	24269975	five_utr_intronic_10629	+	24251180	NA	NA	NA	1	1	0.0
chr19	24229082	24269975	five_utr_intronic_10629	+	24264300	NA	AATAAA	18	1	1	0.0
chr19	24229082	24269975	five_utr_intronic_10629	+	24265773	NA	AATAGA	32	1	1	0.0
chr17	41305688	41322141	five_utr_intronic_9338	+	41312307	NA	NA	NA	5	1	0.0
chr17	41305688	41322141	five_utr_intronic_9338	+	41318576	NA	NA	NA	1	1	0.0
chr17	41305688	41322141	five_utr_intronic_9338	+	41320425	NA	NA	NA	1	1	0.0
chr17	41305688	41322141	five_utr_intronic_9338	+	41321912	NA	NA	NA	1	1	0.0
chr12	109915914	109919441	five_utr_intronic_5870	+	109915914	NA	NA	NA	9	1	0.0
chr12	109915914	109919441	five_utr_intronic_5870	+	109917682	NA	AAGAAA	3	1	1	0.0
chr4	76620113	76649239	five_utr_intronic_16832	+	76640487	NA	NA	NA	1	1	0.0
chr19	54026769	54039576	five_utr_intronic_11288	+	54026813	NA	ATTAAA	23	1	1	0.0
chr10	112679904	112696379	five_utr_intronic_3028	+	112688653	NA	NA	NA	1	1	0.0
chr1	205391214	205417429	five_utr_intronic_1974	+	205404015	NA	AGTAAA	11	1	1	0.0
chr1	205391214	205417429	five_utr_intronic_1974	+	205411728	NA	AATACA	16	1	1	0.0
chr1	205391214	205417429	five_utr_intronic_1974	+	205412970	NA	NA	NA	1	1	0.0
chr1	205486162	205491556	five_utr_intronic_1978	+	205489597	NA	NA	NA	2	1	0.0
chr3	53053138	53077151	five_utr_intronic_15283	+	53063025	NA	NA	NA	1	1	0.0
chr5	34667484	34684611	five_utr_intronic_17614	+	34667679	NA	AATAAA	23	1	1	0.0
chr5	10292260	10307308	five_utr_intronic_17534	+	10302653	NA	NA	NA	1	1	0.0
chr20	49526328	49530267	five_utr_intronic_13623	+	49528119	NA	NA	NA	1	1	0.0
chr20	49545362	49547361	five_utr_intronic_13625	+	49546667	NA	AATGAA	6	1	1	0.0
chr20	49530948	49545187	five_utr_intronic_13624	+	49536753	NA	NA	NA	2	1	0.0
chr2	145077437	145090004	five_utr_intronic_12391	+	145086532	NA	NA	NA	2	1	0.0
chr12	51600668	51611424	five_utr_intronic_5463	+	51606799	NA	NA	NA	1	1	0.0
chr12	51600668	51611424	five_utr_intronic_5463	+	51608746	NA	NA	NA	1	1	0.0
chr12	96728643	96793762	five_utr_intronic_5795	+	96789489	NA	NA	NA	1	1	0.0
chr2	55453044	55455167	five_utr_intronic_11876	+	55453172	NA	ACTAAA	28	1	1	0.0
chr2	55455340	55459038	five_utr_intronic_11877	+	55459011	NA	TTTAAA TTTAAA	0 34	1	1	0.0
chr16	20873966	20911524	five_utr_intronic_8213	+	20906599	NA	TTTAAA TTTAAA	28 6	2	1	0.0
chr11	68228296	68256076	five_utr_intronic_4227	+	68228296	NA	NA	NA	1	1	0.0
chr11	68228296	68256076	five_utr_intronic_4227	+	68236877	NA	AATAAA	6	1	1	0.0
chr1	120168761	120190312	five_utr_intronic_1305	+	120172306	NA	AATAAA	22	1	1	0.0
chr3	48057902	48130261	five_utr_intronic_15110	+	48117831	NA	AATACA ACTAAA	34 28	1	1	0.0
chr8	103855976	103862226	five_utr_intronic_22110	+	103859530	NA	NA	NA	1	1	0.0
chr12	1726309	1738362	five_utr_intronic_4910	+	1729208	NA	NA	NA	1	1	0.0
chr10	44142657	44143016	five_utr_intronic_2540	+	44142909	NA	AAGAAA	24	1	1	0.0
chr14	103801522	103801988	five_utr_intronic_7073	+	103801628	NA	NA	NA	1	1	0.0
chr8	145750557	145751116	five_utr_intronic_22371	+	145750558	NA	NA	NA	2	1	0.0
chr3	14444356	14452538	five_utr_intronic_14768	+	14449088	NA	NA	NA	1	1	0.0
chr19	32836690	32838150	five_utr_intronic_10641	+	32837223	NA	NA	NA	1	1	0.0
chr1	17765057	17766039	five_utr_intronic_265	+	17765901	NA	ATTAAA	18	1	1	0.0
chr7	75659845	75676979	five_utr_intronic_20453	+	75659845	NA	NA	NA	2	1	0.0
chr9	135810483	135819928	five_utr_intronic_23183	+	135813284	NA	AATACA	6	1	1	0.0
chr16	2933367	2945219	five_utr_intronic_8004	+	2936201	NA	NA	NA	1	1	0.0
chrX	123013146	123017654	five_utr_intronic_23985	+	123014544	NA	NA	NA	1	1	0.0
chrX	122994395	123006475	five_utr_intronic_23981	+	122996707	NA	NA	NA	1	1	0.0
chr6	13961793	13974440	five_utr_intronic_18738	+	13969406	NA	AGTAAA	13	1	1	0.0
chr10	106083328	106083695	five_utr_intronic_3009	+	106083329	NA	NA	NA	1	1	0.0
chr20	47795781	47804651	five_utr_intronic_13609	+	47803327	NA	NA	NA	1	1	0.0
chr20	47795781	47804651	five_utr_intronic_13609	+	47803512	NA	AAGAAA	0	1	1	0.0
chr12	48547312	48550904	five_utr_intronic_5409	+	48549850	NA	NA	NA	1	1	0.0
chr19	46216832	46234105	five_utr_intronic_10987	+	46225185	NA	NA	NA	1	1	0.0
chr19	46357766	46366314	five_utr_intronic_10988	+	46358209	NA	NA	NA	2	1	0.0
chr19	46357766	46366314	five_utr_intronic_10988	+	46358890	NA	NA	NA	5	2	0.774596669241
chr19	46357766	46366314	five_utr_intronic_10988	+	46362889	NA	AATAAA AAGAAA	11 31	1	1	0.0
chr19	46357766	46366314	five_utr_intronic_10988	+	46364135	NA	ATTAAA AATGAA	10 3	1	1	0.0
chr19	46357766	46366314	five_utr_intronic_10988	+	46365239	NA	NA	NA	1	1	0.0
chr17	40282609	40289779	five_utr_intronic_9277	+	40289674	NA	NA	NA	1	1	0.0
chr16	29681811	29690328	five_utr_intronic_8272	+	29682186	NA	AATAAA	17	1	1	0.0
chr11	124974937	124980386	five_utr_intronic_4758	+	124977237	NA	TATAAA AATACA	28 8	1	1	0.0
chr19	2085328	2096223	five_utr_intronic_10183	+	2095201	NA	NA	NA	1	1	0.0
chr19	2291822	2308073	five_utr_intronic_10187	+	2293445	NA	NA	NA	1	1	0.0
chr19	9530895	9544343	five_utr_intronic_10322	+	9531436	NA	NA	NA	2	1	0.0
chr21	43423070	43427928	five_utr_intronic_13984	+	43425364	NA	NA	NA	1	1	0.0
chr16	67605168	67644726	five_utr_intronic_8492	+	67642713	NA	NA	NA	1	1	0.0
chr17	46657309	46659653	five_utr_intronic_9492	+	46657635	NA	NA	NA	1	1	0.0
chr5	126282056	126365615	five_utr_intronic_18073	+	126359945	NA	NA	NA	1	1	0.0
chr5	126253920	126281986	five_utr_intronic_18072	+	126259712	NA	NA	NA	1	1	0.0
chr2	196523311	196535095	five_utr_intronic_12748	+	196525638	NA	AATAAA	14	1	1	0.0
chr14	100835595	100841619	five_utr_intronic_7050	+	100837059	NA	NA	NA	1	1	0.0
chr11	16506218	16588873	five_utr_intronic_3616	+	16534950	NA	NA	NA	1	1	0.0
chr3	11752011	11760890	five_utr_intronic_14744	+	11760346	NA	NA	NA	1	1	0.0
chr19	34745520	34787180	five_utr_intronic_10663	+	34746652	NA	NA	NA	1	1	0.0
chr19	34745520	34787180	five_utr_intronic_10663	+	34750633	NA	ATTAAA	27	1	1	0.0
chr17	47403263	47438526	five_utr_intronic_9512	+	47436609	NA	AGTAAA	18	1	1	0.0
chr19	17378337	17379564	five_utr_intronic_10542	+	17378847	NA	NA	NA	1	1	0.0
chr16	85061464	85100504	five_utr_intronic_8641	+	85090078	NA	NA	NA	1	1	0.0
chr16	85061464	85100504	five_utr_intronic_8641	+	85091390	NA	NA	NA	1	1	0.0
chr16	85061464	85100504	five_utr_intronic_8641	+	85091444	NA	NA	NA	1	1	0.0
chr8	42251402	42251726	five_utr_intronic_21645	+	42251726	NA	AATAAA TATAAA AAGAAA	23 0 4	1	1	0.0
chr9	134269651	134305475	five_utr_intronic_23169	+	134302658	NA	NA	NA	1	1	0.0
chr16	3317371	3333447	five_utr_intronic_8024	+	3329810	NA	NA	NA	1	1	0.0
chr6	30295473	30296665	five_utr_intronic_18874	+	30295473	NA	NA	NA	2	1	0.0
chr10	71921687	71922445	five_utr_intronic_2730	+	71921875	NA	NA	NA	1	1	0.0
chr17	37844532	37844947	five_utr_intronic_9203	+	37844946	NA	AAGAAA	2	3	2	0.57735026919
chr7	148544398	148580288	five_utr_intronic_21137	+	148565462	NA	NA	NA	1	1	0.0
chr7	148544398	148580288	five_utr_intronic_21137	+	148568912	NA	NA	NA	1	1	0.0
chr3	186652182	186660135	five_utr_intronic_16261	+	186654679	NA	NA	NA	2	1	0.0
chr2	240274614	240322070	five_utr_intronic_13089	+	240295723	NA	AAGAAA	12	1	1	0.0
chr2	240274614	240322070	five_utr_intronic_13089	+	240321539	NA	AAGAAA TTTAAA TTTAAA ACTAAA	11 26 8 30	2	1	0.0
chr3	186666726	186681572	five_utr_intronic_16263	+	186669992	NA	CATAAA	29	1	1	0.0
chr3	186704505	186714335	five_utr_intronic_16266	+	186710622	NA	NA	NA	1	1	0.0
chr3	186714461	186723929	five_utr_intronic_16267	+	186717277	NA	NA	NA	1	1	0.0
chr22	41678518	41680904	five_utr_intronic_14531	+	41680512	NA	NA	NA	2	2	0.707106781187
chr14	56047073	56068474	five_utr_intronic_6734	+	56055670	NA	NA	NA	1	1	0.0
chr14	56068598	56078694	five_utr_intronic_6735	+	56078052	NA	NA	NA	1	1	0.0
chr14	55749361	55751944	five_utr_intronic_6732	+	55751743	NA	TTTAAA TTTAAA	10 24	1	1	0.0
chr1	26560802	26566251	five_utr_intronic_388	+	26562135	NA	NA	NA	1	1	0.0
chr17	73452833	73467879	five_utr_intronic_9709	+	73453359	NA	NA	NA	1	1	0.0
chrX	24024818	24042972	five_utr_intronic_23390	+	24040452	NA	NA	NA	1	1	0.0
chr10	35616685	35621266	five_utr_intronic_2505	+	35619754	NA	NA	NA	1	1	0.0
chr10	35578359	35616606	five_utr_intronic_2504	+	35605642	NA	ACTAAA	12	1	1	0.0
chr10	35578359	35616606	five_utr_intronic_2504	+	35612260	NA	NA	NA	1	1	0.0
chr10	35578359	35616606	five_utr_intronic_2504	+	35615873	NA	NA	NA	1	1	0.0
chr9	36573195	36581640	five_utr_intronic_22629	+	36577484	NA	NA	NA	1	1	0.0
chrX	47053423	47056597	five_utr_intronic_23457	+	47056230	NA	NA	NA	1	1	0.0
chr8	22225250	22236939	five_utr_intronic_21452	+	22234802	NA	NA	NA	1	1	0.0
chr15	100106309	100138634	five_utr_intronic_7700	+	100136945	NA	NA	NA	1	1	0.0
chr11	17215961	17225853	five_utr_intronic_3630	+	17225553	NA	NA	NA	2	1	0.0
chr11	33903434	33913340	five_utr_intronic_3754	+	33910604	NA	NA	NA	1	1	0.0
chr11	33892075	33902188	five_utr_intronic_3752	+	33896895	NA	NA	NA	1	1	0.0
chr11	33892075	33902188	five_utr_intronic_3752	+	33899081	NA	NA	NA	1	1	0.0
chr7	112077339	112086218	five_utr_intronic_20816	+	112086141	NA	NA	NA	2	1	0.0
chr20	489304	508576	five_utr_intronic_13140	+	505304	NA	NA	NA	1	1	0.0
chr7	73704065	73731808	five_utr_intronic_20418	+	73716110	NA	NA	NA	1	1	0.0
chr12	44152820	44161905	five_utr_intronic_5365	+	44154005	NA	AGTAAA	11	1	1	0.0
chrX	48380640	48382085	five_utr_intronic_23494	+	48380677	NA	NA	NA	1	1	0.0
chrX	48380640	48382085	five_utr_intronic_23494	+	48381124	NA	NA	NA	1	1	0.0
chrX	48380640	48382085	five_utr_intronic_23494	+	48381437	NA	NA	NA	1	1	0.0
chrX	48380640	48382085	five_utr_intronic_23494	+	48381893	NA	NA	NA	1	1	0.0
chrX	48380640	48382085	five_utr_intronic_23494	+	48382085	NA	AATAAA AATAGA	27 5	4	1	0.0
chr12	120907908	120925113	five_utr_intronic_5948	+	120914792	NA	NA	NA	1	1	0.0
chr4	83819215	83820697	five_utr_intronic_16892	+	83819248	NA	TTTAAA	19	1	1	0.0
chr6	32920899	32935921	five_utr_intronic_18992	+	32932637	NA	NA	NA	2	1	0.0
chr1	59008187	59012306	five_utr_intronic_836	+	59008601	NA	AATATA	9	2	1	0.0
chr7	150023099	150025723	five_utr_intronic_21158	+	150024677	NA	NA	NA	1	1	0.0
chr2	220068741	220071505	five_utr_intronic_12958	+	220071437	NA	NA	NA	1	1	0.0
chr7	149412441	149416512	five_utr_intronic_21153	+	149413110	NA	NA	NA	1	1	0.0
chr2	148739650	148778176	five_utr_intronic_12409	+	148742775	NA	AGTAAA	11	1	1	0.0
chr7	150021507	150022929	five_utr_intronic_21157	+	150022808	NA	NA	NA	1	1	0.0
chr5	102595492	102601607	five_utr_intronic_18004	+	102600930	NA	NA	NA	1	1	0.0
chr10	43892794	43903164	five_utr_intronic_2528	+	43893862	NA	NA	NA	1	1	0.0
chr10	43883385	43890076	five_utr_intronic_2525	+	43883386	NA	NA	NA	6	2	1.41421356237
chr5	176515515	176516550	five_utr_intronic_18528	+	176516139	NA	NA	NA	1	1	0.0
chr1	6078895	6086359	five_utr_intronic_92	+	6078986	NA	AATAAA AATAAA CATAAA	14 12 8	1	1	0.0
chr1	6067720	6078694	five_utr_intronic_91	+	6070002	NA	NA	NA	1	1	0.0
chr5	55278640	55290610	five_utr_intronic_17751	+	55285188	NA	AATAAA	5	1	1	0.0
chr13	101322989	101326997	five_utr_intronic_6387	+	101323222	NA	NA	NA	1	1	0.0
chr13	101194042	101231137	five_utr_intronic_6384	+	101229670	NA	NA	NA	1	1	0.0
chr1	214776991	214778812	five_utr_intronic_2061	+	214777186	NA	AAGAAA	6	1	1	0.0
chr7	32530475	32534602	five_utr_intronic_20166	+	32532083	NA	NA	NA	1	1	0.0
chr7	32530475	32534602	five_utr_intronic_20166	+	32532149	NA	NA	NA	1	1	0.0
chr7	32530475	32534602	five_utr_intronic_20166	+	32533864	NA	AAGAAA	5	2	1	0.0
chr12	116997239	117013645	five_utr_intronic_5924	+	117000144	NA	AATAAA CATAAA	22 4	1	1	0.0
chr18	2982871	3011715	five_utr_intronic_9910	+	3000092	NA	NA	NA	1	1	0.0
chr11	93497915	93517392	five_utr_intronic_4526	+	93513962	NA	NA	NA	1	1	0.0
chr3	49796089	49812717	five_utr_intronic_15207	+	49804237	NA	NA	NA	1	1	0.0
chr3	49813047	49822912	five_utr_intronic_15208	+	49820814	NA	NA	NA	1	1	0.0
chr17	68071532	68096797	five_utr_intronic_9665	+	68075165	NA	NA	NA	1	1	0.0
chr17	68071532	68096797	five_utr_intronic_9665	+	68082698	NA	AATAAA	13	1	1	0.0
chr17	68101216	68104441	five_utr_intronic_9667	+	68104431	NA	ATTAAA AAGAAA AAGAAA	26 4 18	1	1	0.0
chr6	97247762	97279656	five_utr_intronic_19553	+	97274287	NA	NA	NA	1	1	0.0
chr15	59280268	59323001	five_utr_intronic_7375	+	59288611	NA	NA	NA	1	1	0.0
chr20	25829585	25843695	five_utr_intronic_13330	+	25834256	NA	NA	NA	2	1	0.0
chr11	118802186	118821912	five_utr_intronic_4687	+	118809206	NA	NA	NA	1	1	0.0
chr1	36790484	36793319	five_utr_intronic_533	+	36791850	NA	AAGAAA AAGAAA	13 21	1	1	0.0
chr20	46130764	46199678	five_utr_intronic_13599	+	46144471	NA	NA	NA	1	1	0.0
chr12	46765163	46766290	five_utr_intronic_5380	+	46766290	NA	NA	NA	1	1	0.0
chr11	120895000	120905949	five_utr_intronic_4737	+	120901651	NA	AATAAA	33	1	1	0.0
chr11	120895000	120905949	five_utr_intronic_4737	+	120905125	NA	NA	NA	1	1	0.0
chr4	141206422	141212543	five_utr_intronic_17174	+	141207463	NA	GATAAA	5	1	1	0.0
chr14	24781259	24782312	five_utr_intronic_6590	+	24782217	NA	NA	NA	1	1	0.0
chr21	38739931	38782871	five_utr_intronic_13920	+	38741818	NA	AATAAA TATAAA CATAAA	8 4 27	1	1	0.0
chr3	49514338	49524660	five_utr_intronic_15195	+	49515396	NA	NA	NA	1	1	0.0
chr10	1095582	1102343	five_utr_intronic_2296	+	1096163	NA	ATTAAA	6	2	1	0.0
chr10	970374	977366	five_utr_intronic_2291	+	974764	NA	NA	NA	1	1	0.0
chr10	970374	977366	five_utr_intronic_2291	+	975478	NA	NA	NA	2	2	1.58113883008
chr10	970374	977366	five_utr_intronic_2291	+	975548	NA	NA	NA	1	1	0.0
chr10	4828953	4867153	five_utr_intronic_2299	+	4866617	NA	AAGAAA	11	1	1	0.0
chr10	1102908	1118054	five_utr_intronic_2298	+	1112305	NA	NA	NA	1	1	0.0
chr15	80207598	80215506	five_utr_intronic_7560	+	80212537	NA	NA	NA	1	1	0.0
chr8	102213972	102214560	five_utr_intronic_22081	+	102213973	NA	NA	NA	1	1	0.0
chr16	586143	596815	five_utr_intronic_7744	+	588315	NA	NA	NA	2	1	0.0
chr16	586143	596815	five_utr_intronic_7744	+	588367	NA	NA	NA	1	1	0.0
chr16	586143	596815	five_utr_intronic_7744	+	589861	NA	AATAAA	18	1	1	0.0
chr16	610662	613254	five_utr_intronic_7745	+	613120	NA	NA	NA	1	1	0.0
chr22	38747004	38756403	five_utr_intronic_14447	+	38750871	NA	AGTAAA TTTAAA TTTAAA	7 28 6	1	1	0.0
chr22	38747004	38756403	five_utr_intronic_14447	+	38753497	NA	NA	NA	2	1	0.0
chr2	206928408	206949328	five_utr_intronic_12853	+	206943373	NA	TTTAAA TTTAAA	23 11	1	1	0.0
chr3	138497652	138515304	five_utr_intronic_15855	+	138512458	NA	NA	NA	1	1	0.0
chr7	24940524	24945753	five_utr_intronic_20100	+	24944847	NA	NA	NA	2	1	0.0
chr7	24957712	25019504	five_utr_intronic_20102	+	24987304	NA	AATAAA	6	1	1	0.0
chr7	24957712	25019504	five_utr_intronic_20102	+	25011983	NA	NA	NA	1	1	0.0
chr17	73038755	73043018	five_utr_intronic_9689	+	73039478	NA	NA	NA	2	1	0.0
chr1	112229305	112233954	five_utr_intronic_1249	+	112231889	NA	NA	NA	1	1	0.0
chr1	9741193	9747392	five_utr_intronic_155	+	9743175	NA	NA	NA	1	1	0.0
chr5	139030751	139039139	five_utr_intronic_18222	+	139031682	NA	AAGAAA	5	1	1	0.0
chr5	139030751	139039139	five_utr_intronic_18222	+	139033846	NA	NA	NA	2	2	0.707106781187
chr12	112757547	112819754	five_utr_intronic_5905	+	112811758	NA	NA	NA	1	1	0.0
chr12	112124178	112130499	five_utr_intronic_5903	+	112126611	NA	NA	NA	1	1	0.0
chr9	131314976	131315359	five_utr_intronic_23108	+	131315352	NA	NA	NA	1	1	0.0
chr7	111172641	111201905	five_utr_intronic_20812	+	111178641	NA	NA	NA	1	1	0.0
chr7	111172641	111201905	five_utr_intronic_20812	+	111178946	NA	NA	NA	1	1	0.0
chr7	111172641	111201905	five_utr_intronic_20812	+	111187852	NA	NA	NA	1	1	0.0
chr7	108210548	108212158	five_utr_intronic_20810	+	108210864	NA	NA	NA	1	1	0.0
chr3	128445203	128467380	five_utr_intronic_15742	+	128456856	NA	NA	NA	1	1	0.0
chr6	118978284	118985573	five_utr_intronic_19683	+	118983694	NA	NA	NA	1	1	0.0
chr6	118985684	119031197	five_utr_intronic_19684	+	119011152	NA	NA	NA	1	1	0.0
chr15	55562592	55581912	five_utr_intronic_7359	+	55579187	NA	NA	NA	1	1	0.0
chr15	55562592	55581912	five_utr_intronic_7359	+	55581048	NA	NA	NA	2	1	0.0
chr15	55527155	55562361	five_utr_intronic_7358	+	55551512	NA	AAGAAA AATAAA TATAAA	18 34 29	1	1	0.0
chr15	55527155	55562361	five_utr_intronic_7358	+	55554849	NA	AAGAAA	18	1	1	0.0
chr15	55527155	55562361	five_utr_intronic_7358	+	55560369	NA	NA	NA	1	1	0.0
chr4	56376233	56406668	five_utr_intronic_16753	+	56385950	NA	NA	NA	1	1	0.0
chr4	56376233	56406668	five_utr_intronic_16753	+	56405420	NA	NA	NA	1	1	0.0
chr4	56376233	56406668	five_utr_intronic_16753	+	56406252	NA	NA	NA	1	1	0.0
chr20	62540472	62550732	five_utr_intronic_13715	+	62544378	NA	AATACA	21	1	1	0.0
chr20	62526677	62540307	five_utr_intronic_13714	+	62534569	NA	NA	NA	2	2	3.0
chr22	45560836	45561745	five_utr_intronic_14592	+	45561020	NA	NA	NA	1	1	0.0
chr12	56374793	56380651	five_utr_intronic_5594	+	56379471	NA	NA	NA	1	1	0.0
chr12	56374793	56380651	five_utr_intronic_5594	+	56379741	NA	AATGAA AATACA	8 6	1	1	0.0
chr6	5261894	5291290	five_utr_intronic_18687	+	5262051	NA	AATAAA CATAAA	21 29	1	1	0.0
chr1	182027209	182030701	five_utr_intronic_1839	+	182028939	NA	NA	NA	1	1	0.0
chr1	179838333	179842840	five_utr_intronic_1830	+	179842119	NA	ATTAAA	31	1	1	0.0
chr1	1771121	1821802	five_utr_intronic_55	+	1813866	NA	NA	NA	1	1	0.0
chr3	176782810	176796419	five_utr_intronic_16147	+	176788399	NA	NA	NA	1	1	0.0
chr3	176782810	176796419	five_utr_intronic_16147	+	176796049	NA	AATATA TTTAAA AATATA TTTAAA	21 29 11 5	1	1	0.0
chr3	176797733	176804752	five_utr_intronic_16149	+	176801583	NA	NA	NA	1	1	0.0
chr2	208394858	208399325	five_utr_intronic_12870	+	208395545	NA	AATAAA	22	1	1	0.0
chr13	46743879	46756244	five_utr_intronic_6259	+	46748917	NA	NA	NA	1	1	0.0
chr1	111422954	111434012	five_utr_intronic_1222	+	111432210	NA	AATAAA AATAAA AATAAA AATAAA	8 16 24 32	1	1	0.0
chr7	106810575	106813901	five_utr_intronic_20788	+	106812144	NA	AATAGA	2	1	1	0.0
chr1	8934977	8935846	five_utr_intronic_130	+	8935291	NA	NA	NA	1	1	0.0
chr18	19164402	19180582	five_utr_intronic_9954	+	19176200	NA	NA	NA	1	1	0.0
chr19	37571291	37579939	five_utr_intronic_10738	+	37578566	NA	NA	NA	1	1	0.0
chr6	146276491	146284866	five_utr_intronic_19808	+	146277665	NA	NA	NA	1	1	0.0
chrX	101976020	102000906	five_utr_intronic_23786	+	101992071	NA	AAGAAA	17	1	1	0.0
chr15	51547958	51604423	five_utr_intronic_7333	+	51573850	NA	NA	NA	2	1	0.0
chr5	179107975	179121197	five_utr_intronic_18605	+	179111059	NA	AATAAA	11	1	1	0.0
chr10	98667088	98667423	five_utr_intronic_2929	+	98667423	NA	CATAAA	25	1	1	0.0
chr16	11876408	11890978	five_utr_intronic_8120	+	11890656	NA	NA	NA	2	1	0.0
chr19	18668759	18671229	five_utr_intronic_10573	+	18668826	NA	NA	NA	1	1	0.0
chr19	18668759	18671229	five_utr_intronic_10573	+	18669551	NA	AATAAA AAGAAA	10 31	1	1	0.0
chr16	57209602	57219731	five_utr_intronic_8432	+	57214512	NA	AATAGA	10	1	1	0.0
chr16	57209602	57219731	five_utr_intronic_8432	+	57218326	NA	AATACA	32	1	1	0.0
chr11	3803376	3818628	five_utr_intronic_3323	+	3810244	NA	NA	NA	1	1	0.0
chr1	174169368	174188261	five_utr_intronic_1784	+	174174838	NA	AATAAA AAGAAA	27 31	1	1	0.0
chr1	174129142	174169266	five_utr_intronic_1783	+	174133213	NA	NA	NA	1	1	0.0
chr1	174129142	174169266	five_utr_intronic_1783	+	174134538	NA	NA	NA	1	1	0.0
chr1	173978499	173984991	five_utr_intronic_1780	+	173981923	NA	NA	NA	1	1	0.0
chr16	717829	718085	five_utr_intronic_7836	+	717832	NA	NA	NA	5	2	2.96647939484
chr7	134332011	134343099	five_utr_intronic_20980	+	134332975	NA	NA	NA	2	1	0.0
chr1	75196104	75198450	five_utr_intronic_932	+	75197698	NA	NA	NA	1	1	0.0
chr5	43603396	43609244	five_utr_intronic_17732	+	43607108	NA	NA	NA	1	1	0.0
chr1	76048240	76076723	five_utr_intronic_938	+	76054431	NA	NA	NA	1	1	0.0
chr1	78446986	78458437	five_utr_intronic_953	+	78458431	NA	AATAAA	11	1	1	0.0
chr3	71355166	71378931	five_utr_intronic_15387	+	71370220	NA	TATAAA	14	1	1	0.0
chr10	35363216	35378823	five_utr_intronic_2492	+	35366196	NA	AATGAA	1	1	1	0.0
chr3	171764737	171830240	five_utr_intronic_16123	+	171796993	NA	NA	NA	1	1	0.0
chr2	201987470	201994051	five_utr_intronic_12811	+	201992429	NA	NA	NA	1	1	0.0
chr2	201983900	201987199	five_utr_intronic_12810	+	201983902	NA	NA	NA	2	2	1.0
chr2	201983900	201987199	five_utr_intronic_12810	+	201985471	NA	NA	NA	1	1	0.0
chr22	19808899	19833660	five_utr_intronic_14149	+	19831914	NA	NA	NA	1	1	0.0
chr14	23380613	23388206	five_utr_intronic_6499	+	23387610	NA	NA	NA	1	1	0.0
chr13	47367580	47371238	five_utr_intronic_6274	+	47368264	NA	NA	NA	1	1	0.0
chr1	28832597	28832862	five_utr_intronic_444	+	28832730	NA	AATAAA AGTAAA	20 16	2	2	1.0
chr1	28832597	28832862	five_utr_intronic_444	+	28832780	NA	NA	NA	4	4	3.2403703492
chr1	28837404	28843236	five_utr_intronic_447	+	28837405	NA	NA	NA	1	1	0.0
chr1	28837404	28843236	five_utr_intronic_447	+	28838771	NA	NA	NA	1	1	0.0
chr1	28837404	28843236	five_utr_intronic_447	+	28839599	NA	NA	NA	1	1	0.0
chr1	28837404	28843236	five_utr_intronic_447	+	28839658	NA	NA	NA	1	1	0.0
chr17	43128978	43138254	five_utr_intronic_9425	+	43130012	NA	NA	NA	1	1	0.0
chr17	43112368	43128920	five_utr_intronic_9424	+	43113827	NA	NA	NA	1	1	0.0
chr17	43013728	43024994	five_utr_intronic_9423	+	43021095	NA	AATAAA AAGAAA AATAGA	6 25 30	1	1	0.0
chr17	43013728	43024994	five_utr_intronic_9423	+	43021625	NA	AAGAAA	5	1	1	0.0
chr3	88107373	88107964	five_utr_intronic_15419	+	88107514	NA	TATAAA	22	1	1	0.0
chr3	88107373	88107964	five_utr_intronic_15419	+	88107770	NA	NA	NA	1	1	0.0
chr19	38397999	38422983	five_utr_intronic_10788	+	38398385	NA	AATAAA AATATA	9 4	1	1	0.0
chr5	88179302	88180305	five_utr_intronic_17947	+	88179842	NA	ACTAAA	34	1	1	0.0
chr5	88135440	88173754	five_utr_intronic_17944	+	88137392	NA	AAGAAA ACTAAA	5 6	1	1	0.0
chr5	88135440	88173754	five_utr_intronic_17944	+	88156325	NA	NA	NA	3	1	0.0
chr1	33286200	33290497	five_utr_intronic_485	+	33286837	NA	NA	NA	1	1	0.0
chr6	90718576	90798678	five_utr_intronic_19538	+	90780918	NA	NA	NA	1	1	0.0
chr10	16479489	16511322	five_utr_intronic_2381	+	16479489	NA	NA	NA	1	1	0.0
chr10	16479489	16511322	five_utr_intronic_2381	+	16480248	NA	NA	NA	1	1	0.0
chr2	159314843	159389690	five_utr_intronic_12480	+	159315920	NA	AAGAAA	14	1	1	0.0
chr2	159314843	159389690	five_utr_intronic_12480	+	159318357	NA	NA	NA	1	1	0.0
chr2	159314843	159389690	five_utr_intronic_12480	+	159373122	NA	AAGAAA	16	1	1	0.0
chr20	17949785	17950442	five_utr_intronic_13284	+	17949785	NA	NA	NA	1	1	0.0
chr12	133614555	133615460	five_utr_intronic_6068	+	133615460	NA	TATAAA CATAAA	7 20	1	1	0.0
chr22	46973187	46999594	five_utr_intronic_14624	+	46995233	NA	NA	NA	1	1	0.0
chr14	55518522	55528396	five_utr_intronic_6682	+	55526293	NA	NA	NA	1	1	0.0
chr10	99497082	99498233	five_utr_intronic_2943	+	99498057	NA	CATAAA CATAAA ACTAAA	13 26 4	1	1	0.0
chr10	100205170	100206562	five_utr_intronic_2948	+	100205325	NA	NA	NA	1	1	0.0
chr2	27265417	27272550	five_utr_intronic_11676	+	27267515	NA	NA	NA	1	1	0.0
chr4	2846561	2854860	five_utr_intronic_16483	+	2849074	NA	NA	NA	1	1	0.0
chr11	65407766	65408271	five_utr_intronic_4139	+	65408271	NA	NA	NA	1	1	0.0
chr16	58652668	58663630	five_utr_intronic_8459	+	58654489	NA	NA	NA	1	1	0.0
chr16	58652668	58663630	five_utr_intronic_8459	+	58657095	NA	NA	NA	2	1	0.0
chr16	58652668	58663630	five_utr_intronic_8459	+	58659686	NA	NA	NA	1	1	0.0
chr16	58652668	58663630	five_utr_intronic_8459	+	58663072	NA	NA	NA	1	1	0.0
chr11	3003029	3004975	five_utr_intronic_3305	+	3004823	NA	NA	NA	1	1	0.0
chr11	3005043	3009306	five_utr_intronic_3306	+	3005848	NA	NA	NA	1	1	0.0
chrX	13722022	13726838	five_utr_intronic_23330	+	13726383	NA	NA	NA	2	1	0.0
chr3	44771507	44772966	five_utr_intronic_15029	+	44772044	NA	AATAAA	13	1	1	0.0
chr1	52042929	52060538	five_utr_intronic_745	+	52044973	NA	AATAAA	13	2	2	8.0
chr6	42714762	42749575	five_utr_intronic_19255	+	42726401	NA	NA	NA	1	1	0.0
chr22	18121652	18124171	five_utr_intronic_14122	+	18123468	NA	NA	NA	1	1	0.0
chr22	18121652	18124171	five_utr_intronic_14122	+	18123675	NA	AATAAA TATAAA AATATA	34 23 9	1	1	0.0
chr22	20020743	20024281	five_utr_intronic_14161	+	20023889	NA	ATTAAA	15	1	1	0.0
chr22	20068208	20073208	five_utr_intronic_14163	+	20068696	NA	NA	NA	1	1	0.0
chr22	20068208	20073208	five_utr_intronic_14163	+	20069530	NA	AGTAAA	28	1	1	0.0
chr22	20068208	20073208	five_utr_intronic_14163	+	20070827	NA	AAGAAA	24	2	2	0.707106781187
chr22	20068208	20073208	five_utr_intronic_14163	+	20071553	NA	NA	NA	1	1	0.0
chr19	41870078	41882128	five_utr_intronic_10881	+	41870833	NA	NA	NA	1	1	0.0
chr19	41870078	41882128	five_utr_intronic_10881	+	41878838	NA	NA	NA	1	1	0.0
chr19	41870078	41882128	five_utr_intronic_10881	+	41881553	NA	ATTAAA	1	1	1	0.0
chr1	91447928	91486004	five_utr_intronic_1081	+	91455100	NA	AATATA	18	1	1	0.0
chr1	91447928	91486004	five_utr_intronic_1081	+	91485991	NA	NA	NA	1	1	0.0
chr19	6047515	6110402	five_utr_intronic_10260	+	6109348	NA	NA	NA	1	1	0.0
chrX	40005882	40036258	five_utr_intronic_23437	+	40020701	NA	NA	NA	1	1	0.0
chrX	39956656	40005720	five_utr_intronic_23436	+	39959978	NA	AAGAAA	25	1	1	0.0
chrX	39956656	40005720	five_utr_intronic_23436	+	40004058	NA	NA	NA	1	1	0.0
chrX	38661045	38662985	five_utr_intronic_23433	+	38661834	NA	AATGAA	13	2	2	7.0
chr12	76881399	76953175	five_utr_intronic_5746	+	76930544	NA	NA	NA	1	1	0.0
chr12	76881399	76953175	five_utr_intronic_5746	+	76932795	NA	AATAAA	28	1	1	0.0
chr12	76881399	76953175	five_utr_intronic_5746	+	76947345	NA	NA	NA	1	1	0.0
chr1	156612067	156615837	five_utr_intronic_1623	+	156613520	NA	NA	NA	1	1	0.0
chr1	156612067	156615837	five_utr_intronic_1623	+	156615576	NA	NA	NA	1	1	0.0
chr5	159824522	159826644	five_utr_intronic_18429	+	159825268	NA	NA	NA	1	1	0.0
chr5	154239433	154242766	five_utr_intronic_18398	+	154241808	NA	AGTAAA TTTAAA ATTAAA CATAAA TTTAAA	22 16 31 26 18	2	1	0.0
chr5	153418868	153429116	five_utr_intronic_18390	+	153424501	NA	AATAAA AGTAAA TTTAAA ATTAAA AAGAAA TTTAAA	15 5 33 22 9 1	1	1	0.0
chr15	91413171	91418810	five_utr_intronic_7662	+	91417591	NA	NA	NA	1	1	0.0
chr5	162864811	162866196	five_utr_intronic_18450	+	162864885	NA	NA	NA	1	1	0.0
chr12	131002463	131112860	five_utr_intronic_6044	+	131037653	NA	NA	NA	1	1	0.0
chr20	62708308	62710646	five_utr_intronic_13779	+	62710371	NA	NA	NA	1	1	0.0
chr12	53846160	53848508	five_utr_intronic_5531	+	53846160	NA	NA	NA	1	1	0.0
chr12	53846160	53848508	five_utr_intronic_5531	+	53846723	NA	AAGAAA	23	1	1	0.0
chr1	151033030	151039607	five_utr_intronic_1438	+	151038763	NA	NA	NA	1	1	0.0
chr16	67190572	67193739	five_utr_intronic_8473	+	67192529	NA	AATAAA AAGAAA AATACA	13 8 2	1	1	0.0
chr16	66914544	66918132	five_utr_intronic_8470	+	66916814	NA	NA	NA	1	1	0.0
chr3	43694532	43730802	five_utr_intronic_15009	+	43712682	NA	TTTAAA TTTAAA	18 16	1	1	0.0
chr3	43694532	43730802	five_utr_intronic_15009	+	43730623	NA	NA	NA	1	1	0.0
chr3	60842277	61027717	five_utr_intronic_15348	+	61014503	NA	NA	NA	1	1	0.0
chr3	61027772	61151247	five_utr_intronic_15349	+	61135782	NA	NA	NA	1	1	0.0
chr6	30582379	30584005	five_utr_intronic_18891	+	30583078	NA	NA	NA	1	1	0.0
chr8	95906878	95907404	five_utr_intronic_22006	+	95907115	NA	AAGAAA	5	1	1	0.0
chr11	126084373	126099118	five_utr_intronic_4809	+	126088041	NA	ATTAAA AAGAAA	9 2	1	1	0.0
chr19	59086956	59092611	five_utr_intronic_11460	+	59088718	NA	NA	NA	1	1	0.0
chr5	133970635	133983804	five_utr_intronic_18144	+	133983565	NA	AATGAA	0	1	1	0.0
chr3	24270492	24338716	five_utr_intronic_14839	+	24295821	NA	NA	NA	1	1	0.0
chr8	56676539	56685534	five_utr_intronic_21722	+	56681826	NA	NA	NA	1	1	0.0
chr8	56822036	56852792	five_utr_intronic_21729	+	56829803	NA	NA	NA	1	1	0.0
chr8	56822036	56852792	five_utr_intronic_21729	+	56834131	NA	NA	NA	1	1	0.0
chr20	2847378	2854065	five_utr_intronic_13181	+	2847380	NA	NA	NA	2	1	0.0
chr4	153333025	153456091	five_utr_intronic_17257	+	153441553	NA	NA	NA	1	1	0.0
chr19	3600716	3606526	five_utr_intronic_10202	+	3601363	NA	NA	NA	2	1	0.0
chr2	211020026	211034945	five_utr_intronic_12895	+	211029901	NA	AGTAAA	1	1	1	0.0
chr17	5017672	5019732	five_utr_intronic_8801	+	5017676	NA	NA	NA	3	1	0.0
chr17	45928559	45933018	five_utr_intronic_9464	+	45932096	NA	NA	NA	1	1	0.0
chr2	17927219	17934244	five_utr_intronic_11557	+	17932523	NA	NA	NA	1	1	0.0
chr1	156060888	156063499	five_utr_intronic_1600	+	156062742	NA	CATAAA	17	1	1	0.0
chr9	91004325	91025797	five_utr_intronic_22760	+	91012617	NA	NA	NA	1	1	0.0
chr9	127626387	127630705	five_utr_intronic_23015	+	127628318	NA	NA	NA	1	1	0.0
chr9	127626387	127630705	five_utr_intronic_23015	+	127630162	NA	NA	NA	1	1	0.0
chr5	78910986	78913352	five_utr_intronic_17897	+	78912197	NA	NA	NA	1	1	0.0
chr20	44566225	44567618	five_utr_intronic_13574	+	44566508	NA	AATAAA	22	1	1	0.0
chr20	44987597	44991724	five_utr_intronic_13578	+	44990069	NA	NA	NA	1	1	0.0
chr21	16346638	16364554	five_utr_intronic_13799	+	16355107	NA	AATAGA	13	1	1	0.0
chr20	62887224	62891293	five_utr_intronic_13790	+	62890810	NA	NA	NA	1	1	0.0
chr1	246730091	246754812	five_utr_intronic_2234	+	246744063	NA	AAGAAA AAGAAA	8 18	1	1	0.0
chr1	246730091	246754812	five_utr_intronic_2234	+	246748087	NA	TTTAAA TTTAAA	4 30	1	1	0.0
chr17	76268049	76274523	five_utr_intronic_9813	+	76270084	NA	NA	NA	1	1	0.0
chr17	76268049	76274523	five_utr_intronic_9813	+	76272283	NA	NA	NA	3	1	0.0
chr1	151414954	151423385	five_utr_intronic_1452	+	151416191	NA	NA	NA	1	1	0.0
chr1	151414954	151423385	five_utr_intronic_1452	+	151418043	NA	AAGAAA AAGAAA AAGAAA	9 17 32	1	1	0.0
chr19	17517106	17523905	five_utr_intronic_10545	+	17522605	NA	NA	NA	1	1	0.0
chr5	61709270	61714710	five_utr_intronic_17790	+	61712563	NA	AATAAA	5	1	1	0.0
chr8	96146559	96166257	five_utr_intronic_22025	+	96163665	NA	NA	NA	1	1	0.0
chr3	107245597	107318159	five_utr_intronic_15499	+	107267518	NA	AAGAAA	17	1	1	0.0
chr3	17747725	17780834	five_utr_intronic_14813	+	17757542	NA	NA	NA	1	1	0.0
chr2	128556572	128568322	five_utr_intronic_12306	+	128558679	NA	NA	NA	1	1	0.0
chr13	115080119	115086583	five_utr_intronic_6430	+	115083121	NA	AAGAAA	23	1	1	0.0
chr14	20786133	20786414	five_utr_intronic_6435	+	20786133	NA	NA	NA	1	1	0.0
chr19	45582636	45583164	five_utr_intronic_10955	+	45583103	NA	NA	NA	1	1	0.0
chr19	4818529	4831624	five_utr_intronic_10224	+	4823993	NA	NA	NA	1	1	0.0
chr10	22609235	22610005	five_utr_intronic_2394	+	22609237	NA	NA	NA	1	1	0.0
chr10	22611099	22614574	five_utr_intronic_2396	+	22613241	NA	NA	NA	1	1	0.0
chr17	68104522	68124209	five_utr_intronic_9668	+	68120546	NA	NA	NA	1	1	0.0
chr12	15408757	15475330	five_utr_intronic_5160	+	15463960	NA	AAGAAA	7	1	1	0.0
chr16	70316688	70323322	five_utr_intronic_8536	+	70317904	NA	NA	NA	1	1	0.0
chr16	70148833	70154363	five_utr_intronic_8533	+	70153183	NA	AAGAAA	7	1	1	0.0
chr1	160213825	160231074	five_utr_intronic_1669	+	160229342	NA	NA	NA	2	1	0.0
chr10	126776888	126789155	five_utr_intronic_3137	+	126779283	NA	NA	NA	1	1	0.0
chr15	89631795	89645671	five_utr_intronic_7621	+	89643533	NA	NA	NA	1	1	0.0
chr2	201755308	201756458	five_utr_intronic_12794	+	201755403	NA	AGTAAA	34	1	1	0.0
chr12	54865062	54867328	five_utr_intronic_5571	+	54865662	NA	NA	NA	3	1	0.0
chr3	17566186	17588507	five_utr_intronic_14797	+	17588039	NA	NA	NA	1	1	0.0
chr1	21107034	21112678	five_utr_intronic_295	+	21108852	NA	NA	NA	2	2	0.707106781187
chr1	21107034	21112678	five_utr_intronic_295	+	21109970	NA	NA	NA	1	1	0.0
chr1	21107034	21112678	five_utr_intronic_295	+	21110034	NA	NA	NA	1	1	0.0
chr10	88598737	88603162	five_utr_intronic_2875	+	88600333	NA	NA	NA	1	1	0.0
chr1	47776035	47778619	five_utr_intronic_740	+	47778125	NA	NA	NA	1	1	0.0
chr2	70132707	70139826	five_utr_intronic_11968	+	70136591	NA	TATAAA AATACA	15 27	1	1	0.0
chr9	20684687	20694517	five_utr_intronic_22514	+	20691259	NA	NA	NA	1	1	0.0
chr19	53120675	53122188	five_utr_intronic_11218	+	53120753	NA	NA	NA	1	1	0.0
chr19	53120675	53122188	five_utr_intronic_11218	+	53121594	NA	NA	NA	1	1	0.0
chr2	96068740	96071021	five_utr_intronic_12094	+	96070215	NA	NA	NA	1	1	0.0
chr8	66557019	66582105	five_utr_intronic_21768	+	66578119	NA	NA	NA	1	1	0.0
chr8	66557019	66582105	five_utr_intronic_21768	+	66580582	NA	NA	NA	1	1	0.0
chr2	131840231	131850786	five_utr_intronic_12321	+	131847717	NA	NA	NA	1	1	0.0
chr2	131840231	131850786	five_utr_intronic_12321	+	131849488	NA	NA	NA	1	1	0.0
chr2	131865637	131876463	five_utr_intronic_12323	+	131870738	NA	NA	NA	1	1	0.0
chr2	131865637	131876463	five_utr_intronic_12323	+	131875852	NA	NA	NA	1	1	0.0
chr8	66545232	66545953	five_utr_intronic_21766	+	66545232	NA	NA	NA	1	1	0.0
chr8	66539669	66545132	five_utr_intronic_21765	+	66545004	NA	NA	NA	1	1	0.0
chr22	40441592	40502328	five_utr_intronic_14492	+	40481851	NA	NA	NA	2	1	0.0
chr2	37424493	37425636	five_utr_intronic_11779	+	37425516	NA	AATAAA TTTAAA ATTAAA TTTAAA	17 4 9 30	1	1	0.0
chr16	67927275	67942581	five_utr_intronic_8510	+	67937048	NA	AATAAA AAGAAA	18 12	3	2	0.816496580928
chr16	68057770	68059316	five_utr_intronic_8514	+	68058444	NA	ACTAAA	7	1	1	0.0
chr16	68059398	68071907	five_utr_intronic_8515	+	68065530	NA	AATAAA	15	1	1	0.0
chr12	69931763	69955958	five_utr_intronic_5721	+	69948867	NA	AAGAAA	29	1	1	0.0
chr2	10494507	10536959	five_utr_intronic_11519	+	10520290	NA	NA	NA	1	1	0.0
chr9	139560269	139562691	five_utr_intronic_23236	+	139561717	NA	NA	NA	1	1	0.0
chr9	139560269	139562691	five_utr_intronic_23236	+	139561798	NA	NA	NA	1	1	0.0
chr9	139560269	139562691	five_utr_intronic_23236	+	139561886	NA	NA	NA	1	1	0.0
chr9	139560269	139562691	five_utr_intronic_23236	+	139562239	NA	NA	NA	1	1	0.0
chr9	139560269	139562691	five_utr_intronic_23236	+	139562581	NA	NA	NA	1	1	0.0
chr9	139558075	139559143	five_utr_intronic_23234	+	139559103	NA	NA	NA	1	1	0.0
chr6	43465716	43466660	five_utr_intronic_19315	+	43466067	NA	NA	NA	1	1	0.0
chr20	3827551	3835203	five_utr_intronic_13202	+	3832605	NA	NA	NA	1	1	0.0
chr20	3827551	3835203	five_utr_intronic_13202	+	3835016	NA	NA	NA	1	1	0.0
chr20	3955047	3995791	five_utr_intronic_13207	+	3964588	NA	NA	NA	1	1	0.0
chr20	3955047	3995791	five_utr_intronic_13207	+	3965362	NA	NA	NA	2	1	0.0
chr20	3955047	3995791	five_utr_intronic_13207	+	3974275	NA	NA	NA	1	1	0.0
chr20	3955047	3995791	five_utr_intronic_13207	+	3983096	NA	AAGAAA	23	2	1	0.0
chr20	3955047	3995791	five_utr_intronic_13207	+	3993005	NA	NA	NA	1	1	0.0
chr10	50507499	50524188	five_utr_intronic_2609	+	50509021	NA	NA	NA	1	1	0.0
chr10	49534008	49609653	five_utr_intronic_2605	+	49607768	NA	AATATA	26	1	1	0.0
chr1	249139862	249141250	five_utr_intronic_2276	+	249140179	NA	NA	NA	1	1	0.0
chr12	54411198	54422193	five_utr_intronic_5555	+	54420671	NA	NA	NA	1	1	0.0
chr21	44492312	44493374	five_utr_intronic_14000	+	44492312	NA	NA	NA	2	1	0.0
chr21	44493618	44495216	five_utr_intronic_14001	+	44493624	NA	NA	NA	1	1	0.0
chr17	57777553	57784730	five_utr_intronic_9587	+	57782227	NA	NA	NA	1	1	0.0
chr13	74569193	74708107	five_utr_intronic_6353	+	74624785	NA	NA	NA	1	1	0.0
chr17	17588364	17627340	five_utr_intronic_8981	+	17591286	NA	NA	NA	1	1	0.0
chr19	19174925	19206898	five_utr_intronic_10588	+	19193008	NA	NA	NA	2	1	0.0
chr7	43690311	43695631	five_utr_intronic_20248	+	43691238	NA	NA	NA	1	1	0.0
chr7	43690311	43695631	five_utr_intronic_20248	+	43691536	NA	NA	NA	1	1	0.0
chr2	73961718	73964427	five_utr_intronic_11984	+	73964410	NA	NA	NA	1	1	0.0
chr21	34144631	34157085	five_utr_intronic_13851	+	34155574	NA	GATAAA AATAGA	26 30	1	1	0.0
chr19	52550314	52551946	five_utr_intronic_11187	+	52550869	NA	NA	NA	2	1	0.0
chrX	108939425	108970359	five_utr_intronic_23911	+	108962337	NA	AATAAA	24	1	1	0.0
chrX	109246406	109246728	five_utr_intronic_23914	+	109246728	NA	NA	NA	1	1	0.0
chr10	32735559	32740518	five_utr_intronic_2472	+	32735796	NA	NA	NA	1	1	0.0
chr11	130166841	130174534	five_utr_intronic_4863	+	130169472	NA	NA	NA	1	1	0.0
chr11	130197015	130238787	five_utr_intronic_4868	+	130230752	NA	AAGAAA	9	1	1	0.0
chr8	101563941	101566806	five_utr_intronic_22068	+	101565684	NA	NA	NA	1	1	0.0
chr4	38637680	38665796	five_utr_intronic_16633	+	38664194	NA	AAGAAA	7	1	1	0.0
chr16	1918186	1921992	five_utr_intronic_7985	+	1921991	NA	NA	NA	3	2	0.816496580928
chr16	1831497	1832501	five_utr_intronic_7982	+	1831694	NA	AATAAA	17	1	1	0.0
chr5	137356887	137368462	five_utr_intronic_18166	+	137362084	NA	NA	NA	1	1	0.0
chr20	61570176	61572841	five_utr_intronic_13692	+	61570470	NA	NA	NA	1	1	0.0
chr20	61570176	61572841	five_utr_intronic_13692	+	61571788	NA	NA	NA	1	1	0.0
chr20	61557855	61569146	five_utr_intronic_13690	+	61561512	NA	NA	NA	1	1	0.0
chr20	61557855	61569146	five_utr_intronic_13690	+	61563800	NA	AATATA AATATA	15 25	1	1	0.0
chr13	33160731	33222889	five_utr_intronic_6169	+	33185662	NA	NA	NA	1	1	0.0
chr9	137001323	137004913	five_utr_intronic_23218	+	137002790	NA	NA	NA	1	1	0.0
chr9	137001323	137004913	five_utr_intronic_23218	+	137003198	NA	NA	NA	1	1	0.0
chr11	85359134	85361292	five_utr_intronic_4475	+	85360302	NA	AAGAAA	12	1	1	0.0
chr15	64753038	64791490	five_utr_intronic_7400	+	64766721	NA	ATTAAA	6	1	1	0.0
chr6	52238424	52262355	five_utr_intronic_19379	+	52239007	NA	ATTAAA	14	1	1	0.0
chr7	5806570	5814635	five_utr_intronic_19994	+	5810333	NA	NA	NA	1	1	0.0
chr20	10416102	10438822	five_utr_intronic_13262	+	10425480	NA	GATAAA	17	1	1	0.0
chr20	11873191	11890051	five_utr_intronic_13265	+	11884328	NA	NA	NA	1	1	0.0
chr7	142558945	142559757	five_utr_intronic_21081	+	142559651	NA	NA	NA	1	1	0.0
chr3	196294181	196295309	five_utr_intronic_16372	+	196295309	NA	NA	NA	2	1	0.0
chr3	196388875	196433147	five_utr_intronic_16376	+	196431571	NA	NA	NA	1	1	0.0
chr4	175219213	175220220	five_utr_intronic_17392	+	175219217	NA	NA	NA	2	1	0.0
chr11	117198924	117206320	five_utr_intronic_4664	+	117200276	NA	NA	NA	1	1	0.0
chr19	22028309	22033738	five_utr_intronic_10616	+	22033479	NA	NA	NA	1	1	0.0
chr7	77428289	77469446	five_utr_intronic_20485	+	77433598	NA	AATAAA	16	1	1	0.0
chr3	46790142	46795976	five_utr_intronic_15081	+	46794533	NA	NA	NA	1	1	0.0
chr1	154943223	154945768	five_utr_intronic_1567	+	154945347	NA	NA	NA	1	1	0.0
chr4	37586010	37589708	five_utr_intronic_16613	+	37587935	NA	NA	NA	1	1	0.0
chr2	162165297	162172946	five_utr_intronic_12502	+	162172603	NA	NA	NA	1	1	0.0
chr5	130651837	130690343	five_utr_intronic_18101	+	130686657	NA	AATAAA AATAAA	3 13	1	1	0.0
chr20	60758114	60763845	five_utr_intronic_13676	+	60760635	NA	NA	NA	1	1	0.0
chr20	60758114	60763845	five_utr_intronic_13676	+	60761834	NA	NA	NA	3	1	0.0
chr20	60763861	60768471	five_utr_intronic_13677	+	60764638	NA	NA	NA	1	1	0.0
chr2	231578773	231589857	five_utr_intronic_13018	+	231581172	NA	AATACA	17	1	1	0.0
chr2	231578773	231589857	five_utr_intronic_13018	+	231588097	NA	ATTAAA AATGAA	28 33	1	1	0.0
chr10	6557107	6622171	five_utr_intronic_2331	+	6616010	NA	NA	NA	1	1	0.0
chr14	65922436	65934524	five_utr_intronic_6815	+	65930724	NA	NA	NA	1	1	0.0
chr7	7222451	7249057	five_utr_intronic_20016	+	7243762	NA	NA	NA	1	1	0.0
chrX	129215514	129244299	five_utr_intronic_24021	+	129235750	NA	NA	NA	2	1	0.0
chrX	129215514	129244299	five_utr_intronic_24021	+	129235822	NA	NA	NA	2	1	0.0
chr7	6618377	6620184	five_utr_intronic_20011	+	6618788	NA	AAGAAA	11	1	1	0.0
chr17	75091068	75099518	five_utr_intronic_9792	+	75091073	NA	NA	NA	2	2	1.0
chr16	22308859	22314250	five_utr_intronic_8228	+	22313191	NA	NA	NA	1	1	0.0
chr16	71490732	71495561	five_utr_intronic_8556	+	71494760	NA	NA	NA	2	2	1.58113883008
chr9	130660291	130661545	five_utr_intronic_23091	+	130660740	NA	AATAAA AAGAAA AAGAAA AAGAAA	3 8 16 25	1	1	0.0
chr3	113466255	113497587	five_utr_intronic_15553	+	113497257	NA	NA	NA	1	1	0.0
chr8	144812768	144815859	five_utr_intronic_22327	+	144813348	NA	NA	NA	1	1	0.0
chr8	144770237	144770831	five_utr_intronic_22325	+	144770431	NA	ATTAAA	15	1	1	0.0
chr8	11723093	11724294	five_utr_intronic_21335	+	11723526	NA	NA	NA	1	1	0.0
chr21	46957923	46961700	five_utr_intronic_14042	+	46959333	NA	NA	NA	1	1	0.0
chr21	46957923	46961700	five_utr_intronic_14042	+	46961476	NA	NA	NA	1	1	0.0
chr11	46140351	46141274	five_utr_intronic_3850	+	46141274	NA	NA	NA	1	1	0.0
chr11	46570601	46612674	five_utr_intronic_3855	+	46596086	NA	AAGAAA	9	1	1	0.0
chr17	49302585	49336502	five_utr_intronic_9547	+	49326399	NA	NA	NA	1	1	0.0
chr14	39565343	39572234	five_utr_intronic_6648	+	39570011	NA	ATTAAA AAGAAA CATAAA	21 30 12	1	1	0.0
chr1	15853454	15855581	five_utr_intronic_233	+	15854872	NA	NA	NA	1	1	0.0
chr1	15853454	15855581	five_utr_intronic_233	+	15854933	NA	NA	NA	1	1	0.0
chr17	41283287	41284615	five_utr_intronic_9329	+	41283661	NA	NA	NA	1	1	0.0
chr1	153800825	153824581	five_utr_intronic_1543	+	153815213	NA	NA	NA	1	1	0.0
chr1	153825890	153863070	five_utr_intronic_1544	+	153829692	NA	NA	NA	1	1	0.0
chr4	10456612	10458757	five_utr_intronic_16552	+	10458206	NA	NA	NA	1	1	0.0
chr6	15245839	15246526	five_utr_intronic_18740	+	15246507	NA	NA	NA	2	1	0.0
chr2	86915449	86947295	five_utr_intronic_12078	+	86929493	NA	NA	NA	1	1	0.0
chr8	67602996	67624652	five_utr_intronic_21780	+	67606515	NA	NA	NA	1	1	0.0
chr3	129587943	129599151	five_utr_intronic_15764	+	129591063	NA	NA	NA	1	1	0.0
chr7	22604771	22611225	five_utr_intronic_20070	+	22605119	NA	NA	NA	1	1	0.0
chr7	22604771	22611225	five_utr_intronic_20070	+	22606539	NA	NA	NA	1	1	0.0
chr7	22613615	22629323	five_utr_intronic_20071	+	22613646	NA	TTTAAA	16	1	1	0.0
chr7	22613615	22629323	five_utr_intronic_20071	+	22629165	NA	ATTAAA	27	1	1	0.0
chr7	22631241	22672427	five_utr_intronic_20073	+	22633802	NA	NA	NA	2	1	0.0
chr7	22631241	22672427	five_utr_intronic_20073	+	22669393	NA	AGTAAA	11	1	1	0.0
chr1	44186222	44192903	five_utr_intronic_685	+	44190964	NA	NA	NA	1	1	0.0
chr11	125464911	125465775	five_utr_intronic_4780	+	125465496	NA	NA	NA	1	1	0.0
chr16	20702578	20708956	five_utr_intronic_8207	+	20704497	NA	NA	NA	1	1	0.0
chr5	150444692	150457963	five_utr_intronic_18355	+	150456304	NA	NA	NA	1	1	0.0
chr19	12112638	12114206	five_utr_intronic_10400	+	12113380	NA	AAGAAA AAGAAA AAGAAA	17 23 29	1	1	0.0
chr17	73775266	73775736	five_utr_intronic_9762	+	73775736	NA	NA	NA	1	1	0.0
chr8	145067583	145086581	five_utr_intronic_22342	+	145067584	NA	NA	NA	1	1	0.0
chr6	53160506	53201740	five_utr_intronic_19404	+	53171328	NA	NA	NA	1	1	0.0
chr12	49335360	49346895	five_utr_intronic_5422	+	49342594	NA	NA	NA	1	1	0.0
chr3	4536191	4558158	five_utr_intronic_14685	+	4542067	NA	NA	NA	1	1	0.0
chr3	4536191	4558158	five_utr_intronic_14685	+	4544308	NA	TATAAA AATATA ACTAAA	9 7 1	1	1	0.0
chr7	75401575	75419033	five_utr_intronic_20442	+	75418487	NA	NA	NA	1	1	0.0
chr17	47714171	47723477	five_utr_intronic_9522	+	47714969	NA	NA	NA	1	1	0.0
chr17	47723992	47745388	five_utr_intronic_9523	+	47744541	NA	AATGAA	23	1	1	0.0
chr21	27107984	27113882	five_utr_intronic_13832	+	27113236	NA	AATAAA	19	1	1	0.0
chr3	186724339	186739642	five_utr_intronic_16268	+	186730046	NA	AGTAAA AATACA	14 18	1	1	0.0
chr7	134837885	134849168	five_utr_intronic_20993	+	134845488	NA	AATGAA	10	1	1	0.0
chr7	39664026	39726228	five_utr_intronic_20229	+	39678295	NA	NA	NA	1	1	0.0
chr1	203775391	203784032	five_utr_intronic_1940	+	203780216	NA	NA	NA	1	1	0.0
chr1	65991501	66031227	five_utr_intronic_864	+	66020635	NA	NA	NA	1	1	0.0
chr10	74842353	74856522	five_utr_intronic_2760	+	74850926	NA	NA	NA	1	1	0.0
chr3	182698723	182703291	five_utr_intronic_16216	+	182698723	NA	NA	NA	1	1	0.0
chr2	46926588	46985656	five_utr_intronic_11846	+	46926629	NA	NA	NA	1	1	0.0
chr14	23470246	23479308	five_utr_intronic_6505	+	23470249	NA	NA	NA	1	1	0.0
chr14	23564829	23566865	five_utr_intronic_6508	+	23565043	NA	NA	NA	2	2	0.707106781187
chr14	23564829	23566865	five_utr_intronic_6508	+	23565796	NA	ACTAAA	11	1	1	0.0
chr11	68582971	68609241	five_utr_intronic_4238	+	68594142	NA	NA	NA	1	1	0.0
chr11	576593	581490	five_utr_intronic_3226	+	577876	NA	NA	NA	2	1	0.0
chr2	20527144	20531477	five_utr_intronic_11597	+	20531328	NA	NA	NA	1	1	0.0
chr2	20532824	20549965	five_utr_intronic_11599	+	20543847	NA	AATAAA AATAAA AGTAAA AGTAAA	5 20 15 30	1	1	0.0
chr2	20532824	20549965	five_utr_intronic_11599	+	20548698	NA	NA	NA	1	1	0.0
chr2	20531698	20532727	five_utr_intronic_11598	+	20531816	NA	TTTAAA TTTAAA	26 8	2	1	0.0
chrX	48939823	48957141	five_utr_intronic_23507	+	48940605	NA	NA	NA	1	1	0.0
chr3	47484792	47507838	five_utr_intronic_15103	+	47488201	NA	NA	NA	1	1	0.0
chr12	1042242	1045972	five_utr_intronic_4900	+	1045901	NA	NA	NA	1	1	0.0
chr4	1894618	1895456	five_utr_intronic_16450	+	1895282	NA	AATACA	34	1	1	0.0
chr8	42744557	42751396	five_utr_intronic_21662	+	42750371	NA	NA	NA	1	1	0.0
chr8	42744557	42751396	five_utr_intronic_21662	+	42750852	NA	ATTAAA	19	1	1	0.0
chr1	198126406	198166908	five_utr_intronic_1886	+	198128428	NA	NA	NA	1	1	0.0
chr1	198126406	198166908	five_utr_intronic_1886	+	198129150	NA	NA	NA	1	1	0.0
chr1	198126406	198166908	five_utr_intronic_1886	+	198137048	NA	NA	NA	1	1	0.0
chr1	198126406	198166908	five_utr_intronic_1886	+	198154390	NA	NA	NA	1	1	0.0
chr3	14990234	15000663	five_utr_intronic_14776	+	14998069	NA	AATAAA AATAAA	7 18	1	1	0.0
chr3	15003999	15045381	five_utr_intronic_14779	+	15012295	NA	NA	NA	1	1	0.0
chr19	40865602	40871459	five_utr_intronic_10851	+	40869885	NA	AATGAA TTTAAA TTTAAA	21 11 23	1	1	0.0
chr19	40865602	40871459	five_utr_intronic_10851	+	40870196	NA	NA	NA	1	1	0.0
chr19	40854675	40865548	five_utr_intronic_10850	+	40860450	NA	AATAAA	4	1	1	0.0
chr3	136456071	136471035	five_utr_intronic_15828	+	136462211	NA	AATGAA	23	1	1	0.0
chr3	136456071	136471035	five_utr_intronic_15828	+	136467257	NA	AATAAA	17	1	1	0.0
chr17	8152658	8157175	five_utr_intronic_8909	+	8152844	NA	NA	NA	1	1	0.0
chr22	22330559	22336596	five_utr_intronic_14190	+	22331923	NA	NA	NA	1	1	0.0
chr22	22848500	22862126	five_utr_intronic_14192	+	22854935	NA	NA	NA	1	1	0.0
chr22	22848500	22862126	five_utr_intronic_14192	+	22855276	NA	NA	NA	1	1	0.0
chr22	22848500	22862126	five_utr_intronic_14192	+	22858688	NA	NA	NA	1	1	0.0
chr22	22848500	22862126	five_utr_intronic_14192	+	22861947	NA	NA	NA	1	1	0.0
chr9	135854229	135862042	five_utr_intronic_23193	+	135858091	NA	AAGAAA	3	1	1	0.0
chrX	123097251	123137316	five_utr_intronic_23992	+	123134747	NA	AATATA	20	3	1	0.0
chr4	25163309	25199089	five_utr_intronic_16598	+	25191774	NA	NA	NA	2	1	0.0
chr4	25163309	25199089	five_utr_intronic_16598	+	25193994	NA	NA	NA	1	1	0.0
chr1	33722256	33736087	five_utr_intronic_491	+	33724576	NA	NA	NA	1	1	0.0
chrX	53681076	53707000	five_utr_intronic_23575	+	53695342	NA	NA	NA	1	1	0.0
chrX	53681076	53707000	five_utr_intronic_23575	+	53698698	NA	NA	NA	1	1	0.0
chr15	42764520	42783176	five_utr_intronic_7277	+	42782369	NA	NA	NA	1	1	0.0
chr15	41952724	41961024	five_utr_intronic_7272	+	41957603	NA	NA	NA	1	1	0.0
chr15	41952724	41961024	five_utr_intronic_7272	+	41958334	NA	NA	NA	1	1	0.0
chr6	36420457	36433377	five_utr_intronic_19077	+	36430495	NA	AATACA	12	1	1	0.0
chr20	29614328	29623127	five_utr_intronic_13347	+	29619158	NA	NA	NA	1	1	0.0
chr12	49765074	49854551	five_utr_intronic_5431	+	49848731	NA	NA	NA	1	1	0.0
chr6	99864304	99872797	five_utr_intronic_19564	+	99870753	NA	NA	NA	1	1	0.0
chr6	99864304	99872797	five_utr_intronic_19564	+	99870989	NA	TATAAA AATATA	21 19	1	1	0.0
chr2	220093415	220093731	five_utr_intronic_12962	+	220093539	NA	NA	NA	1	1	0.0
chr17	39929178	39941198	five_utr_intronic_9261	+	39930604	NA	TATAAA AAGAAA AAGAAA	33 7 15	1	1	0.0
chr17	39929178	39941198	five_utr_intronic_9261	+	39931124	NA	NA	NA	1	1	0.0
chr19	9771550	9785689	five_utr_intronic_10334	+	9781676	NA	NA	NA	1	1	0.0
chr19	9771550	9785689	five_utr_intronic_10334	+	9785138	NA	NA	NA	1	1	0.0
chr19	14294510	14316795	five_utr_intronic_10441	+	14304033	NA	NA	NA	1	1	0.0
chr19	9679759	9695135	five_utr_intronic_10331	+	9680068	NA	NA	NA	1	1	0.0
chr7	156435781	156436483	five_utr_intronic_21227	+	156436288	NA	AATACA	27	1	1	0.0
chr5	75008776	75013129	five_utr_intronic_17870	+	75010678	NA	NA	NA	1	1	0.0
chr8	146173916	146175787	five_utr_intronic_22383	+	146174434	NA	NA	NA	1	1	0.0
chr2	196536444	196544754	five_utr_intronic_12750	+	196543420	NA	NA	NA	1	1	0.0
chr20	33397325	33407104	five_utr_intronic_13405	+	33402957	NA	NA	NA	2	1	0.0
chr17	73901826	73904200	five_utr_intronic_9765	+	73903354	NA	NA	NA	1	1	0.0
chr3	12674333	12705310	five_utr_intronic_14755	+	12693100	NA	NA	NA	1	1	0.0
chr3	12674333	12705310	five_utr_intronic_14755	+	12701817	NA	AATAGA	25	1	1	0.0
chr17	27139453	27161739	five_utr_intronic_9073	+	27158774	NA	NA	NA	1	1	0.0
chr17	27139453	27161739	five_utr_intronic_9073	+	27160700	NA	NA	NA	1	1	0.0
chr16	53088990	53189836	five_utr_intronic_8380	+	53101813	NA	NA	NA	1	1	0.0
chr16	53088990	53189836	five_utr_intronic_8380	+	53114736	NA	NA	NA	1	1	0.0
chr7	72384365	72395659	five_utr_intronic_20404	+	72385871	NA	AATAGA	8	1	1	0.0
chr1	16641931	16678748	five_utr_intronic_252	+	16644418	NA	NA	NA	1	1	0.0
chr1	16641931	16678748	five_utr_intronic_252	+	16646801	NA	NA	NA	1	1	0.0
chr1	16641931	16678748	five_utr_intronic_252	+	16653179	NA	AATACA	33	1	1	0.0
chr7	72361650	72384301	five_utr_intronic_20403	+	72371539	NA	NA	NA	1	1	0.0
chr19	19516828	19538324	five_utr_intronic_10594	+	19518887	NA	NA	NA	1	1	0.0
chr19	50880084	50880842	five_utr_intronic_11124	+	50880683	NA	NA	NA	1	1	0.0
chr19	50868931	50876126	five_utr_intronic_11121	+	50869518	NA	NA	NA	2	1	0.0
chr9	135229143	135230037	five_utr_intronic_23174	+	135229829	NA	NA	NA	2	1	0.0
chr9	135229143	135230037	five_utr_intronic_23174	+	135229883	NA	NA	NA	1	1	0.0
chrX	152940700	152951910	five_utr_intronic_24235	+	152951594	NA	NA	NA	2	1	0.0
chr1	89992545	90015473	five_utr_intronic_1071	+	90004615	NA	AATACA TTTAAA ATTAAA TTTAAA	19 31 18 3	1	1	0.0
chr16	3358836	3361751	five_utr_intronic_8036	+	3360645	NA	NA	NA	1	1	0.0
chr6	107427366	107435083	five_utr_intronic_19588	+	107433767	NA	NA	NA	2	1	0.0
chr6	107350001	107351228	five_utr_intronic_19585	+	107350712	NA	NA	NA	1	1	0.0
chr6	107350001	107351228	five_utr_intronic_19585	+	107350774	NA	NA	NA	1	1	0.0
chr2	148826162	148936267	five_utr_intronic_12416	+	148833824	NA	NA	NA	1	1	0.0
chr2	148782627	148798774	five_utr_intronic_12413	+	148791764	NA	NA	NA	1	1	0.0
chr7	148826037	148844199	five_utr_intronic_21143	+	148827757	NA	TTTAAA AATAAA TTTAAA	20 34 14	1	1	0.0
chr13	21331757	21347995	five_utr_intronic_6097	+	21343016	NA	TATAAA TATAAA	4 32	2	1	0.0
chr11	125054281	125104940	five_utr_intronic_4762	+	125096655	NA	NA	NA	1	1	0.0
chr14	73603931	73614501	five_utr_intronic_6896	+	73611064	NA	NA	NA	1	1	0.0
chr14	73491651	73493632	five_utr_intronic_6890	+	73491686	NA	AATAGA	3	1	1	0.0
chrX	102933579	102939608	five_utr_intronic_23816	+	102934450	NA	NA	NA	1	1	0.0
chr10	44063907	44069084	five_utr_intronic_2532	+	44064459	NA	NA	NA	1	1	0.0
chr4	467956	492843	five_utr_intronic_16410	+	480030	NA	NA	NA	1	1	0.0
chr4	467956	492843	five_utr_intronic_16410	+	491994	NA	NA	NA	1	1	0.0
chr11	31509788	31530999	five_utr_intronic_3724	+	31520939	NA	NA	NA	1	1	0.0
chr13	103453085	103453843	five_utr_intronic_6397	+	103453843	NA	NA	NA	1	1	0.0
chr14	91581565	91591882	five_utr_intronic_6974	+	91589768	NA	NA	NA	1	1	0.0
chr19	39616560	39658866	five_utr_intronic_10814	+	39638537	NA	NA	NA	1	1	0.0
chr12	45568496	45570022	five_utr_intronic_5370	+	45569106	NA	NA	NA	1	1	0.0
chr19	51302789	51305472	five_utr_intronic_11144	+	51304811	NA	NA	NA	1	1	0.0
chr1	115292828	115299397	five_utr_intronic_1276	+	115294261	NA	AATAAA	19	1	1	0.0
chr18	775267	797989	five_utr_intronic_9905	+	775267	NA	NA	NA	1	1	0.0
chr18	775267	797989	five_utr_intronic_9905	+	778995	NA	AAGAAA	14	1	1	0.0
chr18	775267	797989	five_utr_intronic_9905	+	789589	NA	NA	NA	1	1	0.0
chr18	775267	797989	five_utr_intronic_9905	+	795784	NA	NA	NA	1	1	0.0
chr18	798136	812113	five_utr_intronic_9906	+	799905	NA	NA	NA	1	1	0.0
chr18	798136	812113	five_utr_intronic_9906	+	804314	NA	AATAAA	1	2	1	0.0
chr7	112425008	112428508	five_utr_intronic_20825	+	112428379	NA	AATATA	13	1	1	0.0
chr8	142402674	142431486	five_utr_intronic_22282	+	142410524	NA	AATGAA	8	1	1	0.0
chr19	58881296	58892306	five_utr_intronic_11451	+	58891779	NA	AAGAAA	32	1	1	0.0
chr3	52737944	52738739	five_utr_intronic_15276	+	52738432	NA	NA	NA	1	1	0.0
chr6	35227618	35238188	five_utr_intronic_19034	+	35230721	NA	NA	NA	1	1	0.0
chr3	24500925	24535577	five_utr_intronic_14847	+	24523276	NA	AATAAA	3	2	2	3.0
chr3	24500925	24535577	five_utr_intronic_14847	+	24530732	NA	NA	NA	1	1	0.0
chr10	70092684	70096562	five_utr_intronic_2708	+	70094167	NA	AAGAAA AATGAA ACTAAA AATAGA	2 27 16 32	1	1	0.0
chr10	70092684	70096562	five_utr_intronic_2708	+	70095056	NA	NA	NA	2	2	3.0
chr15	56999505	57025654	five_utr_intronic_7369	+	57020585	NA	AATAGA	34	1	1	0.0
chr2	152139469	152145404	five_utr_intronic_12438	+	152143381	NA	AATATA	21	1	1	0.0
chr7	150029808	150033805	five_utr_intronic_21160	+	150029809	NA	NA	NA	5	1	0.0
chr22	31460174	31476434	five_utr_intronic_14304	+	31469083	NA	NA	NA	1	1	0.0
chr22	50963063	50963870	five_utr_intronic_14652	+	50963209	NA	AATAAA AAGAAA AATAGA	17 7 26	1	1	0.0
chr22	50830444	50832320	five_utr_intronic_14650	+	50830722	NA	NA	NA	1	1	0.0
chr19	1307720	1321551	five_utr_intronic_10158	+	1310413	NA	AATAAA GATAAA	14 10	1	1	0.0
chr19	11071851	11091452	five_utr_intronic_10371	+	11080124	NA	TATAAA AAGAAA AAGAAA AATATA	27 6 17 25	1	1	0.0
chr19	11071851	11091452	five_utr_intronic_10371	+	11084488	NA	NA	NA	1	1	0.0
chr7	93299389	93407150	five_utr_intronic_20613	+	93386382	NA	NA	NA	1	1	0.0
chr19	56111775	56113439	five_utr_intronic_11357	+	56112988	NA	NA	NA	1	1	0.0
chr16	728268	730275	five_utr_intronic_7883	+	728271	NA	NA	NA	1	1	0.0
chr1	185015427	185040696	five_utr_intronic_1861	+	185026277	NA	AATGAA	20	1	1	0.0
chr6	136601015	136603720	five_utr_intronic_19774	+	136603719	NA	AATGAA	25	1	1	0.0
chr6	134290095	134301218	five_utr_intronic_19771	+	134291751	NA	NA	NA	1	1	0.0
chr6	134274563	134289992	five_utr_intronic_19770	+	134289219	NA	NA	NA	2	1	0.0
chr2	242212532	242242054	five_utr_intronic_13117	+	242213339	NA	NA	NA	1	1	0.0
chr2	242212532	242242054	five_utr_intronic_13117	+	242236601	NA	NA	NA	1	1	0.0
chr22	39053148	39061550	five_utr_intronic_14466	+	39057944	NA	AAGAAA	23	1	1	0.0
chr22	39062741	39063573	five_utr_intronic_14468	+	39063022	NA	AATAAA AAGAAA	1 5	1	1	0.0
chr14	74454876	74477792	five_utr_intronic_6917	+	74465757	NA	NA	NA	1	1	0.0
chr7	27155962	27159134	five_utr_intronic_20119	+	27156281	NA	AATAAA	19	2	1	0.0
chr9	131648400	131669434	five_utr_intronic_23132	+	131657018	NA	NA	NA	1	1	0.0
chr8	141994254	142010978	five_utr_intronic_22267	+	141994254	NA	NA	NA	2	1	0.0
chr8	141994254	142010978	five_utr_intronic_22267	+	142002025	NA	NA	NA	1	1	0.0
chr8	141964934	141993940	five_utr_intronic_22266	+	141990016	NA	ATTAAA	14	1	1	0.0
chr18	9475689	9512987	five_utr_intronic_9934	+	9490562	NA	NA	NA	1	1	0.0
chr6	90981660	91006197	five_utr_intronic_19545	+	90997119	NA	AAGAAA	9	1	1	0.0
chr6	33378992	33380023	five_utr_intronic_19010	+	33379890	NA	NA	NA	1	1	0.0
chr15	52311574	52338025	five_utr_intronic_7343	+	52317149	NA	NA	NA	1	1	0.0
chr20	25667593	25677393	five_utr_intronic_13329	+	25669716	NA	NA	NA	1	1	0.0
chr19	1941418	1952529	five_utr_intronic_10172	+	1945752	NA	NA	NA	1	1	0.0
chr19	1941418	1952529	five_utr_intronic_10172	+	1951763	NA	NA	NA	1	1	0.0
chr19	1881804	1885349	five_utr_intronic_10171	+	1883253	NA	NA	NA	1	1	0.0
chr4	140079109	140098119	five_utr_intronic_17160	+	140095754	NA	AATACA	1	1	1	0.0
chr7	56101865	56110840	five_utr_intronic_20326	+	56104812	NA	NA	NA	1	1	0.0
chr7	56101865	56110840	five_utr_intronic_20326	+	56106790	NA	NA	NA	1	1	0.0
chr7	56110954	56118830	five_utr_intronic_20327	+	56111630	NA	NA	NA	1	1	0.0
chr7	56110954	56118830	five_utr_intronic_20327	+	56113649	NA	AATAAA	10	1	1	0.0
chr7	56110954	56118830	five_utr_intronic_20327	+	56116627	NA	NA	NA	1	1	0.0
chr10	97253043	97321075	five_utr_intronic_2914	+	97284411	NA	NA	NA	1	1	0.0
chr5	176923878	176924527	five_utr_intronic_18559	+	176924028	NA	NA	NA	1	1	0.0
chr11	18347700	18354208	five_utr_intronic_3663	+	18347839	NA	NA	NA	1	1	0.0
chr8	102813898	102859483	five_utr_intronic_22093	+	102842777	NA	NA	NA	1	1	0.0
chr9	111693481	111696142	five_utr_intronic_22895	+	111695550	NA	NA	NA	1	1	0.0
chr1	1696886	1709727	five_utr_intronic_46	+	1699842	NA	NA	NA	1	1	0.0
chr1	1696886	1709727	five_utr_intronic_46	+	1708280	NA	NA	NA	1	1	0.0
chr20	34543025	34546782	five_utr_intronic_13468	+	34543290	NA	AATAAA AATATA	18 28	1	1	0.0
chr20	34360002	34370249	five_utr_intronic_13465	+	34360650	NA	NA	NA	1	1	0.0
chr20	34370531	34388015	five_utr_intronic_13466	+	34373325	NA	NA	NA	1	1	0.0
chr1	228271213	228275816	five_utr_intronic_2137	+	228273840	NA	NA	NA	3	1	0.0
chr1	228278772	228284151	five_utr_intronic_2139	+	228279276	NA	NA	NA	1	1	0.0
chr3	178276772	178447071	five_utr_intronic_16173	+	178342447	NA	AATAAA AATATA ACTAAA	25 1 30	1	1	0.0
chr3	178276772	178447071	five_utr_intronic_16173	+	178358459	NA	NA	NA	1	1	0.0
chr3	178276772	178447071	five_utr_intronic_16173	+	178422292	NA	NA	NA	1	1	0.0
chr3	178474924	178512929	five_utr_intronic_16178	+	178495933	NA	AATGAA	28	1	1	0.0
chr16	48399812	48419113	five_utr_intronic_8369	+	48406208	NA	AATATA	23	1	1	0.0
chr18	13726729	13730625	five_utr_intronic_9946	+	13728347	NA	NA	NA	1	1	0.0
chr16	10479980	10513437	five_utr_intronic_8092	+	10481467	NA	NA	NA	1	1	0.0
chr16	10479980	10513437	five_utr_intronic_8092	+	10481595	NA	AATAAA AATACA TTTAAA AATATA TTTAAA	17 22 30 34 4	2	2	2.0
chr1	155491410	155531832	five_utr_intronic_1584	+	155528713	NA	NA	NA	1	1	0.0
chr9	97021628	97041038	five_utr_intronic_22795	+	97022804	NA	NA	NA	1	1	0.0
chr17	7580752	7589388	five_utr_intronic_8899	+	7588569	NA	AAGAAA	4	1	1	0.0
chr3	51697610	51705190	five_utr_intronic_15238	+	51702675	NA	AATAAA TTTAAA AATAAA AAGAAA TTTAAA	23 30 30 34 4	1	1	0.0
chr3	51575667	51624381	five_utr_intronic_15237	+	51600244	NA	AAGAAA	14	1	1	0.0
chr6	122799084	122874408	five_utr_intronic_19696	+	122869990	NA	TTTAAA AATAAA ATTAAA TTTAAA	31 7 13 3	1	1	0.0
chr15	50639726	50647180	five_utr_intronic_7329	+	50645967	NA	NA	NA	1	1	0.0
chr9	3490346	3525745	five_utr_intronic_22424	+	3502022	NA	NA	NA	1	1	0.0
chr2	176015887	176032360	five_utr_intronic_12616	+	176026197	NA	NA	NA	1	1	0.0
chr5	179240641	179245877	five_utr_intronic_18610	+	179240699	NA	NA	NA	1	1	0.0
chr2	158716691	158731375	five_utr_intronic_12476	+	158720405	NA	NA	NA	1	1	0.0
chr2	158683158	158694752	five_utr_intronic_12473	+	158683158	NA	NA	NA	1	1	0.0
chr22	46482040	46493804	five_utr_intronic_14613	+	46482564	NA	GATAAA TTTAAA TTTAAA	16 30 4	1	1	0.0
chr14	58759106	58764671	five_utr_intronic_6742	+	58760375	NA	AATAAA	14	1	1	0.0
chr14	58878690	58890724	five_utr_intronic_6745	+	58889230	NA	NA	NA	1	1	0.0
chr20	62251229	62258307	five_utr_intronic_13703	+	62254920	NA	NA	NA	3	1	0.0
chr4	128887211	128904092	five_utr_intronic_17142	+	128890375	NA	AAGAAA AAGAAA AAGAAA	14 21 29	1	1	0.0
chr10	98686428	98703868	five_utr_intronic_2933	+	98694851	NA	AATACA	29	1	1	0.0
chr12	21532912	21547839	five_utr_intronic_5215	+	21535676	NA	NA	NA	1	1	0.0
chr17	62760667	62776459	five_utr_intronic_9622	+	62774257	NA	AATAAA GATAAA	14 10	2	2	1.0
chr17	62760667	62776459	five_utr_intronic_9622	+	62774567	NA	NA	NA	1	1	0.0
chr4	89085119	89122854	five_utr_intronic_16966	+	89102551	NA	NA	NA	2	1	0.0
chr7	99156644	99158129	five_utr_intronic_20655	+	99156764	NA	NA	NA	1	1	0.0
chr7	99156644	99158129	five_utr_intronic_20655	+	99157696	NA	TTTAAA TTTAAA	13 21	1	1	0.0
chr12	9809753	9811162	five_utr_intronic_5075	+	9811009	NA	GATAAA	18	1	1	0.0
chrX	9503074	9607859	five_utr_intronic_23302	+	9566095	NA	NA	NA	1	1	0.0
chr15	75722750	75743700	five_utr_intronic_7515	+	75728432	NA	NA	NA	2	2	14.0
chr1	78111303	78142666	five_utr_intronic_943	+	78122847	NA	AATAGA	4	1	1	0.0
chr1	78111303	78142666	five_utr_intronic_943	+	78123611	NA	NA	NA	1	1	0.0
chr1	179821947	179828164	five_utr_intronic_1828	+	179826949	NA	TATAAA	28	1	1	0.0
chr3	71409911	71542575	five_utr_intronic_15391	+	71534532	NA	AAGAAA GATAAA	8 34	1	1	0.0
chr5	43068320	43080001	five_utr_intronic_17705	+	43069160	NA	ATTAAA TATAAA TATAAA AAGAAA	14 31 5 9	2	1	0.0
chr5	43068320	43080001	five_utr_intronic_17705	+	43077704	NA	CATAAA	11	1	1	0.0
chr2	118846242	118853994	five_utr_intronic_12282	+	118848424	NA	NA	NA	1	1	0.0
chr10	33240686	33242520	five_utr_intronic_2481	+	33242415	NA	NA	NA	1	1	0.0
chr17	43715325	43717669	five_utr_intronic_9443	+	43715328	NA	NA	NA	1	1	0.0
chr3	176878776	176908452	five_utr_intronic_16156	+	176891299	NA	NA	NA	1	1	0.0
chr3	176816329	176838478	five_utr_intronic_16152	+	176827820	NA	CATAAA ACTAAA	22 15	1	1	0.0
chr22	18484267	18487035	five_utr_intronic_14135	+	18486612	NA	NA	NA	1	1	0.0
chr22	18389653	18463633	five_utr_intronic_14130	+	18419363	NA	ATTAAA AAGAAA	15 30	1	1	0.0
chr14	21702410	21730759	five_utr_intronic_6485	+	21723019	NA	NA	NA	1	1	0.0
chr14	21702410	21730759	five_utr_intronic_6485	+	21726618	NA	NA	NA	1	1	0.0
chr14	21702410	21730759	five_utr_intronic_6485	+	21727985	NA	ATTAAA	34	1	1	0.0
chr14	21702410	21730759	five_utr_intronic_6485	+	21728971	NA	AATACA ACTAAA	31 25	1	1	0.0
chr1	8813897	8846261	five_utr_intronic_122	+	8832037	NA	AAGAAA GATAAA	0 6	1	1	0.0
chr1	8763278	8810488	five_utr_intronic_120	+	8804999	NA	NA	NA	1	1	0.0
chr1	28384606	28415033	five_utr_intronic_438	+	28414726	NA	NA	NA	1	1	0.0
chrX	47508766	47509319	five_utr_intronic_23466	+	47509228	NA	TATAAA	21	1	1	0.0
chr5	89770837	89781341	five_utr_intronic_17953	+	89771893	NA	NA	NA	1	1	0.0
chr6	88032795	88038855	five_utr_intronic_19509	+	88032812	NA	NA	NA	1	1	0.0
chr7	157132751	157151239	five_utr_intronic_21232	+	157148634	NA	NA	NA	1	1	0.0
chr15	91260672	91290617	five_utr_intronic_7658	+	91271064	NA	AATAAA	11	1	1	0.0
chr3	42629054	42632297	five_utr_intronic_14964	+	42631191	NA	NA	NA	1	1	0.0
chr10	126826819	126847203	five_utr_intronic_3143	+	126845952	NA	NA	NA	1	1	0.0
chr9	115989940	116018114	five_utr_intronic_22914	+	116018113	NA	AGTAAA	30	1	1	0.0
chr12	124440991	124456286	five_utr_intronic_6019	+	124454539	NA	ATTAAA TTTAAA TTTAAA	12 26 8	4	1	0.0
chr12	124431320	124440830	five_utr_intronic_6018	+	124431870	NA	NA	NA	1	1	0.0
chr3	114821908	114839018	five_utr_intronic_15614	+	114827048	NA	AATAAA	23	1	1	0.0
chr2	27209638	27218343	five_utr_intronic_11666	+	27215338	NA	NA	NA	1	1	0.0
chr19	12107731	12112587	five_utr_intronic_10399	+	12110872	NA	AATAAA	15	1	1	0.0
chrX	15709364	15711085	five_utr_intronic_23348	+	15710619	NA	NA	NA	1	1	0.0
chr12	111844082	111855921	five_utr_intronic_5899	+	111850009	NA	NA	NA	1	1	0.0
chrX	13707408	13721931	five_utr_intronic_23329	+	13718850	NA	NA	NA	1	1	0.0
chr2	62423491	62442652	five_utr_intronic_11915	+	62440284	NA	NA	NA	1	1	0.0
chr2	62423491	62442652	five_utr_intronic_11915	+	62440962	NA	NA	NA	1	1	0.0
chrX	70504947	70510478	five_utr_intronic_23637	+	70506949	NA	AATATA TATAAA	7 11	2	1	0.0
chr19	58869951	58870562	five_utr_intronic_11448	+	58870010	NA	NA	NA	1	1	0.0
chr16	11570803	11571675	five_utr_intronic_8111	+	11571493	NA	NA	NA	1	1	0.0
chr11	73221865	73291297	five_utr_intronic_4328	+	73280867	NA	AATAGA	20	1	1	0.0
chr15	77474383	77544707	five_utr_intronic_7530	+	77514103	NA	AATACA	23	1	1	0.0
chr5	43480089	43483922	five_utr_intronic_17722	+	43480493	NA	NA	NA	1	1	0.0
chr5	43480089	43483922	five_utr_intronic_17722	+	43481278	NA	NA	NA	1	1	0.0
chr3	71294316	71338919	five_utr_intronic_15378	+	71336700	NA	NA	NA	1	1	0.0
chr6	41909586	41978575	five_utr_intronic_19240	+	41919304	NA	NA	NA	1	1	0.0
chr2	201926147	201927811	five_utr_intronic_12800	+	201927376	NA	NA	NA	1	1	0.0
chr22	19929421	19938464	five_utr_intronic_14151	+	19935618	NA	AATAAA	20	1	1	0.0
chr22	19929421	19938464	five_utr_intronic_14151	+	19936015	NA	NA	NA	1	1	0.0
chr22	19929421	19938464	five_utr_intronic_14151	+	19937136	NA	NA	NA	1	1	0.0
chr22	19939177	19948720	five_utr_intronic_14153	+	19939673	NA	NA	NA	1	1	0.0
chr22	19939177	19948720	five_utr_intronic_14153	+	19941685	NA	NA	NA	4	2	1.32287565553
chr22	19939177	19948720	five_utr_intronic_14153	+	19944407	NA	NA	NA	1	1	0.0
chr22	19939177	19948720	five_utr_intronic_14153	+	19945427	NA	AATAAA ATTAAA AATGAA	26 17 22	1	1	0.0
chr17	36904225	36904447	five_utr_intronic_9186	+	36904254	NA	NA	NA	1	1	0.0
chr17	65221157	65235547	five_utr_intronic_9633	+	65231560	NA	NA	NA	1	1	0.0
chr4	153728400	153730824	five_utr_intronic_17261	+	153730141	NA	NA	NA	1	1	0.0
chr19	7069784	7070571	five_utr_intronic_10272	+	7069784	NA	NA	NA	1	1	0.0
chr18	32154569	32173321	five_utr_intronic_9988	+	32161242	NA	NA	NA	1	1	0.0
chr1	28950542	28969166	five_utr_intronic_451	+	28959043	NA	NA	NA	1	1	0.0
chr7	86784813	86792196	five_utr_intronic_20535	+	86784875	NA	ATTAAA GATAAA	15 21	1	1	0.0
chr7	86784813	86792196	five_utr_intronic_20535	+	86789610	NA	AAGAAA	16	1	1	0.0
chr7	86784813	86792196	five_utr_intronic_20535	+	86791637	NA	NA	NA	1	1	0.0
chr7	86784813	86792196	five_utr_intronic_20535	+	86791912	NA	AGTAAA AAGAAA	18 4	1	1	0.0
chr7	86783844	86784770	five_utr_intronic_20534	+	86784611	NA	TATAAA AATGAA	5 20	1	1	0.0
chr5	151152229	151166132	five_utr_intronic_18386	+	151162312	NA	AATGAA	21	1	1	0.0
chr20	40192790	40243347	five_utr_intronic_13526	+	40194949	NA	NA	NA	1	1	0.0
chr20	40192790	40243347	five_utr_intronic_13526	+	40207854	NA	NA	NA	1	1	0.0
chr14	55612147	55614853	five_utr_intronic_6693	+	55614848	NA	TTTAAA TTTAAA	24 10	4	3	2.2360679775
chr22	24408178	24431890	five_utr_intronic_14212	+	24420200	NA	NA	NA	1	1	0.0
chr2	21001223	21022795	five_utr_intronic_11603	+	21017831	NA	NA	NA	1	1	0.0
chr4	87813575	87834418	five_utr_intronic_16929	+	87818031	NA	AATAGA	4	1	1	0.0
chr11	118992723	118994442	five_utr_intronic_4698	+	118992794	NA	NA	NA	1	1	0.0
chr11	64727609	64739347	five_utr_intronic_4120	+	64738316	NA	AGTAAA	18	1	1	0.0
chr1	46018235	46027459	five_utr_intronic_710	+	46026971	NA	NA	NA	1	1	0.0
chr9	34336339	34338709	five_utr_intronic_22565	+	34336468	NA	AATGAA	15	1	1	0.0
chr9	34319653	34329102	five_utr_intronic_22562	+	34320280	NA	NA	NA	1	1	0.0
chr15	23027922	23033277	five_utr_intronic_7116	+	23033223	NA	TATAAA	18	1	1	0.0
chr15	22892782	22921418	five_utr_intronic_7113	+	22906751	NA	NA	NA	1	1	0.0
chr15	22892782	22921418	five_utr_intronic_7113	+	22920641	NA	NA	NA	1	1	0.0
chr2	136289204	136323306	five_utr_intronic_12351	+	136321399	NA	TATAAA TATAAA	3 32	1	1	0.0
chr7	140710460	140714151	five_utr_intronic_21060	+	140710465	NA	NA	NA	1	1	0.0
chr22	21193020	21212857	five_utr_intronic_14171	+	21196530	NA	AATATA	25	1	1	0.0
chr22	21193020	21212857	five_utr_intronic_14171	+	21197039	NA	NA	NA	1	1	0.0
chr18	54306271	54318246	five_utr_intronic_10075	+	54310414	NA	NA	NA	1	1	0.0
chr17	61843555	61850136	five_utr_intronic_9610	+	61846389	NA	NA	NA	1	1	0.0
chr17	61843555	61850136	five_utr_intronic_9610	+	61846612	NA	NA	NA	1	1	0.0
chr4	152330618	152357586	five_utr_intronic_17247	+	152335276	NA	NA	NA	1	1	0.0
chr4	152330618	152357586	five_utr_intronic_17247	+	152336422	NA	NA	NA	1	1	0.0
chr13	41567467	41593363	five_utr_intronic_6223	+	41583106	NA	NA	NA	1	1	0.0
chr13	41567467	41593363	five_utr_intronic_6223	+	41585688	NA	NA	NA	1	1	0.0
chr13	41567467	41593363	five_utr_intronic_6223	+	41591378	NA	NA	NA	1	1	0.0
chr19	4055246	4066678	five_utr_intronic_10212	+	4057725	NA	NA	NA	1	1	0.0
chr7	102075227	102076606	five_utr_intronic_20732	+	102075432	NA	TTTAAA TTTAAA	24 10	1	1	0.0
chrX	36053972	36057112	five_utr_intronic_23428	+	36055558	NA	NA	NA	1	1	0.0
chr17	46166146	46173076	five_utr_intronic_9470	+	46171797	NA	NA	NA	1	1	0.0
chr16	89484777	89497663	five_utr_intronic_8707	+	89491436	NA	NA	NA	1	1	0.0
chr16	89452449	89484690	five_utr_intronic_8706	+	89457820	NA	NA	NA	1	1	0.0
chr16	89295363	89299068	five_utr_intronic_8700	+	89295364	NA	NA	NA	1	1	0.0
chr16	89509832	89556651	five_utr_intronic_8709	+	89515546	NA	NA	NA	1	1	0.0
chr16	89509832	89556651	five_utr_intronic_8709	+	89533677	NA	NA	NA	1	1	0.0
chr19	48959116	48964505	five_utr_intronic_11031	+	48961741	NA	CATAAA	24	1	1	0.0
chr19	49199900	49206210	five_utr_intronic_11035	+	49205708	NA	AATAAA AATAAA	3 14	1	1	0.0
chr6	2962342	2969012	five_utr_intronic_18674	+	2968699	NA	TTTAAA AATAGA TTTAAA	28 20 6	3	1	0.0
chr10	124610309	124614771	five_utr_intronic_3108	+	124611934	NA	NA	NA	1	1	0.0
chr6	2991400	2994163	five_utr_intronic_18679	+	2991407	NA	NA	NA	1	1	0.0
chr6	2991400	2994163	five_utr_intronic_18679	+	2992458	NA	ATTAAA AATAAA TATAAA ACTAAA	10 16 12 33	1	1	0.0
chr12	132576061	132588539	five_utr_intronic_6056	+	132587962	NA	NA	NA	1	1	0.0
chr20	36147753	36148637	five_utr_intronic_13500	+	36147773	NA	NA	NA	1	1	0.0
chr17	40424701	40428265	five_utr_intronic_9283	+	40425754	NA	NA	NA	1	1	0.0
chr17	40424701	40428265	five_utr_intronic_9283	+	40426601	NA	AATAAA AATGAA	19 15	1	1	0.0
chr17	40424701	40428265	five_utr_intronic_9283	+	40426953	NA	CATAAA	17	1	1	0.0
chr17	40423790	40424461	five_utr_intronic_9282	+	40423849	NA	AAGAAA	9	1	1	0.0
chr17	40384156	40423351	five_utr_intronic_9281	+	40416122	NA	AATAGA	19	1	1	0.0
chr17	40384156	40423351	five_utr_intronic_9281	+	40417466	NA	NA	NA	1	1	0.0
chr17	40384156	40423351	five_utr_intronic_9281	+	40419239	NA	AATAAA	30	1	1	0.0
chr17	40384156	40423351	five_utr_intronic_9281	+	40422565	NA	AATAAA AATATA ATTAAA	7 34 3	1	1	0.0
chr22	25758524	25771778	five_utr_intronic_14232	+	25769799	NA	NA	NA	1	1	0.0
chr2	24715058	24777257	five_utr_intronic_11625	+	24739442	NA	NA	NA	1	1	0.0
chr2	24715058	24777257	five_utr_intronic_11625	+	24753820	NA	AATAAA	29	1	1	0.0
chr17	79851490	79852341	five_utr_intronic_9867	+	79851704	NA	NA	NA	1	1	0.0
chr7	130794967	130827578	five_utr_intronic_20946	+	130802027	NA	NA	NA	1	1	0.0
chrX	18359466	18372710	five_utr_intronic_23368	+	18360604	NA	NA	NA	2	1	0.0
chr19	16653248	16661660	five_utr_intronic_10532	+	16660766	NA	NA	NA	1	1	0.0
chr9	33020164	33024800	five_utr_intronic_22546	+	33020897	NA	NA	NA	1	1	0.0
chr9	33020164	33024800	five_utr_intronic_22546	+	33021106	NA	NA	NA	1	1	0.0
chr10	27529779	27530986	five_utr_intronic_2420	+	27530164	NA	NA	NA	1	1	0.0
chr15	43789736	43802566	five_utr_intronic_7288	+	43801984	NA	NA	NA	1	1	0.0
chr7	140086707	140098215	five_utr_intronic_21046	+	140095943	NA	NA	NA	1	1	0.0
chr11	47546333	47574543	five_utr_intronic_3906	+	47564793	NA	NA	NA	1	1	0.0
chr11	47574669	47585902	five_utr_intronic_3907	+	47585798	NA	NA	NA	1	1	0.0
chr13	114239203	114239587	five_utr_intronic_6428	+	114239203	NA	NA	NA	1	1	0.0
chr18	48494485	48500765	five_utr_intronic_10057	+	48495221	NA	ATTAAA	9	1	1	0.0
chr19	44717398	44721611	five_utr_intronic_10942	+	44721361	NA	NA	NA	1	1	0.0
chr17	5390366	5391514	five_utr_intronic_8812	+	5390668	NA	NA	NA	1	1	0.0
chr12	123451056	123457589	five_utr_intronic_5992	+	123455265	NA	CATAAA ACTAAA GATAAA	26 19 22	2	1	0.0
chr17	46655825	46656655	five_utr_intronic_9490	+	46656581	NA	NA	NA	1	1	0.0
chr19	48745901	48752779	five_utr_intronic_11019	+	48752777	NA	NA	NA	2	1	0.0
chr9	125999245	126027481	five_utr_intronic_23009	+	126016695	NA	NA	NA	1	1	0.0
chr5	172487458	172495126	five_utr_intronic_18477	+	172487800	NA	NA	NA	1	1	0.0
chr6	7108935	7139477	five_utr_intronic_18694	+	7123466	NA	NA	NA	1	1	0.0
chr2	99758864	99763489	five_utr_intronic_12164	+	99761454	NA	NA	NA	1	1	0.0
chr2	100081448	100106277	five_utr_intronic_12168	+	100083838	NA	AATGAA TTTAAA TTTAAA	22 3 31	1	1	0.0
chr3	167453923	167506897	five_utr_intronic_16091	+	167457523	NA	AAGAAA	3	1	1	0.0
chr12	54578080	54580630	five_utr_intronic_5563	+	54579030	NA	NA	NA	1	1	0.0
chr12	54653329	54673790	five_utr_intronic_5568	+	54665634	NA	ATTAAA	17	1	1	0.0
chr12	54653329	54673790	five_utr_intronic_5568	+	54667743	NA	NA	NA	1	1	0.0
chr12	54653329	54673790	five_utr_intronic_5568	+	54672407	NA	AATAAA	7	2	2	1.58113883008
chr12	54689544	54694583	five_utr_intronic_5569	+	54691073	NA	NA	NA	1	1	0.0
chr12	54689544	54694583	five_utr_intronic_5569	+	54692835	NA	NA	NA	1	1	0.0
chr22	26961692	26986016	five_utr_intronic_14251	+	26973284	NA	NA	NA	1	1	0.0
chr22	26961692	26986016	five_utr_intronic_14251	+	26974256	NA	NA	NA	1	1	0.0
chr22	26961692	26986016	five_utr_intronic_14251	+	26977911	NA	AATAAA	21	2	2	1.0
chr7	64453793	64464046	five_utr_intronic_20388	+	64460682	NA	NA	NA	1	1	0.0
chr17	76126932	76127361	five_utr_intronic_9808	+	76127361	NA	NA	NA	1	1	0.0
chr1	36838375	36851322	five_utr_intronic_538	+	36847327	NA	NA	NA	1	1	0.0
chr17	76124861	76126858	five_utr_intronic_9807	+	76125288	NA	NA	NA	1	1	0.0
chr17	76122988	76124692	five_utr_intronic_9806	+	76123490	NA	NA	NA	1	1	0.0
chr12	47186967	47197385	five_utr_intronic_5381	+	47197053	NA	NA	NA	1	1	0.0
chr10	82228443	82248971	five_utr_intronic_2869	+	82235827	NA	CATAAA	28	1	1	0.0
chr3	43678030	43679094	five_utr_intronic_15006	+	43679027	NA	ATTAAA	8	1	1	0.0
chr19	17616977	17622220	five_utr_intronic_10552	+	17616978	NA	NA	NA	1	1	0.0
chr9	27455747	27524311	five_utr_intronic_22525	+	27522015	NA	NA	NA	1	1	0.0
chr2	172248707	172271112	five_utr_intronic_12572	+	172263654	NA	AATAGA	31	1	1	0.0
chr15	29213953	29287954	five_utr_intronic_7159	+	29252666	NA	GATAAA AATACA	18 33	1	1	0.0
chr3	17714167	17741391	five_utr_intronic_14809	+	17714869	NA	NA	NA	1	1	0.0
chr3	17688548	17704481	five_utr_intronic_14806	+	17690157	NA	NA	NA	1	1	0.0
chr4	39622693	39639782	five_utr_intronic_16664	+	39627913	NA	NA	NA	1	1	0.0
chr4	40058819	40075073	five_utr_intronic_16667	+	40060459	NA	AATAAA	6	1	1	0.0
chr8	53627026	53658107	five_utr_intronic_21713	+	53635803	NA	ATTAAA	26	2	1	0.0
chr8	53627026	53658107	five_utr_intronic_21713	+	53641754	NA	AATAAA AGTAAA	18 8	1	1	0.0
chr7	93221084	93299137	five_utr_intronic_20612	+	93243816	NA	AATAGA	32	1	1	0.0
chr7	93221084	93299137	five_utr_intronic_20612	+	93259007	NA	AAGAAA AAGAAA	1 10	1	1	0.0
chr13	31038447	31039209	five_utr_intronic_6156	+	31038637	NA	NA	NA	1	1	0.0
chr16	75656363	75657134	five_utr_intronic_8600	+	75656619	NA	NA	NA	1	1	0.0
chr19	38284695	38301244	five_utr_intronic_10785	+	38284704	NA	NA	NA	1	1	0.0
chr16	69815031	69819896	five_utr_intronic_8529	+	69815433	NA	AATACA	7	1	1	0.0
chr7	105148991	105162497	five_utr_intronic_20770	+	105156490	NA	NA	NA	1	1	0.0
chr7	105148991	105162497	five_utr_intronic_20770	+	105160924	NA	NA	NA	1	1	0.0
chr12	69015271	69018287	five_utr_intronic_5711	+	69017805	NA	NA	NA	1	1	0.0
chr12	69004836	69015225	five_utr_intronic_5710	+	69011793	NA	NA	NA	1	1	0.0
chr12	69004836	69015225	five_utr_intronic_5710	+	69014033	NA	AATAAA AATAAA AATAGA	26 32 1	1	1	0.0
chr12	69021155	69034813	five_utr_intronic_5714	+	69021887	NA	NA	NA	1	1	0.0
chr12	69021155	69034813	five_utr_intronic_5714	+	69029484	NA	NA	NA	1	1	0.0
chr2	17935612	17941178	five_utr_intronic_11561	+	17936631	NA	GATAAA	20	2	1	0.0
chr5	138677670	138678130	five_utr_intronic_18207	+	138677933	NA	NA	NA	1	1	0.0
chr5	138679095	138699446	five_utr_intronic_18208	+	138689481	NA	NA	NA	1	1	0.0
chr9	86607948	86614622	five_utr_intronic_22734	+	86609361	NA	TATAAA	23	1	1	0.0
chr9	128036159	128047876	five_utr_intronic_23026	+	128036214	NA	AAGAAA	7	1	1	0.0
chr9	128036159	128047876	five_utr_intronic_23026	+	128036630	NA	TTTAAA ACTAAA TTTAAA	19 29 15	1	1	0.0
chr9	128031337	128035813	five_utr_intronic_23025	+	128035813	NA	ATTAAA	19	1	1	0.0
chr5	147764669	147774274	five_utr_intronic_18320	+	147770028	NA	NA	NA	1	1	0.0
chr9	125133122	125133358	five_utr_intronic_22993	+	125133312	NA	NA	NA	1	1	0.0
chr9	125028059	125033086	five_utr_intronic_22992	+	125032037	NA	AATAAA TTTAAA TTTAAA	14 31 3	1	1	0.0
chr2	99061549	99135425	five_utr_intronic_12144	+	99075322	NA	NA	NA	1	1	0.0
chr4	185375009	185395122	five_utr_intronic_17435	+	185391791	NA	NA	NA	2	2	0.707106781187
chr20	43514528	43515519	five_utr_intronic_13547	+	43514759	NA	NA	NA	1	1	0.0
chr10	61448128	61468363	five_utr_intronic_2675	+	61457682	NA	NA	NA	1	1	0.0
chr1	36182512	36184306	five_utr_intronic_514	+	36184032	NA	AATAAA	13	1	1	0.0
chr10	80829028	80878670	five_utr_intronic_2844	+	80840688	NA	NA	NA	1	1	0.0
chr12	102514269	102517662	five_utr_intronic_5812	+	102515277	NA	AGTAAA	26	1	1	0.0
chr16	19441963	19451280	five_utr_intronic_8194	+	19441963	NA	NA	NA	1	1	0.0
chr16	18800441	18801564	five_utr_intronic_8191	+	18801256	NA	NA	NA	1	1	0.0
chr21	30677643	30693540	five_utr_intronic_13842	+	30688906	NA	NA	NA	1	1	0.0
chr19	52597225	52598826	five_utr_intronic_11194	+	52597272	NA	NA	NA	2	2	5.52268050859
chr11	129763280	129763858	five_utr_intronic_4850	+	129763280	NA	NA	NA	1	1	0.0
chr11	129763280	129763858	five_utr_intronic_4850	+	129763404	NA	NA	NA	2	2	1.58113883008
chr11	129830978	129872615	five_utr_intronic_4853	+	129871286	NA	NA	NA	1	1	0.0
chr6	28324048	28327109	five_utr_intronic_18845	+	28324838	NA	AGTAAA	25	1	1	0.0
chr19	53164097	53193694	five_utr_intronic_11225	+	53177717	NA	AAGAAA AATGAA	17 4	1	1	0.0
chr19	53164097	53193694	five_utr_intronic_11225	+	53188702	NA	AAGAAA	15	1	1	0.0
chr19	53164097	53193694	five_utr_intronic_11225	+	53189151	NA	NA	NA	2	1	0.0
chr19	53164097	53193694	five_utr_intronic_11225	+	53190379	NA	NA	NA	1	1	0.0
chr19	53164097	53193694	five_utr_intronic_11225	+	53193385	NA	NA	NA	1	1	0.0
chr2	170554810	170557455	five_utr_intronic_12556	+	170554814	NA	NA	NA	2	2	3.0
chr2	170554810	170557455	five_utr_intronic_12556	+	170555522	NA	ATTAAA	2	2	2	4.52769256907
chr2	170558218	170584381	five_utr_intronic_12557	+	170559928	NA	AATATA	14	1	1	0.0
chr8	28749307	28773095	five_utr_intronic_21557	+	28767382	NA	NA	NA	2	1	0.0
chr8	28749307	28773095	five_utr_intronic_21557	+	28769224	NA	NA	NA	1	1	0.0
chr5	135470579	135483108	five_utr_intronic_18154	+	135475782	NA	NA	NA	1	1	0.0
chr8	67597799	67602938	five_utr_intronic_21779	+	67599882	NA	AAGAAA AAGAAA	18 28	1	1	0.0
chr8	67579937	67588453	five_utr_intronic_21774	+	67581835	NA	NA	NA	2	1	0.0
chr8	67579937	67588453	five_utr_intronic_21774	+	67585305	NA	TTTAAA TTTAAA	24 10	1	1	0.0
chr8	67579937	67588453	five_utr_intronic_21774	+	67586320	NA	NA	NA	1	1	0.0
chr7	142553148	142558808	five_utr_intronic_21080	+	142554621	NA	NA	NA	1	1	0.0
chr3	128209491	128210846	five_utr_intronic_15730	+	128210702	NA	NA	NA	1	1	0.0
chr17	27718043	27751779	five_utr_intronic_9101	+	27722095	NA	NA	NA	1	1	0.0
chr17	27718043	27751779	five_utr_intronic_9101	+	27735748	NA	AATAAA AAGAAA	6 17	1	1	0.0
chr7	8276524	8301629	five_utr_intronic_20027	+	8288858	NA	NA	NA	1	1	0.0
chr16	22503541	22516171	five_utr_intronic_8231	+	22513795	NA	NA	NA	1	1	0.0
chr9	138942427	138987033	five_utr_intronic_23229	+	138972361	NA	NA	NA	1	1	0.0
chrX	54556852	54558951	five_utr_intronic_23590	+	54558951	NA	NA	NA	1	1	0.0
chr16	67880889	67899003	five_utr_intronic_8509	+	67890423	NA	NA	NA	1	1	0.0
chr6	43149988	43152038	five_utr_intronic_19302	+	43151954	NA	NA	NA	1	1	0.0
chr6	36892331	36896354	five_utr_intronic_19166	+	36892334	NA	NA	NA	1	1	0.0
chr6	36892331	36896354	five_utr_intronic_19166	+	36893134	NA	AAGAAA	29	1	1	0.0
chr6	36892331	36896354	five_utr_intronic_19166	+	36894001	NA	NA	NA	1	1	0.0
chr6	36896644	36907862	five_utr_intronic_19167	+	36896739	NA	ATTAAA AGTAAA	17 30	1	1	0.0
chr11	47272102	47279154	five_utr_intronic_3880	+	47278205	NA	NA	NA	1	1	0.0
chr3	49124522	49129716	five_utr_intronic_15170	+	49126120	NA	GATAAA	23	1	1	0.0
chr3	196054463	196065133	five_utr_intronic_16367	+	196059126	NA	NA	NA	1	1	0.0
chr3	195803994	195808701	five_utr_intronic_16363	+	195807358	NA	NA	NA	1	1	0.0
chr19	53686197	53696563	five_utr_intronic_11272	+	53692550	NA	NA	NA	1	1	0.0
chr19	19538801	19545871	five_utr_intronic_10596	+	19542508	NA	NA	NA	1	1	0.0
chr7	43705321	43750998	five_utr_intronic_20252	+	43733797	NA	NA	NA	1	1	0.0
chr6	24776052	24777093	five_utr_intronic_18794	+	24776344	NA	NA	NA	1	1	0.0
chr19	53421126	53430387	five_utr_intronic_11243	+	53427979	NA	AATAAA AGTAAA AAGAAA AAGAAA	32 28 12 18	1	1	0.0
chr19	53421126	53430387	five_utr_intronic_11243	+	53428523	NA	AAGAAA AAGAAA	7 25	1	1	0.0
chr19	53421126	53430387	five_utr_intronic_11243	+	53429082	NA	AATAAA AGTAAA	24 17	3	1	0.0
chr19	53393629	53418449	five_utr_intronic_11240	+	53397582	NA	NA	NA	3	3	1.41421356237
chr19	53393629	53418449	five_utr_intronic_11240	+	53418002	NA	NA	NA	1	1	0.0
chr7	24797732	24800948	five_utr_intronic_20096	+	24800919	NA	AATAAA	17	1	1	0.0
chr2	168675304	168719224	five_utr_intronic_12532	+	168682410	NA	AATAAA	10	1	1	0.0
chr2	168675304	168719224	five_utr_intronic_12532	+	168698264	NA	AGTAAA	16	1	1	0.0
chr16	2314762	2317175	five_utr_intronic_7995	+	2315146	NA	NA	NA	1	1	0.0
chr1	203764922	203765420	five_utr_intronic_1937	+	203765155	NA	NA	NA	1	1	0.0
chr3	179155687	179168764	five_utr_intronic_16196	+	179160584	NA	NA	NA	1	1	0.0
chr15	34699888	34817407	five_utr_intronic_7197	+	34779416	NA	TATAAA TATAAA	18 33	1	1	0.0
chr8	61592350	61604464	five_utr_intronic_21752	+	61598444	NA	AATACA	9	1	1	0.0
chr8	62115779	62177182	five_utr_intronic_21756	+	62169072	NA	NA	NA	1	1	0.0
chr2	230744845	230759061	five_utr_intronic_13004	+	230751197	NA	NA	NA	1	1	0.0
chr16	8953193	8961905	five_utr_intronic_8088	+	8957041	NA	NA	NA	1	1	0.0
chr14	64957259	64966158	five_utr_intronic_6804	+	64959260	NA	AATACA	28	1	1	0.0
chr19	8067087	8070377	five_utr_intronic_10293	+	8067437	NA	NA	NA	2	1	0.0
chr16	71748705	71757670	five_utr_intronic_8561	+	71749672	NA	NA	NA	1	1	0.0
chr16	71913927	71917112	five_utr_intronic_8566	+	71917112	NA	NA	NA	1	1	0.0
chr11	71760585	71761707	five_utr_intronic_4264	+	71760588	NA	NA	NA	1	1	0.0
chr5	150832052	150838347	five_utr_intronic_18369	+	150836012	NA	NA	NA	1	1	0.0
chr1	100638926	100643689	five_utr_intronic_1161	+	100641995	NA	AATGAA	13	1	1	0.0
chr1	162625165	162674841	five_utr_intronic_1697	+	162663272	NA	NA	NA	1	1	0.0
chr19	13229269	13246012	five_utr_intronic_10432	+	13240671	NA	NA	NA	1	1	0.0
chr19	13229269	13246012	five_utr_intronic_10432	+	13244878	NA	AATAAA	2	1	1	0.0
chr19	14104708	14116913	five_utr_intronic_10438	+	14107199	NA	NA	NA	1	1	0.0
chr15	99790005	99791358	five_utr_intronic_7696	+	99791358	NA	ACTAAA	31	1	1	0.0
chr5	65222635	65257010	five_utr_intronic_17803	+	65225542	NA	NA	NA	1	1	0.0
chr5	65222635	65257010	five_utr_intronic_17803	+	65234458	NA	NA	NA	1	1	0.0
chr5	65222635	65257010	five_utr_intronic_17803	+	65237532	NA	AATAAA	4	1	1	0.0
chr8	11653521	11655436	five_utr_intronic_21326	+	11655105	NA	NA	NA	2	1	0.0
chr3	196474195	196509495	five_utr_intronic_16382	+	196476023	NA	AATAAA AATACA	7 33	1	1	0.0
chr3	196474195	196509495	five_utr_intronic_16382	+	196476355	NA	NA	NA	1	1	0.0
chr3	196474195	196509495	five_utr_intronic_16382	+	196476929	NA	NA	NA	4	2	0.866025403784
chr3	196474195	196509495	five_utr_intronic_16382	+	196482708	NA	NA	NA	1	1	0.0
chr3	196474195	196509495	five_utr_intronic_16382	+	196485846	NA	AAGAAA	1	1	1	0.0
chr3	196467029	196474062	five_utr_intronic_16381	+	196467102	NA	NA	NA	1	1	0.0
chr22	18111772	18120866	five_utr_intronic_14121	+	18118725	NA	NA	NA	1	1	0.0
chr22	18050458	18062509	five_utr_intronic_14120	+	18060368	NA	NA	NA	1	1	0.0
chr3	141108679	141113041	five_utr_intronic_15892	+	141112872	NA	AAGAAA AAGAAA AAGAAA	11 20 28	2	1	0.0
chr3	141108679	141113041	five_utr_intronic_15892	+	141113041	NA	AATAAA AATACA	7 11	1	1	0.0
chr17	40949061	40949652	five_utr_intronic_9310	+	40949076	NA	AATAAA	0	1	1	0.0
chr21	16386787	16415815	five_utr_intronic_13802	+	16400672	NA	ATTAAA AAGAAA	1 7	1	1	0.0
chr3	44499856	44518967	five_utr_intronic_15018	+	44513353	NA	NA	NA	1	1	0.0
chr7	44790690	44795777	five_utr_intronic_20271	+	44791509	NA	NA	NA	1	1	0.0
chr7	44790690	44795777	five_utr_intronic_20271	+	44792216	NA	AATAAA	17	1	1	0.0
chr12	109096774	109124398	five_utr_intronic_5853	+	109119963	NA	AATAAA TTTAAA TTTAAA	14 8 26	1	1	0.0
chr12	57723550	57735000	five_utr_intronic_5674	+	57727112	NA	NA	NA	1	1	0.0
chr12	57723550	57735000	five_utr_intronic_5674	+	57727317	NA	ACTAAA	30	1	1	0.0
chr12	57723550	57735000	five_utr_intronic_5674	+	57727820	NA	NA	NA	1	1	0.0
chr12	57735265	57789531	five_utr_intronic_5675	+	57777900	NA	NA	NA	1	1	0.0
chr3	129576248	129579782	five_utr_intronic_15761	+	129577296	NA	NA	NA	1	1	0.0
chr5	132163299	132166284	five_utr_intronic_18117	+	132163332	NA	NA	NA	11	5	12.2992978366
chr10	114676828	114710008	five_utr_intronic_3042	+	114699366	NA	NA	NA	1	1	0.0
chr1	202304947	202311021	five_utr_intronic_1914	+	202307956	NA	NA	NA	1	1	0.0
chr8	27184400	27238167	five_utr_intronic_21515	+	27189061	NA	NA	NA	1	1	0.0
chr13	28015382	28019223	five_utr_intronic_6138	+	28018442	NA	NA	NA	1	1	0.0
chr2	231616962	231624672	five_utr_intronic_13020	+	231618924	NA	NA	NA	1	1	0.0
chr14	64097499	64108015	five_utr_intronic_6796	+	64101731	NA	NA	NA	1	1	0.0
chr17	33914682	33921025	five_utr_intronic_9146	+	33918369	NA	AATACA	1	1	1	0.0
chr22	43343047	43355577	five_utr_intronic_14556	+	43348410	NA	NA	NA	1	1	0.0
chr7	20210404	20238147	five_utr_intronic_20061	+	20219839	NA	NA	NA	1	1	0.0
chrX	130476426	130498721	five_utr_intronic_24034	+	130495144	NA	NA	NA	1	1	0.0
chrX	130503027	130522989	five_utr_intronic_24037	+	130519156	NA	CATAAA	32	1	1	0.0
chrX	130503027	130522989	five_utr_intronic_24037	+	130522361	NA	ATTAAA TATAAA TATAAA AAGAAA	14 31 5 9	1	1	0.0
chr7	22603049	22604584	five_utr_intronic_20069	+	22604584	NA	NA	NA	1	1	0.0
chr7	22551618	22602955	five_utr_intronic_20068	+	22599476	NA	NA	NA	1	1	0.0
chr7	99951635	99952765	five_utr_intronic_20687	+	99952237	NA	NA	NA	3	3	1.41421356237
chr7	99947781	99948873	five_utr_intronic_20683	+	99948768	NA	AAGAAA AAGAAA AAGAAA AAGAAA	2 12 22 30	1	1	0.0
chr7	99943592	99947339	five_utr_intronic_20682	+	99946703	NA	NA	NA	1	1	0.0
chr2	111878765	111880246	five_utr_intronic_12253	+	111878765	NA	NA	NA	2	1	0.0
chr8	42360146	42389802	five_utr_intronic_21650	+	42387944	NA	NA	NA	3	2	5.19615242271
chr8	42360146	42389802	five_utr_intronic_21650	+	42389426	NA	NA	NA	1	1	0.0
chr20	10394580	10401174	five_utr_intronic_13259	+	10397839	NA	NA	NA	1	1	0.0
chr3	151987567	152016770	five_utr_intronic_16019	+	151990333	NA	AGTAAA ACTAAA	4 33	1	1	0.0
chr3	151987567	152016770	five_utr_intronic_16019	+	151999222	NA	NA	NA	1	1	0.0
chr3	9466210	9467772	five_utr_intronic_14700	+	9467504	NA	TTTAAA TTTAAA	11 23	1	1	0.0
