chrm	beg	end	utr_ID	polyA_number	strand	polyA_coordinate	number_supporting_reads	coverage_50nt_downstream	coverage_50nt_upstream	annotated_polyA_distance	nearby_PAS	PAS_distance	3utr_RPKM
chr1	1227755	1228946	ENSG00000131584_1	1	-	1228251	1	0.3400	0.8800	NA	NA	NA	0.2092
chr1	155106540	155107333	ENSG00000169242_1	1	+	155106952	1	3.0600	1.3400	NA	NA	NA	0.8508
chr1	155106540	155107333	ENSG00000169242_1	2	+	155107332	2	0.0000	0.6200	1	AATAAA	17	0.8508
chr1	156711898	156713243	ENSG00000143321_1	1	-	156712379	2	5.1400	24.3000	NA	NA	NA	6.9517
chr1	173456999	173457946	ENSG00000117592_2	1	+	173457151	1	19.8200	52.2800	3	ATTAAA AATGAA	20 24	5.1922
chr1	1321874	1322613	ENSG00000221978_1	1	-	1322235	1	2.7400	3.8600	NA	NA	NA	0.4025
chr1	3696783	3697654	ENSG00000130764_1	1	-	3696784	1	1.2800	1.7200	1	NA	NA	2.3125
chr1	8921060	8921421	ENSG00000074800_1	1	-	8921062	6	0.1800	41.0800	2	NA	NA	102.0293
chr1	19400999	19401328	ENSG00000127481_1	1	-	19401012	1	0.0000	1.6800	12	NA	NA	2.7548
chr1	19400999	19401328	ENSG00000127481_1	2	-	19401123	1	21.9200	22.4400	NA	NA	NA	2.7548
chr1	19585321	19586622	ENSG00000053372_1	1	+	19586621	1	0.0000	0.0000	1	AGTAAA	19	1.0845
chr1	20825942	20827185	ENSG00000090432_1	1	-	20825943	1	0.0000	2.0400	1	NA	NA	0.8045
chr1	22418007	22419437	ENSG00000070831_2	1	+	22419438	1	0.0000	2.0600	19	ATTAAA	15	1.0483
chr1	25893480	25895377	ENSG00000157978_1	1	+	25895376	1	0.0000	0.6600	1	AATAAA	14	0.8454
chr1	26516036	26516375	ENSG00000142675_1	1	+	26516219	1	0.0800	1.0000	NA	NA	NA	0.1154
chr1	31404352	31406060	ENSG00000134644_1	1	-	31404353	1	0.0000	0.2800	1	NA	NA	1.1672
chr1	32372021	32374455	ENSG00000184007_1	1	-	32373856	1	2.9400	9.3000	NA	AATAGA	24	3.8976
chr1	32372021	32374455	ENSG00000184007_1	2	-	32374299	1	0.7800	11.7800	NA	NA	NA	3.8976
chr1	33473584	33476432	ENSG00000004455_1	1	-	33474484	1	3.2400	1.7600	NA	NA	NA	1.9070
chr1	36859030	36859361	ENSG00000181817_1	1	-	36859021	1	0.0000	0.0800	-9	NA	NA	0.4309
chr1	40219024	40219388	ENSG00000084072_1	1	+	40219371	1	0.0000	0.8800	-5	AATAAA	22	0.8732
chr1	44443676	44443966	ENSG00000117410_1	1	+	44443967	1	0.0000	3.6000	3	AATAAA	14	3.7229
chr1	44686741	44687232	ENSG00000117419_1	1	-	44686764	1	0.0000	3.3000	23	NA	NA	3.4851
chr1	55315305	55317908	ENSG00000116133_1	1	-	55315308	1	0.0400	3.2200	3	NA	NA	3.7288
chr1	63906443	63906774	ENSG00000142856_1	1	-	63906443	1	0.0000	0.0000	0	TTTAAA	0	0.4644
chr1	95657421	95663163	ENSG00000152078_1	1	+	95663160	1	0.0000	0.0000	-1	AATAAA	15	0.3063
chr1	109780507	109780770	ENSG00000031698_1	1	+	109780743	3	0.0000	3.1800	-11	AATAAA	17	4.7904
chr1	110134852	110134877	ENSG00000065135_1	1	+	110136135	1	1.3400	0.8600	NA	NA	NA	1.8351
chr1	110943870	110944147	ENSG00000134248_1	1	-	110943879	1	0.0000	2.1200	5	ACTAAA	5	1.1195
chr1	151039970	151040970	ENSG00000213190_1	1	+	151040970	1	0.0000	0.0000	2	AATAAA	20	0.7521
chr1	151148779	151149122	ENSG00000163159_1	1	-	151148938	1	0.0000	0.1200	NA	NA	NA	0.2287
chr1	153579361	153580012	ENSG00000188643_1	1	-	153579366	1	0.0000	1.0600	5	NA	NA	0.3372
chr1	153901976	153902775	ENSG00000198837_1	1	-	153901977	1	0.0000	0.2800	1	NA	NA	0.5446
chr1	154554536	154557284	ENSG00000160710_1	1	-	154555472	2	4.3000	8.5800	NA	NA	NA	2.4482
chr1	154897209	154897607	ENSG00000163344_1	1	-	154897213	3	0.0000	1.5800	4	NA	NA	0.4746
chr1	156278751	156278992	ENSG00000163468_1	1	-	156278760	1	0.0000	0.7200	6	NA	NA	4.3569
chr1	180853199	180859387	ENSG00000143324_1	1	+	180857050	2	2.6200	4.4000	NA	NA	NA	0.6873
chr1	182350838	182353542	ENSG00000135821_1	1	-	182352033	2	0.3800	45.6600	5	NA	NA	13.4508
chr1	200520627	200522518	ENSG00000118193_1	1	-	200522484	1	0.5400	2.3000	NA	NA	NA	0.2205
chr1	200827184	200829829	ENSG00000118200_1	1	+	200829830	1	0.0000	0.7000	3	AATAAA	22	0.0554
chr1	201103899	201104793	ENSG00000116857_1	1	-	201103901	1	0.0000	0.1600	2	NA	NA	1.4607
chr1	201938679	201939789	ENSG00000134375_1	1	+	201939479	1	1.8600	0.0800	NA	AATAAA	12	0.9209
chr1	212619345	212619714	ENSG00000117691_1	1	+	212619485	1	1.3200	2.0600	NA	AATAAA	10	0.7919
chr1	212910297	212911752	ENSG00000117697_2	1	-	212911105	1	0.7400	1.9000	NA	NA	NA	0.1846
chr1	223962556	223963720	ENSG00000162909_1	1	+	223963012	1	6.8600	6.6200	NA	TTTAAA	8	1.3490
chr1	226170402	226173005	ENSG00000143751_1	1	-	226172965	1	4.4200	5.9000	NA	NA	NA	0.9994
chr1	228681583	228683467	ENSG00000168159_1	1	+	228682670	1	5.2400	10.1200	NA	AATAAA	20	3.1230
chr1	230415201	230417870	ENSG00000143641_1	1	+	230417866	1	0.0000	0.3800	-2	AATAAA	18	2.8961
chr1	231413285	231413719	ENSG00000116906_2	1	+	231413535	2	0.0000	1.7800	NA	AATAAA TTTAAA	19 14	0.7904
chr1	231499496	231502159	ENSG00000135766_1	1	-	231500778	1	3.2200	6.3600	NA	NA	NA	1.6376
chr1	245013601	245017754	ENSG00000153187_1	1	-	245017709	1	20.6400	23.8400	NA	ACTAAA	26	1.0639
chr10	88195012	88197302	ENSG00000062650_1	1	-	88195014	1	0.0000	0.5400	2	NA	NA	0.5651
chr10	102120687	102124591	ENSG00000099194_1	1	+	102122719	1	89.5200	225.1200	NA	NA	NA	14.8294
chr10	116190871	116196021	ENSG00000099204_1	1	-	116190872	3	0.0000	1.1400	1	NA	NA	0.0643
chr10	3178768	3178997	ENSG00000067057_2	1	+	3178993	1	0.0000	2.5000	6	ATTAAA	16	2.0526
chr10	13178863	13180291	ENSG00000123240_2	1	+	13178921	1	0.0000	1.4000	NA	NA	NA	0.0442
chr10	74034943	74035794	ENSG00000168209_1	1	+	74035308	1	43.7200	60.9600	NA	NA	NA	12.1961
chr10	79550548	79552200	ENSG00000151208_1	1	-	79551052	1	0.0000	0.0000	NA	NA	NA	0.3951
chr10	81910644	81915611	ENSG00000122359_1	1	-	81915346	2	2.0800	6.9000	-28	AATGAA TTTAAA	6 1	0.5864
chr10	91533802	91534700	ENSG00000138182_2	1	+	91534691	1	0.0000	0.2600	-5	AATAAA CATAAA	22 18	0.1184
chr10	96997328	96997684	ENSG00000107438_1	1	-	96997332	1	0.0000	1.8400	4	NA	NA	3.6283
chr10	105205303	105206049	ENSG00000148843_1	1	+	105206051	1	0.0000	0.3600	4	ATTAAA	18	0.8382
chr10	114575139	114578503	ENSG00000151532_2	1	+	114575199	1	5.2400	2.6000	NA	GATAAA	0	0.1950
chr10	127477146	127477439	ENSG00000188690_1	1	-	127477144	1	0.0000	2.4000	-4	NA	NA	0.4725
chr10	135175983	135176374	ENSG00000127884_1	1	-	135175990	1	0.1200	4.1200	7	AGTAAA	4	2.6820
chr11	867859	869860	ENSG00000177830_1	1	-	869770	1	2.2800	2.7000	NA	NA	NA	0.1848
chr11	12958766	12966298	ENSG00000187079_1	1	+	12963241	1	2.8800	4.9800	NA	NA	NA	0.4402
chr11	118914895	118916307	ENSG00000149428_1	1	-	118915023	2	1.8200	6.2000	NA	NA	NA	3.4279
chr11	252597	252984	ENSG00000185627_2	1	+	252982	1	0.0000	1.2800	2	AATAAA	18	1.7680
chr11	490579	491399	ENSG00000174915_1	1	+	491399	1	0.0000	1.1800	2	NA	NA	1.4864
chr11	839720	840374	ENSG00000177700_1	1	-	840204	3	0.1000	11.7000	NA	AATAAA	16	2.8884
chr11	1753639	1756512	ENSG00000244242_1	1	-	1756031	1	0.0000	0.0000	NA	NA	NA	0.0057
chr11	2418093	2418627	ENSG00000110651_1	1	+	2418627	1	0.1400	4.2800	2	AATAAA	13	5.8850
chr11	2965660	2966840	ENSG00000205531_1	1	-	2965664	1	0.0000	1.2000	1	NA	NA	1.6619
chr11	6340175	6340395	ENSG00000170955_1	1	-	6340178	1	0.0000	1.3400	3	NA	NA	0.2110
chr11	6631839	6632101	ENSG00000166333_1	1	+	6632103	1	10.1800	1.5400	7	AATAAA	18	1.2592
chr11	8707350	8711402	ENSG00000166441_1	1	+	8707395	2	1.3000	2.6444	NA	ATTAAA	18	0.2521
chr11	14526422	14526740	ENSG00000129084_1	1	-	14526423	1	0.0000	0.1400	1	NA	NA	1.0501
chr11	20404748	20405329	ENSG00000109854_1	1	+	20404951	1	1.0000	1.3400	NA	NA	NA	0.2479
chr11	45950870	45955521	ENSG00000135365_1	1	-	45953524	1	1.5000	1.0200	NA	NA	NA	0.2523
chr11	57295937	57296192	ENSG00000134809_1	1	-	57296108	1	0.8200	1.6600	NA	TATAAA	1	0.1427
chr11	60897729	60899294	ENSG00000167987_1	1	-	60897732	1	0.0000	0.2200	3	NA	NA	0.5171
chr11	61567098	61569885	ENSG00000149485_1	1	-	61567683	2	26.4800	39.0000	NA	NA	NA	13.1109
chr11	62430289	62430603	ENSG00000162194_1	1	-	62430290	1	0.0000	1.8000	1	NA	NA	0.7340
chr11	62533976	62534185	ENSG00000168002_1	1	+	62534182	3	0.0400	7.1000	-1	TATAAA	18	1.9669
chr11	63743789	63744014	ENSG00000176340_1	1	+	63744015	1	0.0400	9.0400	3	AATAAA TTTAAA	18 29	24.8827
chr11	63971595	63972020	ENSG00000168439_1	1	+	63972013	1	0.5800	8.5800	-1	AATAAA	12	6.6245
chr11	64037301	64037683	ENSG00000002330_1	1	-	64037301	1	0.0000	2.2600	-2	NA	NA	0.5604
chr11	64789324	64789656	ENSG00000213465_1	1	+	64789656	1	0.7000	2.6200	2	AATAAA	18	2.8138
chr11	64844923	64846581	ENSG00000146670_1	1	-	64845663	1	5.4800	5.3800	NA	NA	NA	1.3349
chr11	65064737	65065087	ENSG00000014138_1	1	+	65065088	1	0.0000	0.4200	3	ATTAAA	22	0.7128
chr11	65359770	65360115	ENSG00000173442_1	1	+	65360116	1	0.0000	2.3800	3	AATAAA	20	0.3035
chr11	65651210	65651447	ENSG00000172500_1	1	-	65651393	1	0.3600	2.0800	NA	NA	NA	0.2004
chr11	68522354	68525114	ENSG00000110090_1	1	-	68524231	1	1.2000	4.2200	NA	NA	NA	0.4545
chr11	69063856	69064753	ENSG00000172927_1	1	+	69064754	1	0.0000	0.5000	3	AATAAA TATAAA	9 5	1.2531
chr11	76507719	76509197	ENSG00000182704_1	1	+	76509189	1	0.0000	0.0000	4	AATAAA TATAAA	19 28	0.7810
chr12	51379774	51382110	ENSG00000110911_1	1	-	51380366	1	1.4000	1.6800	NA	NA	NA	0.3257
chr12	8926377	8929787	ENSG00000166532_1	1	+	8927234	1	0.0000	0.0000	NA	NA	NA	0.1635
chr12	53805021	53810221	ENSG00000185591_1	1	+	53810195	1	0.0000	0.0000	-24	NA	NA	2.1597
chr12	56295196	56295658	ENSG00000170473_1	1	-	56295197	1	0.0000	0.0400	1	NA	NA	0.3905
chr12	122716095	122716795	ENSG00000139719_1	1	-	122716307	1	0.0000	0.0200	NA	NA	NA	0.2954
chr12	6647333	6647537	ENSG00000111640_2	1	+	6647536	34	0.6400	85.9600	2	AATAAA	17	10.4962
chr12	21668638	21671337	ENSG00000111711_1	1	+	21669136	1	0.1400	9.7800	NA	ATTAAA TTTAAA	19 11	0.4644
chr12	22601540	22602696	ENSG00000111731_1	1	-	22602692	1	1.1400	0.0000	NA	NA	NA	0.1613
chr12	27124518	27126900	ENSG00000064115_1	1	-	27126289	1	0.0000	0.5600	NA	NA	NA	0.0816
chr12	31256964	31257725	ENSG00000013573_4	1	+	31257733	1	0.0000	0.0000	10	AATAAA	11	0.0392
chr12	46751971	46754896	ENSG00000134294_1	1	-	46751972	2	0.0600	3.4600	1	NA	NA	2.9691
chr12	53905844	53910923	ENSG00000170653_1	1	-	53905839	1	0.0000	0.9600	-5	NA	NA	0.9291
chr12	54383227	54384063	ENSG00000180818_1	1	+	54383883	1	0.0000	0.0000	NA	NA	NA	0.0721
chr12	54762919	54764042	ENSG00000161642_1	1	-	54762917	1	0.0000	1.6200	-2	NA	NA	1.2286
chr12	54789048	54790079	ENSG00000161638_1	1	-	54789058	1	0.2200	4.3000	11	NA	NA	3.6273
chr12	56506669	56507693	ENSG00000170515_1	1	+	56506933	1	6.2800	1.0800	NA	AATAAA AAGAAA AATGAA	23 11 2	1.8325
chr12	56735383	56737175	ENSG00000170581_1	1	-	56735384	1	1.5600	1.3000	1	NA	NA	0.6782
chr12	56810157	56811502	ENSG00000111602_1	1	-	56810908	1	2.0800	3.7400	NA	AATACA ACTAAA	7 1	0.4206
chr12	57057126	57058265	ENSG00000110958_1	1	-	57057131	1	0.0000	1.3400	-22	NA	NA	4.0606
chr12	69050964	69050997	ENSG00000127314_1	1	+	69054286	1	0.0000	0.0000	1	NA	NA	0.0582
chr12	74932183	74935232	ENSG00000253719_1	1	+	74933924	1	6.8800	2.7600	NA	NA	NA	3.0667
chr12	107365166	107367811	ENSG00000151135_1	1	+	107365972	1	7.0600	12.0400	NA	NA	NA	0.8119
chr12	110354425	110355873	ENSG00000139437_1	1	+	110355869	1	0.0000	1.2000	-2	AATAAA	22	0.2945
chr12	113629619	113630166	ENSG00000139405_1	1	+	113629959	1	1.0600	2.5200	NA	AATAAA	20	0.5480
chr12	113733878	113736387	ENSG00000186815_1	1	+	113736388	1	0.0000	0.4600	3	ACTAAA	17	0.3365
chr12	120936010	120936297	ENSG00000088986_1	1	+	120936201	1	5.2400	14.1600	NA	TATAAA	19	1.0034
chr12	121016848	121017123	ENSG00000167272_1	1	-	121016849	1	0.0000	0.0000	1	NA	NA	0.4952
chr12	123253622	123255953	ENSG00000139726_1	1	+	123255189	1	0.9400	1.4200	NA	TTTAAA	15	0.3820
chr12	123463890	123464588	ENSG00000111325_1	1	+	123463980	1	0.0000	4.1200	NA	AATAAA	20	0.3597
chr13	29252236	29253062	ENSG00000132963_1	1	+	29252336	3	2.7800	10.3200	NA	ATTAAA	19	0.5470
chr13	45911007	45911523	ENSG00000133112_1	1	-	45911007	1	0.4000	4.7000	0	NA	NA	1.6170
chr13	46700060	46701728	ENSG00000136167_1	1	-	46700113	1	0.0000	3.2400	NA	NA	NA	6.4934
chr13	100215009	100215645	ENSG00000125304_1	1	+	100215010	1	6.9600	6.0000	NA	NA	NA	0.7799
chr14	69254374	69256252	ENSG00000185650_1	1	-	69254382	1	0.0000	0.0000	8	NA	NA	0.5804
chr14	23033804	23034037	ENSG00000129562_1	1	-	23033809	1	0.0000	0.2000	5	NA	NA	0.2712
chr14	23240764	23241007	ENSG00000155463_1	1	+	23240907	1	0.1600	4.1000	NA	TTTAAA	20	0.8368
chr14	23495060	23495300	ENSG00000100804_1	1	-	23495067	1	0.0200	1.4600	5	NA	NA	2.7807
chr14	35870716	35871221	ENSG00000100906_1	1	-	35871178	1	0.1600	1.4200	NA	NA	NA	0.1116
chr14	50712119	50713778	ENSG00000087299_1	1	-	50712956	1	0.7400	2.0600	NA	NA	NA	0.2495
chr14	53241911	53245031	ENSG00000100522_1	1	-	53241912	1	0.0000	0.2000	1	NA	NA	0.5925
chr14	62213800	62214976	ENSG00000100644_2	1	+	62214977	1	0.0200	0.2600	3	AATAAA	15	0.1191
chr14	69846839	69847257	ENSG00000100632_1	1	-	69846848	1	0.0000	0.3200	9	NA	NA	4.0089
chr14	74181824	74186006	ENSG00000156030_1	1	-	74185234	1	6.4200	3.7400	NA	NA	NA	0.7688
chr14	74961700	74962271	ENSG00000165898_1	1	+	74962068	1	1.5400	1.5800	NA	TATAAA TTTAAA	18 32	0.1761
chr14	103985995	103986203	ENSG00000166165_1	1	-	103986004	3	0.0000	4.9000	9	NA	NA	6.6873
chr14	104378625	104379005	ENSG00000156411_1	1	-	104378854	2	9.7400	17.8400	NA	NA	NA	1.4069
chr14	105965280	105965585	ENSG00000185347_1	1	+	105965567	1	0.0000	0.0000	-15	AATAAA	14	0.0834
chr15	74922898	74924955	ENSG00000179151_1	1	-	74922900	1	0.0000	0.0000	2	NA	NA	1.0410
chr15	85212776	85213252	ENSG00000140612_1	1	-	85212775	1	0.0000	0.0200	-1	NA	NA	2.3741
chr15	90373830	90378749	ENSG00000157823_1	1	-	90373833	1	0.0000	0.9200	3	NA	NA	0.5281
chr15	93567932	93571237	ENSG00000173575_2	1	+	93571225	1	0.0000	0.4200	-10	ATTAAA	11	1.0363
chr15	38776857	38779911	ENSG00000171262_1	1	+	38777097	1	0.0000	1.2400	NA	NA	NA	0.1231
chr15	41059544	41060084	ENSG00000137880_1	1	+	41059908	2	1.6000	7.5000	NA	AATAAA	17	0.6595
chr15	41106421	41106767	ENSG00000166140_1	1	+	41106766	1	0.0000	1.0000	1	AATAAA	17	0.6435
chr15	41672381	41673245	ENSG00000137804_1	1	+	41673248	1	0.0000	1.0000	5	AATAAA CATAAA	13 9	1.5237
chr15	45008537	45008554	ENSG00000166710_1	1	+	45010343	1	0.0000	0.0000	-14	NA	NA	4.3606
chr15	57574782	57574796	ENSG00000140262_1	1	+	57578973	1	0.0000	0.0000	NA	NA	NA	1.0857
chr15	60639332	60639831	ENSG00000182718_1	1	-	60639642	1	0.2400	18.9000	NA	AAGAAA	16	3.5231
chr15	63883022	63883659	ENSG00000140455_1	1	+	63883645	1	1.6200	1.6400	-4	AATAAA ACTAAA	16 12	0.8476
chr15	67818880	67819639	ENSG00000189227_1	1	+	67818980	1	0.0000	0.2400	NA	AATAAA TTTAAA	19 14	0.0197
chr15	70340542	70342438	ENSG00000140332_1	1	-	70342141	1	3.8000	7.1800	NA	NA	NA	0.9220
chr15	72114631	72118923	ENSG00000066933_1	1	-	72114633	1	0.0000	0.4600	2	NA	NA	0.1345
chr15	72491369	72491993	ENSG00000067225_1	1	-	72491372	12	0.3800	30.8800	1	NA	NA	16.4164
chr15	75661719	75664322	ENSG00000169375_1	1	-	75663475	1	3.8200	3.0000	NA	NA	NA	0.8370
chr15	77336358	77339179	ENSG00000140391_1	1	-	77338372	1	0.0000	1.0600	1	NA	NA	0.4855
chr15	78841283	78841604	ENSG00000041357_1	1	+	78841537	1	0.0000	2.2200	-35	AATAAA	15	0.8421
chr15	91043337	91045475	ENSG00000140575_1	1	+	91045474	1	0.0000	0.9800	1	AATAAA	17	1.2296
chr16	1374791	1377019	ENSG00000103275_2	1	+	1375349	1	0.0000	0.3800	0	AATAAA AGTAAA	23 19	1.2764
chr16	24231431	24231932	ENSG00000166501_2	1	+	24231931	1	0.0000	0.4600	1	ATTAAA AATATA	17 30	1.0675
chr16	677619	679272	ENSG00000197562_1	1	+	679266	1	0.0000	0.9800	-4	AGTAAA	18	1.0787
chr16	698187	698474	ENSG00000172366_1	1	+	698475	1	0.0400	2.5400	3	AATAAA	19	1.3087
chr16	1724043	1727909	ENSG00000007545_1	1	+	1727450	1	1.8000	0.7400	NA	NA	NA	0.6385
chr16	3340555	3341460	ENSG00000006194_1	1	+	3341165	1	0.4000	2.2400	NA	NA	NA	0.3864
chr16	3458916	3459370	ENSG00000103343_1	1	+	3459361	1	0.0000	0.0200	-7	AATAAA	18	0.1524
chr16	4745177	4745860	ENSG00000168101_2	1	+	4745863	1	1.0000	0.3200	7	AATAAA	0	0.6253
chr16	8946798	8949023	ENSG00000153048_1	1	-	8946806	1	0.0800	1.7800	7	NA	NA	0.5373
chr16	18816174	18820893	ENSG00000157106_1	1	-	18817637	1	4.3400	3.2800	NA	NA	NA	0.6096
chr16	28853731	28854298	ENSG00000178952_1	1	-	28854109	1	0.0000	3.4400	NA	NA	NA	2.2527
chr16	30081530	30081741	ENSG00000149925_1	1	+	30081735	2	0.1000	65.0800	1	AATAAA	17	83.4369
chr16	31102162	31102457	ENSG00000167397_1	1	-	31102176	2	0.5600	2.4800	14	NA	NA	1.2395
chr16	31202756	31203127	ENSG00000089280_3	1	+	31202924	1	2.7200	1.4800	3	ATTAAA	17	0.9678
chr16	48385710	48389415	ENSG00000102910_1	1	+	48386391	1	2.1600	3.1000	NA	NA	NA	0.8963
chr16	56947314	56949760	ENSG00000070915_1	1	+	56948432	1	1.4600	1.3000	-4	NA	NA	0.0597
chr16	67006949	67008999	ENSG00000172828_1	1	+	67009052	1	0.0000	0.1400	NA	AATAAA	19	0.0236
chr16	67263291	67263541	ENSG00000135723_1	1	-	67263294	1	0.5200	1.2000	2	NA	NA	0.8683
chr16	69775769	69776237	ENSG00000141101_1	1	-	69775775	1	0.0000	1.0400	6	NA	NA	0.9809
chr16	70514471	70514915	ENSG00000103051_1	1	-	70514475	1	0.0000	1.4000	4	NA	NA	1.1793
chr16	88718342	88718935	ENSG00000167508_1	1	-	88718343	1	0.0000	2.7600	-1	NA	NA	2.8747
chr16	89629447	89630950	ENSG00000167526_1	1	+	89629481	1	10.8600	7.7353	NA	NA	NA	0.8531
chr16	90032368	90034468	ENSG00000140995_1	1	+	90034468	1	0.0000	2.5400	2	ATTAAA AATATA	21 25	0.3146
chr17	39910855	39911998	ENSG00000173801_1	1	-	39910861	1	0.0000	0.0000	6	NA	NA	1.6978
chr17	41843489	41846979	ENSG00000108861_1	1	-	41843496	1	0.0000	0.5200	7	NA	NA	0.9500
chr17	41843489	41846979	ENSG00000108861_1	2	-	41845788	1	5.3800	8.0200	NA	NA	NA	0.9500
chr17	47004493	47006420	ENSG00000159202_1	1	+	47005702	1	3.5400	4.6800	NA	NA	NA	1.1161
chr17	1549443	1549738	ENSG00000167705_1	1	-	1549449	1	0.0000	5.5000	6	NA	NA	1.1113
chr17	2592679	2593890	ENSG00000132361_1	1	-	2592681	1	0.0000	0.2800	2	NA	NA	1.2234
chr17	4840424	4841038	ENSG00000108528_1	1	-	4840608	1	0.0000	0.2400	NA	NA	NA	0.1655
chr17	12895702	12896137	ENSG00000006744_1	1	-	12895710	1	0.0000	0.0000	6	NA	NA	2.0196
chr17	26880404	26881240	ENSG00000087111_1	1	-	26880412	1	0.0000	0.5600	8	NA	NA	1.4069
chr17	34964848	34965397	ENSG00000129282_1	1	+	34965407	1	0.0000	1.8400	12	AATAAA	14	0.6243
chr17	38612832	38613983	ENSG00000141753_1	1	+	38613976	1	0.0000	0.0000	-5	NA	NA	4.4940
chr17	38781213	38785039	ENSG00000073584_1	1	-	38784055	1	1.1400	2.0200	NA	NA	NA	0.1118
chr17	38974368	38974730	ENSG00000186395_1	1	-	38974370	1	0.0000	0.0800	2	AAGAAA	23	0.3654
chr17	42268229	42269098	ENSG00000168591_1	1	+	42269099	1	1.4800	1.7000	3	AATAAA	13	0.2962
chr17	42396992	42397371	ENSG00000013306_1	1	-	42396999	2	0.0000	2.5200	7	NA	NA	2.7492
chr17	42430163	42430470	ENSG00000030582_1	1	+	42430471	1	0.1400	6.3600	3	AATAAA	19	1.5348
chr17	46198867	46200105	ENSG00000002919_1	1	+	46200106	1	0.0000	0.4600	3	AATAAA	21	0.5678
chr17	48445217	48445455	ENSG00000108826_1	1	-	48445227	1	0.0000	0.3200	-2	NA	NA	0.4495
chr17	49239203	49239556	ENSG00000239672_3	1	+	49239396	1	0.1200	7.8400	-24	ATTAAA	18	2.5716
chr17	66526587	66528908	ENSG00000108946_1	1	+	66526806	1	10.3600	3.5200	NA	AATAAA AATAGA	16 20	1.2552
chr17	72764875	72765489	ENSG00000109062_2	1	+	72765490	1	0.0000	4.0600	-1	NA	NA	2.6483
chr17	73163824	73164436	ENSG00000188612_1	1	-	73164207	1	1.5000	2.6600	NA	NA	NA	0.1186
chr17	73622950	73623504	ENSG00000108469_1	1	-	73622935	1	0.0000	0.8600	13	NA	NA	0.2065
chr17	73894723	73894933	ENSG00000204316_1	1	-	73894725	1	0.0000	1.4000	2	NA	NA	1.5794
chr17	79476998	79477718	ENSG00000184009_1	1	-	79476999	1	0.1600	9.6600	1	NA	NA	27.9802
chr17	79687104	79688041	ENSG00000183048_1	1	+	79688042	1	1.4200	3.4000	3	AATAAA	19	2.1327
chr17	79876148	79880483	ENSG00000197063_1	1	-	79879149	1	4.2200	4.4800	NA	NA	NA	0.7575
chr17	80036214	80037021	ENSG00000169710_1	1	-	80036301	2	9.1800	31.2200	NA	NA	NA	18.6511
chr17	80036214	80037021	ENSG00000169710_1	2	-	80036493	1	97.3200	94.0400	NA	NA	NA	18.6511
chr18	32912175	32917198	ENSG00000172466_1	1	-	32914832	1	5.7600	5.9400	NA	NA	NA	1.1798
chr18	9954205	9960018	ENSG00000101558_1	1	+	9954304	1	28.8000	27.4600	NA	NA	NA	0.9622
chr18	12326126	12326568	ENSG00000176014_1	1	+	12326568	1	1.5600	1.1400	2	AATAAA ACTAAA	14 22	2.7100
chr19	7928585	7929861	ENSG00000142459_1	1	+	7929862	1	0.0000	0.1000	3	AATAAA	17	0.0613
chr19	10501808	10502229	ENSG00000105401_1	1	-	10501809	1	0.0000	1.1800	1	NA	NA	1.6850
chr19	810823	812327	ENSG00000011304_1	1	+	812222	2	13.3600	28.9600	NA	ATTAAA	17	5.0943
chr19	896502	897439	ENSG00000198858_1	1	-	897401	1	5.4000	10.5600	NA	NA	NA	1.7257
chr19	994340	994569	ENSG00000065268_1	1	+	994557	1	0.0000	3.1200	-10	NA	NA	1.3342
chr19	1576677	1578341	ENSG00000071655_1	1	-	1576659	2	0.3000	1.7800	-18	NA	NA	4.2494
chr19	3052907	3053819	ENSG00000104964_1	1	-	3052908	2	0.0000	0.8600	1	NA	NA	6.5396
chr19	3052907	3053819	ENSG00000104964_1	2	-	3053160	1	0.5200	15.1800	NA	NA	NA	6.5396
chr19	3207683	3209572	ENSG00000125912_1	1	+	3207855	1	3.1800	2.7800	NA	NA	NA	1.5703
chr19	3207683	3209572	ENSG00000125912_1	2	+	3209573	1	0.0000	0.0000	3	AATAAA	14	1.5703
chr19	3544197	3544710	ENSG00000161091_2	1	-	3544198	1	0.0200	2.5400	1	NA	NA	0.9089
chr19	4090318	4090598	ENSG00000126934_1	1	-	4090322	1	0.8000	1.0200	0	NA	NA	2.9323
chr19	5691844	5692045	ENSG00000196365_1	1	-	5691846	1	4.8800	1.5800	2	NA	NA	1.7388
chr19	13063860	13064448	ENSG00000179262_1	1	+	13064456	1	0.0000	0.4200	10	AATAAA GATAAA TTTAAA	21 3 29	2.4784
chr19	13249217	13251955	ENSG00000160877_1	1	+	13251439	1	0.5800	0.6400	NA	NA	NA	1.3563
chr19	14041205	14041693	ENSG00000132024_2	1	+	14041694	1	0.0000	1.5800	3	AATAAA	13	0.3158
chr19	14588571	14589230	ENSG00000123159_1	1	-	14588580	3	0.0000	1.9200	9	NA	NA	0.8230
chr19	16212153	16213813	ENSG00000167460_1	1	+	16213149	1	5.2000	23.1800	NA	NA	NA	0.9305
chr19	16243111	16244443	ENSG00000167461_1	1	+	16244351	1	0.0000	0.0000	NA	ATTAAA	16	2.4051
chr19	17342693	17343163	ENSG00000160113_1	1	-	17342696	2	0.0000	8.7400	3	NA	NA	2.1918
chr19	18054521	18054793	ENSG00000007080_1	1	+	18054790	3	0.0000	5.9200	-1	AATAAA	12	1.4977
chr19	18390562	18391253	ENSG00000130522_1	1	-	18390571	2	3.4600	6.9600	9	NA	NA	4.7383
chr19	18685957	18688269	ENSG00000221983_1	1	+	18686048	4	10.8000	29.9200	NA	AATAAA	9	1.9529
chr19	18685957	18688269	ENSG00000221983_1	2	+	18686252	1	5.6000	8.8600	NA	AGTAAA	19	1.9529
chr19	34890938	34891236	ENSG00000105220_2	1	+	34891246	1	14.9000	10.6200	30	AATAAA	7	23.1184
chr19	36640738	36641254	ENSG00000126247_1	1	+	36641250	2	0.9400	14.8800	-2	AATAAA	16	8.4962
chr19	38795743	38795994	ENSG00000167645_1	1	-	38795752	2	0.0000	0.7200	5	NA	NA	4.5213
chr19	39405910	39406248	ENSG00000104835_1	1	-	39405888	1	0.0000	0.5800	-22	NA	NA	1.4262
chr19	41765806	41767670	ENSG00000167601_1	1	+	41767671	2	0.0000	0.7400	3	CATAAA	17	0.6705
chr19	41812467	41813811	ENSG00000105323_1	1	+	41813575	1	0.0000	0.0400	NA	AATAAA	17	1.1809
chr19	45165075	45169429	ENSG00000073008_1	1	+	45166850	1	0.0000	0.8000	2	ATTAAA	14	0.1251
chr19	47341422	47341706	ENSG00000042753_1	1	-	47341424	3	0.0000	15.0800	2	NA	NA	4.7043
chr19	49425678	49426528	ENSG00000104805_1	1	+	49426528	2	4.9400	5.2200	4	AATACA	20	2.7901
chr19	49995069	49995565	ENSG00000142541_1	1	+	49995563	3	0.0000	4.4400	0	AATAAA TTTAAA	21 32	7.8465
chr19	52826108	52829163	ENSG00000198464_2	1	+	52826748	1	1.1600	1.8600	NA	NA	NA	0.1766
chr19	54677108	54677740	ENSG00000125505_1	1	-	54677107	1	0.0200	4.3200	-3	NA	NA	1.9374
chr19	55602282	55602842	ENSG00000125503_1	1	-	55602287	1	0.0000	0.8000	5	NA	NA	0.6139
chr19	55741147	55741898	ENSG00000105063_1	1	-	55741148	1	1.2600	0.4600	1	NA	NA	2.3410
chr19	55998320	55998935	ENSG00000090971_1	1	+	55998936	1	0.0000	1.7600	3	AATAAA	19	0.5903
chr19	56889338	56891197	ENSG00000197025_1	1	+	56890852	1	0.0000	0.7800	NA	NA	NA	0.3275
chr2	25012854	25013282	ENSG00000184924_1	1	-	25013134	2	0.0400	1.1200	NA	NA	NA	0.3517
chr2	26413503	26414121	ENSG00000084754_1	1	-	26413739	2	0.4800	22.9000	NA	NA	NA	7.5009
chr2	27466383	27466660	ENSG00000084774_1	1	+	27466654	1	0.0000	0.7000	0	AATAAA	15	1.7465
chr2	27599583	27599995	ENSG00000115234_1	1	+	27599995	1	0.0000	1.6800	2	ATTAAA	14	0.9892
chr2	29022166	29025806	ENSG00000213639_1	1	+	29025806	1	0.0000	0.0600	7	ATTAAA	14	2.1126
chr2	42577646	42578361	ENSG00000115944_2	1	-	42578262	1	3.4000	0.0200	NA	AATAAA AATACA	23 27	1.1808
chr2	45615818	45616451	ENSG00000068784_1	1	-	45615820	1	0.0000	0.3000	2	NA	NA	0.2764
chr2	54895703	54896812	ENSG00000115306_2	1	+	54896812	1	0.0000	0.0000	2	ATTAAA AATATA TTTAAA	20 5 30	1.1451
chr2	55199324	55200294	ENSG00000115310_1	1	-	55199975	1	3.0800	5.0400	26	NA	NA	2.7296
chr2	70523106	70524423	ENSG00000035141_1	1	-	70524397	1	0.1400	0.0000	NA	NA	NA	0.6553
chr2	71213067	71215732	ENSG00000144043_1	1	-	71213074	1	0.0000	0.4200	5	NA	NA	0.8121
chr2	74588280	74588628	ENSG00000204843_1	1	-	74588286	1	0.0000	1.1200	5	NA	NA	1.2436
chr2	85569078	85570367	ENSG00000042445_1	1	-	85569396	1	0.0000	0.3600	NA	NA	NA	0.2188
chr2	96850596	96852470	ENSG00000084090_1	1	-	96850605	1	0.0000	1.0400	4	NA	NA	4.4473
chr2	96940073	96940752	ENSG00000144028_1	1	-	96940470	1	0.0600	2.6000	NA	NA	NA	1.3220
chr2	98264568	98264846	ENSG00000135940_1	1	+	98264655	4	0.0000	4.0600	NA	AGTAAA	4	0.8933
chr2	100016937	100017706	ENSG00000135945_1	1	-	100017399	1	0.0000	0.2400	NA	NA	NA	0.0583
chr2	101622840	101623729	ENSG00000071082_3	1	+	101622881	1	0.0000	0.0000	29	AATAAA TATAAA	20 28	0.1024
chr2	105880870	105883842	ENSG00000135966_1	1	-	105883474	1	0.0000	0.9400	NA	NA	NA	0.2528
chr2	106509629	106510730	ENSG00000071051_2	1	+	106510189	1	0.7800	0.0000	NA	NA	NA	0.1125
chr2	162267908	162268228	ENSG00000115233_1	1	+	162268228	1	0.0000	0.1000	15	AATAAA AATACA	18 23	1.0451
chr2	170938350	170940641	ENSG00000144357_1	1	+	170938812	1	0.0200	1.7400	NA	NA	NA	0.3177
chr2	175936977	175939339	ENSG00000115966_1	1	-	175936980	1	0.0000	0.6800	-2	NA	NA	0.5623
chr2	200134222	200136936	ENSG00000119042_1	1	-	200134227	1	0.0000	0.1600	2	NA	NA	0.3840
chr2	223435254	223436592	ENSG00000116120_1	1	-	223436464	1	1.1200	4.7000	NA	NA	NA	0.2348
chr2	239355149	239360891	ENSG00000065802_1	1	+	239355372	1	1.3000	1.2600	NA	ACTAAA	15	0.2630
chr2	240896788	240900537	ENSG00000130414_2	1	-	240900158	1	1.4400	0.6200	3	NA	NA	0.1798
chr2	241070242	241070470	ENSG00000172428_1	1	-	241070246	1	0.2000	5.3400	4	TTTAAA	19	0.7206
chr2	241405704	241407493	ENSG00000063660_1	1	+	241407493	1	0.0000	0.3000	2	AATAAA	20	0.0804
chr20	17594322	17594829	ENSG00000125844_1	1	-	17594324	1	0.0000	0.9000	2	AATAAA	4	0.4172
chr20	30157019	30157370	ENSG00000101294_2	1	+	30157235	1	2.3200	14.3000	NA	NA	NA	2.2086
chr20	30157019	30157370	ENSG00000101294_2	2	+	30157346	1	0.0000	0.9600	-15	ATTAAA	17	2.2086
chr20	32666352	32666359	ENSG00000125970_1	1	+	32668066	1	0.0000	0.0000	5	NA	NA	4.2661
chr20	32868073	32868842	ENSG00000101444_1	1	-	32868630	1	32.2600	51.1000	NA	NA	NA	8.5677
chr20	33148345	33148672	ENSG00000101464_1	1	-	33148347	1	0.0000	0.0000	2	NA	NA	0.2768
chr20	33515014	33515765	ENSG00000131069_2	1	+	33515761	1	0.0600	1.6800	0	AATAAA	21	6.1103
chr20	43953927	43955906	ENSG00000124145_1	1	-	43955085	1	0.0000	0.0200	NA	NA	NA	0.3735
chr20	44439831	44440066	ENSG00000101457_1	1	+	44440057	1	0.0000	0.0000	-3	ATTAAA AGTAAA AAGAAA	16 30 8	0.4536
chr20	47712972	47713489	ENSG00000124207_1	1	+	47713124	1	4.4000	6.2200	NA	ATTAAA	18	1.1219
chr20	48697660	48699307	ENSG00000244687_1	1	-	48697908	1	0.0000	0.2800	NA	NA	NA	1.9908
chr20	61919222	61921142	ENSG00000101199_3	1	+	61921142	1	0.0000	2.4800	3	AATAAA	17	1.4626
chr20	62374340	62374858	ENSG00000125520_1	1	+	62374857	1	0.0000	0.2600	1	ATTAAA	15	0.4371
chr21	35469651	35478559	ENSG00000198743_1	1	+	35470213	1	7.0400	14.2200	NA	NA	NA	1.4469
chr21	33040888	33041244	ENSG00000142168_1	1	+	33040987	1	2.3000	7.8600	NA	ATTAAA GATAAA	21 14	1.8142
chr21	33040888	33041244	ENSG00000142168_1	2	+	33041242	1	0.0000	0.1800	0	ATTAAA	15	1.8142
chr21	44473300	44473992	ENSG00000160200_1	1	-	44473303	1	0.0600	4.8800	3	NA	NA	4.1994
chr21	45175941	45182188	ENSG00000160209_3	1	+	45176093	1	0.9800	0.1600	NA	NA	NA	1.6518
chr21	45746742	45747259	ENSG00000141959_1	1	+	45747254	1	0.0000	1.1000	0	AATAAA	0	2.5721
chr21	46188954	46191294	ENSG00000184787_1	1	-	46190351	1	11.7000	12.7600	NA	TTTAAA	20	1.7160
chr21	46269514	46271284	ENSG00000183255_1	1	-	46269511	1	0.0000	2.5200	5	NA	NA	4.2523
chr22	41220538	41222544	ENSG00000100380_1	1	-	41222136	1	0.2400	3.0400	NA	CATAAA	26	0.2966
chr22	22108788	22118529	ENSG00000100030_1	1	-	22117734	1	20.1000	38.2800	NA	NA	NA	4.1551
chr22	22273792	22277467	ENSG00000100034_1	1	-	22276153	1	8.7800	8.0400	NA	NA	NA	2.7907
chr22	22890122	22890491	ENSG00000185686_1	1	-	22890126	2	0.0800	4.5600	3	NA	NA	13.7870
chr22	30972614	30973035	ENSG00000100029_1	1	-	30972619	1	0.1600	2.7000	-3	NA	NA	1.5878
chr22	31829954	31830438	ENSG00000185721_1	1	+	31830172	2	1.2000	1.9800	NA	CATAAA	5	1.0985
chr22	36863082	36863853	ENSG00000100348_1	1	-	36863096	1	0.0000	3.0600	14	NA	NA	1.8220
chr22	36883236	36886057	ENSG00000100350_1	1	-	36884085	1	9.7000	6.1000	NA	NA	NA	0.8959
chr22	41641614	41642609	ENSG00000100401_1	1	-	41641616	1	0.0000	1.4200	1	NA	NA	3.9316
chr22	41829495	41832317	ENSG00000183864_1	1	-	41831229	1	1.5000	1.9000	NA	NA	NA	0.5778
chr22	42069933	42070939	ENSG00000100138_1	1	-	42069938	1	0.0800	2.5600	-15	NA	NA	1.7707
chr22	46752900	46753237	ENSG00000100416_2	1	+	46753235	1	0.0000	0.2400	0	AATAAA	20	0.1159
chr3	47626761	47629701	ENSG00000173473_1	1	-	47627384	1	0.0000	0.2800	NA	NA	NA	2.8212
chr3	188592264	188608460	ENSG00000145012_2	1	+	188596330	1	0.0000	0.4400	NA	NA	NA	0.0093
chr3	8918759	8923043	ENSG00000070950_1	1	-	8919604	1	2.4000	7.5800	NA	NA	NA	0.4775
chr3	9847896	9848789	ENSG00000241553_1	1	+	9848788	1	0.6600	1.2000	1	ATTAAA	1	2.1592
chr3	31677553	31679112	ENSG00000163527_3	1	+	31678723	1	0.4800	1.8600	NA	AGTAAA	30	0.8039
chr3	41280830	41281939	ENSG00000168036_2	1	+	41281942	1	0.0000	0.5000	9	ATTAAA	12	0.7960
chr3	47892185	47894284	ENSG00000047849_1	1	-	47892186	1	0.0000	1.3200	4	NA	NA	3.6468
chr3	48473573	48473820	ENSG00000164051_1	1	-	48473591	1	0.0000	0.5000	8	NA	NA	0.1460
chr3	50337319	50337916	ENSG00000114378_1	1	-	50337321	1	0.0000	1.7800	1	AATACA	8	0.5329
chr3	51426517	51426828	ENSG00000145050_1	1	+	51426577	1	4.2000	8.2800	NA	NA	NA	0.6162
chr3	121350245	121350695	ENSG00000180353_1	1	-	121350247	1	0.0000	0.3400	2	NA	NA	1.0744
chr3	129033614	129034106	ENSG00000184897_1	1	-	129033617	3	0.0000	0.9800	3	NA	NA	2.3100
chr3	134196547	134197434	ENSG00000129055_1	1	-	134196548	1	0.0000	0.2400	-1	AATAAA	30	0.3421
chr3	140695292	140698775	ENSG00000114120_2	1	+	140695319	1	6.3600	9.1481	NA	NA	NA	0.6455
chr3	152881031	152886265	ENSG00000181467_1	1	+	152881355	1	6.5600	65.4600	NA	NA	NA	1.8738
chr3	183888540	183891398	ENSG00000161202_1	1	+	183888664	1	3.3000	2.3400	NA	AATAAA ACTAAA	20 30	0.5479
chr3	183901401	183901879	ENSG00000161203_2	1	+	183901879	1	0.0400	5.6800	17	AATAAA	20	5.5497
chr3	184052693	184053146	ENSG00000114867_1	1	+	184053140	2	0.0000	3.7200	0	ATTAAA	20	2.0760
chr4	1228474	1231628	ENSG00000159692_3	1	-	1228502	1	0.0000	0.0000	28	NA	NA	0.0778
chr4	39780051	39784412	ENSG00000078140_1	1	+	39783221	1	3.3400	3.0800	NA	NA	NA	1.1732
chr4	57325701	57327534	ENSG00000128050_1	1	+	57326115	1	121.6400	41.6800	NA	NA	NA	4.6028
chr4	185548849	185550428	ENSG00000164305_1	1	-	185549355	1	2.4600	5.0800	NA	AAGAAA	19	0.4525
chr4	1205235	1206030	ENSG00000159692_1	1	-	1205721	1	1.2800	3.0600	NA	AATGAA	20	2.1316
chr4	1205235	1206030	ENSG00000159692_1	2	-	1205810	1	14.3200	36.0600	NA	NA	NA	2.1316
chr4	17802277	17805116	ENSG00000163257_1	1	-	17802282	1	1.7600	0.7000	5	NA	NA	1.1661
chr4	57259527	57261520	ENSG00000128059_1	1	-	57259531	1	0.0000	0.4000	4	NA	NA	0.2743
chr4	68481478	68484717	ENSG00000033178_1	1	-	68483165	1	2.2600	5.8800	NA	NA	NA	0.8141
chr4	78634540	78641587	ENSG00000138767_1	1	-	78637230	1	1.0600	1.3800	NA	NA	NA	0.4984
chr4	139085250	139093112	ENSG00000151012_1	1	-	139091488	2	0.0800	2.1400	NA	AATACA	17	0.3393
chr4	146054800	146058584	ENSG00000164164_1	1	-	146057559	1	0.0000	0.0000	NA	NA	NA	0.1174
chr4	166263095	166264312	ENSG00000052802_2	1	+	166263592	1	33.6200	33.5800	NA	NA	NA	1.7562
chr4	185676748	185678281	ENSG00000151726_1	1	-	185677303	1	1.9000	0.4000	NA	NA	NA	0.7340
chr5	314776	315089	ENSG00000249915_4	1	+	314869	1	6.1400	9.9200	NA	NA	NA	1.0628
chr5	1816027	1816719	ENSG00000145494_1	1	+	1816162	3	0.4000	14.5600	NA	AATAAA	13	1.4922
chr5	10433793	10435491	ENSG00000145495_1	1	+	10435492	1	7.0200	9.0000	3	NA	NA	3.8780
chr5	44815301	44815624	ENSG00000112996_1	1	+	44815408	1	0.3600	2.0000	NA	ATTAAA AATACA	18 22	0.4789
chr5	56215428	56218957	ENSG00000155545_1	1	-	56218477	1	1.7400	2.1200	NA	AATAAA	5	0.3117
chr5	65118740	65125111	ENSG00000123213_1	1	+	65119966	1	1.3600	0.3600	NA	NA	NA	0.3105
chr5	72801060	72801460	ENSG00000145741_1	1	+	72801320	1	0.0000	5.4600	3	AATAAA	19	0.4390
chr5	110462578	110466200	ENSG00000134987_3	1	+	110465403	1	0.0000	0.0800	NA	AATAAA TTTAAA	15 11	0.6140
chr5	110831730	110835586	ENSG00000164211_1	1	-	110834732	1	11.4400	11.8400	NA	NA	NA	1.1395
chr5	111498317	111500689	ENSG00000129595_1	1	-	111500487	1	0.0000	0.0000	NA	NA	NA	0.0137
chr5	115163896	115167503	ENSG00000145782_1	1	-	115167273	1	5.2000	10.0200	NA	AATAGA	1	0.2049
chr5	132203271	132203723	ENSG00000164405_1	1	+	132203378	2	0.0000	3.7800	NA	AATAAA	19	0.5811
chr5	133492081	133493426	ENSG00000113558_1	1	-	133493165	1	0.8200	1.6400	-33	NA	NA	0.8646
chr5	134363423	134364471	ENSG00000069011_1	1	-	134363425	1	0.0000	3.2200	2	NA	NA	2.2795
chr5	137890570	137891728	ENSG00000113013_1	1	-	137891025	1	2.1400	2.5400	NA	ATTAAA	31	1.8520
chr5	138855548	138855848	ENSG00000184584_1	1	-	138855550	1	9.5000	8.5400	2	NA	NA	1.5617
chr5	139062489	139063467	ENSG00000171604_1	1	+	139063165	1	2.9400	5.4200	-11	NA	NA	1.3312
chr5	150088001	150090713	ENSG00000132912_1	1	-	150088310	1	0.0000	0.2400	1	NA	NA	2.3655
chr5	150647009	150650001	ENSG00000196743_2	1	+	150648799	1	0.2800	1.5600	NA	AATAAA	20	0.4750
chr5	154198050	154199878	ENSG00000170271_1	1	-	154198054	1	0.0000	0.5200	4	NA	NA	0.2539
chr5	170833406	170834129	ENSG00000181163_1	1	+	170833730	1	0.0800	6.8200	NA	AATAAA	19	0.6154
chr5	175819455	175819777	ENSG00000175416_1	1	-	175819521	1	0.0000	0.1000	NA	NA	NA	1.7203
chr5	175933948	175937075	ENSG00000113194_1	1	+	175934321	1	6.1800	9.8600	NA	NA	NA	1.2608
chr5	177637621	177638164	ENSG00000197451_1	1	+	177638182	1	1.5400	2.8200	37	AATAAA TTTAAA	0 7	4.4636
chr6	159052917	159056460	ENSG00000146433_1	1	+	159056466	1	0.0000	0.4200	8	AATAAA	16	0.6859
chr6	159186772	159187948	ENSG00000092820_1	1	-	159186781	1	0.0000	6.7400	7	NA	NA	4.8029
chr6	7249198	7252213	ENSG00000124782_1	1	+	7251348	1	10.5200	11.6600	NA	ACTAAA	19	2.5582
chr6	24423281	24423704	ENSG00000124532_2	1	+	24423705	1	0.0000	0.5600	3	AATAAA	19	0.0323
chr6	30558475	30559307	ENSG00000204574_1	1	+	30559095	1	1.5000	1.4000	NA	AATAAA AAGAAA	9 5	3.1338
chr6	30692171	30693203	ENSG00000196230_1	1	+	30692936	1	101.9000	98.9800	NA	NA	NA	14.4071
chr6	30710975	30711715	ENSG00000137331_1	1	-	30710977	1	0.0000	0.0600	2	NA	NA	0.7436
chr6	31765172	31765536	ENSG00000204392_1	1	-	31765176	2	0.1400	2.1800	4	NA	NA	7.3862
chr6	31765172	31765536	ENSG00000204392_1	2	-	31765367	1	9.7400	6.1600	NA	NA	NA	7.3862
chr6	34255996	34256532	ENSG00000112664_1	1	-	34256095	1	1.9800	1.8600	NA	NA	NA	4.9374
chr6	37298945	37300746	ENSG00000065491_1	1	+	37300704	1	0.0000	0.4800	NA	NA	NA	0.4973
chr6	42174538	42176029	ENSG00000048544_1	1	-	42174540	1	0.0000	2.2000	2	NA	NA	0.4351
chr6	42712218	42712773	ENSG00000124659_1	1	-	42712741	1	5.2200	1.6600	NA	NA	NA	0.4897
chr6	44081193	44081582	ENSG00000180992_1	1	-	44081432	2	0.0000	0.2000	NA	NA	NA	0.4143
chr6	52128806	52129388	ENSG00000112118_1	1	-	52128818	5	0.1200	6.1800	9	NA	NA	4.5054
chr6	82879699	82881144	ENSG00000005700_1	1	-	82879982	1	1.3800	1.5400	27	NA	NA	0.3169
chr6	87795215	87795476	ENSG00000135346_1	1	-	87795219	2	0.0800	1.9000	4	GATAAA	20	0.4209
chr6	150045458	150048107	ENSG00000120253_1	1	-	150045459	1	0.0000	2.2800	1	NA	NA	1.9530
chr6	150045458	150048107	ENSG00000120253_1	2	-	150046308	1	1.8400	3.7000	NA	NA	NA	1.9530
chr6	158363867	158366109	ENSG00000130340_1	1	+	158364903	1	10.4200	11.2400	NA	NA	NA	1.6075
chr7	5566781	5567381	ENSG00000075624_1	1	-	5567211	1	183.1800	41.1600	NA	NA	NA	44.0400
chr7	5645102	5646286	ENSG00000075618_1	1	+	5646284	1	0.0000	0.4800	1	AATAAA	15	5.1674
chr7	6628538	6629005	ENSG00000136247_1	1	+	6628606	1	0.0200	1.9000	NA	NA	NA	0.2084
chr7	44421968	44425612	ENSG00000015676_1	1	-	44423191	1	0.0200	4.4200	NA	NA	NA	1.0011
chr7	44841018	44842716	ENSG00000196262_1	1	+	44841838	1	5.1200	2.4800	NA	NA	NA	1.0986
chr7	44841018	44842716	ENSG00000196262_1	2	+	44842716	1	0.0000	2.0400	2	AATAAA	14	1.0986
chr7	56169261	56169546	ENSG00000106153_1	1	-	56169268	2	0.0000	1.1600	7	TATAAA	19	2.8942
chr7	75695725	75696826	ENSG00000146701_1	1	+	75695918	2	0.0000	9.1200	NA	AATAAA	7	1.9258
chr7	99667596	99668768	ENSG00000166526_2	1	-	99667597	1	0.0000	0.1400	-6	TATAAA	1	0.4513
chr7	99689409	99689823	ENSG00000168090_1	1	+	99689531	1	3.4400	2.4400	NA	AATAAA	11	0.5912
chr7	99751584	99751826	ENSG00000188186_2	1	+	99751826	1	0.0400	2.1600	2	AATAAA	14	1.4809
chr7	100031174	100031741	ENSG00000146834_1	1	+	100031741	1	0.5000	2.1800	3	AATAAA	8	1.2656
chr7	102113564	102114098	ENSG00000005075_1	1	-	102113905	1	0.7400	5.5000	NA	NA	NA	0.6657
chr7	112756772	112757456	ENSG00000214194_1	1	-	112757291	1	0.5600	0.0000	NA	NA	NA	0.6030
chr7	116436175	116438440	ENSG00000105976_1	1	+	116438433	1	0.0000	0.0000	-5	ATTAAA AGTAAA GATAAA	18 23 5	0.0286
chr7	116557918	116559315	ENSG00000198898_3	1	+	116559313	1	0.0000	0.3400	3	AATATA	20	0.8007
chr7	149169884	149171477	ENSG00000181220_1	1	-	149169884	1	0.0000	0.2200	0	NA	NA	1.4460
chr7	157060446	157062066	ENSG00000009335_2	1	+	157061275	1	12.3600	10.9400	NA	ATTAAA	21	1.6883
chr8	143784786	143786545	ENSG00000160886_3	1	+	143784878	2	1.3400	7.2400	8	ATTAAA	19	0.1726
chr8	87570635	87573726	ENSG00000085719_1	1	+	87572397	1	4.2400	14.9400	NA	AATAGA	10	1.2222
chr8	145162009	145162513	ENSG00000179632_1	1	+	145162514	3	0.0000	3.7600	3	AATAAA	19	2.7393
chr8	17143933	17143936	ENSG00000155975_2	1	+	17154241	1	0.0000	0.0000	NA	NA	NA	0.0967
chr8	20077910	20079212	ENSG00000147416_1	1	+	20078685	1	2.1800	4.6200	NA	NA	NA	0.9874
chr8	23118109	23119512	ENSG00000147457_2	1	+	23119514	1	0.0000	0.0000	7	ATTAAA AAGAAA	15 20	0.9211
chr8	23286664	23290441	ENSG00000197217_1	1	-	23286676	1	1.3600	1.9400	12	NA	NA	0.2003
chr8	27454433	27455760	ENSG00000120885_1	1	-	27455509	1	0.0000	2.4800	-19	NA	NA	0.1538
chr8	28625177	28625665	ENSG00000104299_1	1	-	28625180	1	0.0000	1.5200	1	NA	NA	0.5742
chr8	30435834	30436440	ENSG00000197265_1	1	-	30435836	1	0.0000	0.3000	2	NA	NA	0.3826
chr8	37716135	37720415	ENSG00000156675_1	1	-	37717879	1	4.3000	3.8600	NA	NA	NA	1.5726
chr8	56922666	56923939	ENSG00000254087_1	1	+	56923937	1	0.1800	1.2000	0	AATACA	22	2.6560
chr8	74893853	74895018	ENSG00000175606_2	1	+	74894093	1	0.0000	0.4600	NA	AATAAA	18	0.0133
chr8	144464818	144466390	ENSG00000158106_1	1	+	144464983	1	0.0000	0.4600	NA	ATTAAA	14	0.0303
chr8	144694787	144695082	ENSG00000104522_1	1	-	144694789	2	0.0000	2.1800	2	NA	NA	1.0258
chr9	33041761	33047293	ENSG00000122692_1	1	-	33041850	1	0.0000	0.4200	NA	NA	NA	0.3987
chr9	130628758	130630289	ENSG00000106992_1	1	-	130630119	1	1.0000	1.5800	NA	NA	NA	0.1553
chr9	34613547	34613781	ENSG00000137100_1	1	-	34613544	1	0.0000	0.7200	-3	NA	NA	0.3538
chr9	35056060	35057116	ENSG00000165280_1	1	-	35056608	1	0.0000	2.2200	NA	NA	NA	2.7164
chr9	35056060	35057116	ENSG00000165280_1	2	-	35056942	1	5.9800	13.9400	NA	NA	NA	2.7164
chr9	35696944	35697790	ENSG00000137076_1	1	-	35697336	1	0.1400	0.5000	NA	NA	NA	3.0696
chr9	103062953	103063282	ENSG00000119509_2	1	+	103063276	1	0.8800	0.8800	-4	NA	NA	0.2361
chr9	123151146	123151516	ENSG00000136861_1	1	-	123151154	1	0.0000	0.7600	7	AAGAAA	22	0.4670
chr9	127997131	127998873	ENSG00000044574_1	1	-	127998520	1	0.0600	1.0000	NA	NA	NA	0.5958
chr9	130882971	130883426	ENSG00000148334_1	1	-	130882973	1	0.0000	0.0000	2	NA	NA	2.2815
chr9	130925891	130926207	ENSG00000171159_1	1	+	130926203	2	0.0200	6.6400	-2	ATTAAA	21	7.9138
chr9	131152010	131153013	ENSG00000167118_4	1	+	131153013	1	1.0400	4.2800	2	AATAAA	16	1.6378
chr9	131909740	131911225	ENSG00000119383_5	1	+	131911222	1	0.0200	4.0200	0	ATTAAA	16	2.3221
chr9	132500609	132501892	ENSG00000148344_1	1	-	132500629	1	0.1000	2.0000	20	NA	NA	0.0977
chr9	132988763	132988783	ENSG00000107130_1	1	+	132996069	1	0.0000	0.0000	NA	NA	NA	1.0924
chr9	133309077	133309510	ENSG00000148357_1	1	+	133309509	1	0.0000	0.0000	2	TATAAA AATATA	16 14	0.0317
chr9	133376405	133376661	ENSG00000130707_2	1	+	133376641	1	0.2800	2.9600	-8	ATTAAA TATAAA	30 17	0.1423
chr9	134108871	134110057	ENSG00000126883_1	1	+	134109091	1	14.0200	18.8200	5	ATTAAA	17	3.4396
chr9	135251007	135251304	ENSG00000125482_1	1	-	135251008	1	0.0000	0.2200	1	NA	NA	0.1701
chr9	139317713	139318213	ENSG00000165688_3	1	+	139318213	1	0.0000	1.2400	2	AATAAA	16	1.0974
chr9	139566735	139567130	ENSG00000172889_1	1	+	139567130	1	0.2800	3.8400	3	AATAAA AATGAA	22 28	2.7626
chr9	139834886	139835382	ENSG00000159069_1	1	-	139834888	1	0.0000	4.3600	2	NA	NA	1.6996
chr9	140174410	140177093	ENSG00000198113_1	1	+	140177093	1	0.0000	0.5200	2	AATAAA	15	1.9473
chr9	140476530	140476997	ENSG00000165724_1	1	-	140476529	1	0.0000	2.2000	-1	NA	NA	1.2506
chrX	11139927	11141198	ENSG00000004961_1	1	+	11139948	1	1.7600	2.7143	NA	NA	NA	0.1231
chrX	77381324	77384793	ENSG00000102144_1	1	+	77382323	1	0.3800	1.5800	NA	ATTAAA	22	0.9177
chrX	84342681	84344972	ENSG00000155008_1	1	+	84342951	1	0.0000	0.5800	NA	NA	NA	0.2754
chrX	18910417	18911605	ENSG00000044446_1	1	-	18911090	1	0.0000	0.0000	NA	NA	NA	0.2097
chrX	41091774	41092185	ENSG00000124486_1	1	+	41092010	1	1.2800	1.5400	NA	AATAAA	7	0.9581
chrX	48750729	48751014	ENSG00000126768_1	1	-	48750732	1	0.0000	2.5000	2	NA	NA	1.7541
chrX	48830133	48830607	ENSG00000068400_1	1	-	48830134	1	0.0000	0.9600	1	NA	NA	0.1471
chrX	54842112	54842440	ENSG00000102316_2	1	+	54842442	2	0.0000	0.3000	3	ATTAAA	22	0.0789
chrX	56592178	56593328	ENSG00000188021_1	1	+	56592873	1	0.0000	0.0000	NA	NA	NA	0.5943
chrX	70519923	70521018	ENSG00000147140_1	1	+	70521017	1	0.0000	0.5400	1	ATTAAA AATACA	15 20	5.8489
chrX	71491891	71492523	ENSG00000198034_1	1	-	71492458	2	0.3000	9.1800	NA	NA	NA	0.3690
chrX	153194694	153195442	ENSG00000102030_1	1	-	153195378	1	0.4800	5.3800	9	NA	NA	0.3584
chrX	153275970	153276393	ENSG00000184216_1	1	-	153275959	6	0.0600	5.7800	1	NA	NA	5.7137
