chrm	beg	end	utr_ID	strand	polyA_coordinate	annotated_polyA_distance	nearby_PAS	PAS_distance	number_supporting_reads	number_unique_supporting_reads	unique_reads_spread
chr8	23391438	23392522	ENSG00000249062.2_1_1	-	23391516	NA	NA	NA	1	1	0.0
chr16	75572006	75573894	ENSG00000205084.3_1_1	-	75572937	NA	NA	NA	1	1	0.0
chr11	61567087	61569885	ENSG00000149485.10_1_1	-	61567731	NA	NA	NA	2	2	3.53553390593
chr11	61567087	61569885	ENSG00000149485.10_1_1	-	61569429	NA	NA	NA	1	1	0.0
chr22	21975955	21978333	ENSG00000185651.10_1_1	+	21976222	NA	NA	NA	1	1	0.0
chr21	35469651	35478569	ENSG00000198743.5_1_1	+	35476865	NA	AATATA	10	1	1	0.0
chr20	3903938	3907615	ENSG00000125779.15_1_1	+	3907538	NA	NA	NA	1	1	0.0
chr11	9466738	9469683	ENSG00000205339.5_2_1	+	9468367	NA	NA	NA	1	1	0.0
chr14	74400694	74400961	ENSG00000156050.3_1_1	-	74400917	NA	NA	NA	1	1	0.0
chr9	71863239	71863916	ENSG00000119139.11_1_1	+	71863842	NA	NA	NA	1	1	0.0
chr3	37027346	37032747	ENSG00000178567.5_1_1	-	37030473	NA	AATACA	29	1	1	0.0
chr3	37027346	37032747	ENSG00000178567.5_1_1	-	37031964	NA	AATACA	15	1	1	0.0
chr4	17882207	17885345	ENSG00000178177.9_3_1	-	17883665	NA	NA	NA	1	1	0.0
chr17	46684594	46685206	ENSG00000120087.5_1_1	-	46685139	NA	NA	NA	1	1	0.0
chr1	150523533	150524377	ENSG00000225996.2_1_1	+	150524310	NA	NA	NA	1	1	0.0
chr16	89629447	89630960	ENSG00000167526.8_1_1	+	89629922	NA	NA	NA	3	1	0.0
chr18	61170952	61172328	ENSG00000206075.7_1_1	+	61171141	NA	NA	NA	1	1	0.0
chr11	93521351	93522972	ENSG00000042429.5_1_1	+	93522285	NA	NA	NA	1	1	0.0
chr14	23527765	23528359	ENSG00000100813.8_1_1	-	23527909	NA	NA	NA	1	1	0.0
chr2	62095213	62095829	ENSG00000115484.10_1_1	-	62095631	NA	NA	NA	1	1	0.0
chr12	80167332	80169711	ENSG00000058272.9_1_1	-	80168481	NA	NA	NA	1	1	0.0
chr22	17264291	17264511	ENSG00000172967.7_1_1	-	17264511	NA	AATAAA AATAAA ATTAAA	11 21 7	1	1	0.0
chr18	32831012	32833416	ENSG00000186814.5_1_1	-	32831836	NA	ACTAAA	14	1	1	0.0
chr2	100015874	100016738	ENSG00000158417.5_1_1	+	100015929	NA	AGTAAA	13	1	1	0.0
chr17	15947769	15948346	ENSG00000011295.6_2_1	+	15948252	NA	NA	NA	2	1	0.0
chr7	56130775	56131692	ENSG00000146731.5_1_1	+	56131323	NA	NA	NA	1	1	0.0
chr1	67873482	67878892	ENSG00000142864.10_1_1	-	67875054	NA	AAGAAA	12	1	1	0.0
chr14	90871058	90874627	ENSG00000198668.5_1_1	+	90871078	NA	NA	NA	1	1	0.0
chr7	12728479	12730569	ENSG00000122644.8_1_1	+	12729936	NA	NA	NA	1	1	0.0
chr7	17919039	17922439	ENSG00000071189.15_3_1	-	17920655	NA	NA	NA	1	1	0.0
chr15	72491359	72491993	ENSG00000067225.10_1_1	-	72491444	-1	NA	NA	1	1	0.0
chr10	113909613	113913310	ENSG00000119927.9_1_1	-	113912492	NA	NA	NA	1	1	0.0
chr17	65334021	65336961	ENSG00000197170.4_1_1	-	65335380	NA	NA	NA	1	1	0.0
chr3	32522793	32525454	ENSG00000091317.7_1_1	-	32524278	NA	NA	NA	1	1	0.0
chr2	217366124	217368284	ENSG00000197756.4_1_1	+	217367198	NA	ATTAAA	9	1	1	0.0
chr19	12903626	12904134	ENSG00000171223.4_1_1	+	12904107	-15	AGTAAA	34	1	1	0.0
chr18	32912165	32917198	ENSG00000172466.9_1_1	-	32916961	NA	NA	NA	1	1	0.0
chr16	58438630	58440058	ENSG00000181938.8_1_1	+	58439158	NA	NA	NA	1	1	0.0
chr6	82455436	82459414	ENSG00000112773.11_2_1	-	82456251	NA	AATATA	33	1	1	0.0
chr6	28121792	28124099	ENSG00000198315.5_2_1	+	28122035	NA	NA	NA	1	1	0.0
chr1	149855999	149857812	ENSG00000184678.8_1_1	-	149857426	NA	AATATA	32	1	1	0.0
chr2	160625353	160628364	ENSG00000241399.2_1_1	-	160626472	NA	NA	NA	1	1	0.0
chr1	8921050	8921421	ENSG00000074800.8_1_1	-	8921357	NA	NA	NA	1	1	0.0
chr7	5105229	5109129	ENSG00000146587.12_1_1	+	5107824	NA	TATAAA	9	1	1	0.0
chr6	16146979	16148489	ENSG00000007944.10_1_1	+	16147051	NA	ATTAAA TATAAA	27 19	1	1	0.0
chr12	93793152	93797034	ENSG00000173598.8_1_1	+	93795999	NA	NA	NA	1	1	0.0
chr1	110887038	110887606	ENSG00000256735.1_1_1	-	110887092	NA	CATAAA	9	1	1	0.0
chr17	25639392	25640667	ENSG00000109046.9_2_1	+	25640159	NA	NA	NA	1	1	0.0
chr18	43843078	43846964	ENSG00000152242.5_1_1	+	43844648	NA	NA	NA	1	1	0.0
chr8	48889335	48890730	ENSG00000104738.10_2_1	+	48890127	NA	NA	NA	1	1	0.0
chr16	23533324	23535694	ENSG00000103356.9_1_1	-	23533863	NA	NA	NA	2	1	0.0
chr5	14704902	14711308	ENSG00000154122.8_1_1	-	14709076	NA	NA	NA	1	1	0.0
chr22	36134772	36140244	ENSG00000100320.16_1_1	-	36140045	NA	NA	NA	1	1	0.0
chr18	19444624	19450928	ENSG00000101752.6_1_1	+	19445812	NA	TATAAA	31	1	1	0.0
chr6	27101240	27103080	ENSG00000196787.2_1_1	+	27101240	NA	NA	NA	1	1	0.0
chr22	22108778	22118529	ENSG00000100030.9_1_1	-	22114680	NA	NA	NA	1	1	0.0
chrX	109437403	109441750	ENSG00000101935.5_1_1	-	109439690	NA	NA	NA	1	1	0.0
chr22	39257444	39262216	ENSG00000183741.7_1_1	-	39257597	NA	NA	NA	1	1	0.0
chr3	124944394	124951187	ENSG00000163848.13_1_1	-	124951187	NA	TTTAAA	9	1	1	0.0
chr5	660872	665219	ENSG00000171368.10_1_1	-	663581	NA	NA	NA	1	1	0.0
chr22	40719242	40731821	ENSG00000100354.13_3_1	+	40724967	NA	NA	NA	1	1	0.0
chr22	45736283	45737846	ENSG00000100376.7_2_1	+	45737748	NA	NA	NA	1	1	0.0
chr10	74766964	74767982	ENSG00000122884.7_1_1	-	74767512	NA	AAGAAA TTTAAA	32 28	1	1	0.0
chr6	27806817	27806843	ENSG00000233822.2_1_1	+	27806817	NA	NA	NA	1	1	0.0
chr4	48499367	48501441	ENSG00000075539.9_1_1	-	48500175	NA	AAGAAA TTTAAA	30 0	1	1	0.0
chr10	89725226	89731697	ENSG00000171862.5_1_1	+	89728623	NA	AATACA	34	1	1	0.0
chr1	59246454	59247749	ENSG00000177606.5_1_1	-	59247668	NA	NA	NA	1	1	0.0
chrX	71491881	71492523	ENSG00000198034.6_1_1	-	71492522	NA	CATAAA	5	2	2	1.0
chr21	38120390	38122228	ENSG00000159263.9_2_1	+	38122123	NA	NA	NA	1	1	0.0
chr17	40554457	40556707	ENSG00000177469.10_1_1	-	40554535	NA	NA	NA	1	1	0.0
chr10	70742565	70744839	ENSG00000165732.7_1_1	+	70743441	NA	NA	NA	1	1	0.0
chr7	140424932	140426296	ENSG00000157764.7_1_1	-	140425799	NA	NA	NA	1	1	0.0
chr11	65269494	65270117	ENSG00000257018.1_1_1	-	65269816	NA	NA	NA	1	1	0.0
chr11	65269494	65270117	ENSG00000257018.1_1_1	-	65269971	NA	NA	NA	1	1	0.0
chr11	65269494	65270117	ENSG00000257018.1_1_1	-	65270117	NA	NA	NA	3	1	0.0
chr9	100777710	100778235	ENSG00000136938.7_1_1	+	100777726	NA	NA	NA	1	1	0.0
chr7	102975678	102978159	ENSG00000105821.9_2_1	-	102976040	NA	NA	NA	1	1	0.0
chr7	75956105	75958896	ENSG00000170027.4_1_1	-	75956262	NA	NA	NA	1	1	0.0
chr15	91043337	91045485	ENSG00000140575.6_1_1	+	91043361	NA	NA	NA	1	1	0.0
chr1	168214792	168215926	ENSG00000214262.3_1_1	-	168215721	NA	AAGAAA AATGAA	19 24	1	1	0.0
chr17	30187912	30190380	ENSG00000108651.3_1_1	-	30187916	-6	NA	NA	1	1	0.0
chr17	3799880	3801110	ENSG00000108405.2_1_1	-	3800661	NA	NA	NA	1	1	0.0
chr1	32673680	32674298	ENSG00000160051.7_1_1	+	32674138	NA	NA	NA	1	1	0.0
chr2	174232389	174233735	ENSG00000144354.9_2_1	+	174233015	NA	NA	NA	1	1	0.0
chr3	88190799	88193825	ENSG00000175105.5_1_1	+	88191381	NA	ATTAAA	18	1	1	0.0
chr15	64792611	64795267	ENSG00000180357.3_1_1	+	64795209	NA	NA	NA	1	1	0.0
chr2	170606239	170608408	ENSG00000213160.4_1_1	+	170606931	NA	NA	NA	1	1	0.0
chr4	773984	774821	ENSG00000255620.1_1_1	-	774051	NA	NA	NA	1	1	0.0
chr17	43183004	43186387	ENSG00000136448.6_2_1	+	43186123	NA	NA	NA	1	1	0.0
chr6	143765683	143766094	ENSG00000189007.9_2_1	-	143766063	NA	AAGAAA	2	1	1	0.0
chr5	10433793	10435501	ENSG00000145495.8_2_1	+	10435423	NA	TTTAAA	7	1	1	0.0
chr9	33041751	33047293	ENSG00000122692.7_1_1	-	33042307	NA	NA	NA	1	1	0.0
chr1	180853199	180859397	ENSG00000143324.9_1_1	+	180854499	NA	NA	NA	1	1	0.0
chr11	3379146	3380350	ENSG00000005801.11_2_1	-	3379528	NA	NA	NA	1	1	0.0
chr5	37288228	37292004	ENSG00000113569.10_1_1	-	37291431	NA	NA	NA	1	1	0.0
chr17	73232684	73234362	ENSG00000125447.11_1_1	-	73233246	NA	NA	NA	1	1	0.0
chr16	81497486	81497861	ENSG00000256608.1_1_1	-	81497721	NA	NA	NA	1	1	0.0
chr15	37100651	37102442	ENSG00000186073.6_1_1	+	37102194	NA	TATAAA	14	1	1	0.0
chr2	223806369	223809367	ENSG00000123983.9_1_1	+	223807756	NA	NA	NA	1	1	0.0
chr17	8062456	8064175	ENSG00000220205.3_1_1	-	8063762	NA	NA	NA	2	1	0.0
chr6	87971516	87973924	ENSG00000188994.8_3_1	+	87971591	NA	TTTAAA	6	1	1	0.0
chr2	128227561	128227710	ENSG00000163166.8_1_2	-	128227704	NA	NA	NA	1	1	0.0
chr9	7796479	7798575	ENSG00000137038.7_1_1	-	7797773	NA	AAGAAA	7	1	1	0.0
chr22	19428398	19429169	ENSG00000242259.3_1_1	-	19428541	NA	AATAAA AATAAA GATAAA TTTAAA	14 20 33 8	1	1	0.0
