chrm	beg	end	utr_ID	strand	polyA_coordinate	annotated_polyA_distance	nearby_PAS	PAS_distance	number_supporting_reads	number_unique_supporting_reads	unique_reads_spread
chr13	48619932	48621292	ENSG00000136159.2_1_1	+	48620713	NA	NA	NA	1	1	0.0
chr11	61567087	61569885	ENSG00000149485.10_1_1	-	61568043	NA	TTTAAA	21	1	1	0.0
chr19	17342683	17343163	ENSG00000160113.3_1_1	-	17342760	NA	NA	NA	1	1	0.0
chr22	21975955	21978333	ENSG00000185651.10_1_1	+	21976222	NA	NA	NA	1	1	0.0
chr21	35469651	35478569	ENSG00000198743.5_1_1	+	35470998	NA	NA	NA	1	1	0.0
chr12	22601506	22602696	ENSG00000111731.8_1_1	-	22602696	NA	AATAAA AATAAA TATAAA TTTAAA	7 24 18 3	1	1	0.0
chr1	20825932	20827185	ENSG00000090432.5_1_1	-	20826011	NA	NA	NA	1	1	0.0
chr12	1895235	1897854	ENSG00000006831.9_1_1	+	1895774	NA	TATAAA TTTAAA	13 21	1	1	0.0
chr13	110406173	110408653	ENSG00000185950.7_1_1	-	110408056	NA	NA	NA	1	1	0.0
chr15	72491359	72491993	ENSG00000067225.10_1_1	-	72491435	-10	NA	NA	1	1	0.0
chr19	16628699	16629972	ENSG00000085872.8_1_1	-	16629772	5	NA	NA	1	1	0.0
chr10	104836934	104838354	ENSG00000148842.10_2_1	+	104837950	NA	NA	NA	1	1	0.0
chr22	22890112	22890491	ENSG00000185686.12_1_1	-	22890216	28	NA	NA	1	1	0.0
chr5	170837566	170838151	ENSG00000181163.9_2_1	+	170837780	NA	TTTAAA	2	1	1	0.0
chr3	15111569	15115291	ENSG00000131381.7_1_1	-	15113573	NA	NA	NA	1	1	0.0
chr4	6882690	6885907	ENSG00000170871.7_1_1	+	6885284	NA	AAGAAA	23	1	1	0.0
chr19	3777957	3778183	ENSG00000007264.8_1_1	-	3778038	NA	NA	NA	1	1	0.0
chr12	24964284	24970944	ENSG00000060982.10_1_1	-	24967802	NA	NA	NA	1	1	0.0
chr17	79476988	79477718	ENSG00000184009.2_1_1	-	79477070	NA	AATAGA	6	1	1	0.0
chr17	79476988	79477718	ENSG00000184009.2_1_1	-	79477351	NA	NA	NA	1	1	0.0
chr19	11241989	11244516	ENSG00000130164.5_1_1	+	11242134	NA	NA	NA	1	1	0.0
chrX	153212993	153214800	ENSG00000172534.9_1_1	-	153213307	NA	NA	NA	1	1	0.0
chr1	26286247	26288482	ENSG00000158006.8_1_1	-	26287005	NA	NA	NA	1	1	0.0
chr16	2036026	2037756	ENSG00000127554.10_1_1	+	2036613	NA	NA	NA	1	1	0.0
chr11	35827932	35829785	ENSG00000166326.5_1_1	+	35829705	NA	NA	NA	1	1	0.0
chr11	61170110	61172176	ENSG00000149532.10_1_1	-	61171541	NA	NA	NA	1	1	0.0
chr1	24295556	24297634	ENSG00000188529.9_3_1	-	24297099	NA	TTTAAA	5	1	1	0.0
chr6	116571140	116573929	ENSG00000187189.9_1_1	-	116571588	NA	NA	NA	1	1	0.0
chr15	55472993	55474352	ENSG00000137876.4_1_1	-	55474077	NA	TTTAAA	23	1	1	0.0
chr2	99812165	99814099	ENSG00000241962.3_2_1	+	99814019	NA	NA	NA	1	1	0.0
