chrm	beg	end	utr_ID	strand	polyA_coordinate	annotated_polyA_distance	nearby_PAS	PAS_distance	number_supporting_reads	number_unique_supporting_reads	unique_reads_spread
chr13	113831880	113832514	ENSG00000126226.14_1_1	-	113831993	11	NA	NA	1	1	0.0
chr9	115948705	115950039	ENSG00000119321.4_2_1	-	115949683	NA	NA	NA	1	1	0.0
chr5	176758552	176759089	ENSG00000169223.9_1_1	-	176759082	NA	AATAAA	13	1	1	0.0
chr8	98863699	98865251	ENSG00000104341.10_1_1	+	98864356	NA	NA	NA	1	1	0.0
chr19	13873879	13874116	ENSG00000104957.8_1_1	+	13874001	NA	NA	NA	1	1	0.0
chr15	76634173	76634827	ENSG00000159556.4_1_1	+	76634173	NA	NA	NA	1	1	0.0
chr17	73163814	73164436	ENSG00000188612.6_1_1	-	73164292	NA	NA	NA	1	1	0.0
chr18	72907052	72913373	ENSG00000180011.5_1_1	-	72908655	NA	NA	NA	1	1	0.0
chr19	19616280	19619750	ENSG00000167491.10_1_1	+	19616752	NA	NA	NA	1	1	0.0
chr15	75949553	75954652	ENSG00000173548.7_1_1	+	75953254	NA	NA	NA	1	1	0.0
chr11	35016716	35017529	ENSG00000110435.6_1_1	+	35017007	NA	ATTAAA TATAAA	23 11	1	1	0.0
chr16	29676249	29681821	ENSG00000197471.5_1_1	+	29681455	NA	NA	NA	1	1	0.0
chr4	17802267	17805116	ENSG00000163257.6_1_1	-	17804697	NA	NA	NA	1	1	0.0
chr4	17802267	17805116	ENSG00000163257.6_1_1	-	17805048	NA	NA	NA	1	1	0.0
chr11	120355783	120360655	ENSG00000196914.4_1_1	+	120359230	NA	AAGAAA	28	1	1	0.0
chr14	103807386	103811369	ENSG00000100664.5_1_1	+	103807386	NA	NA	NA	1	1	0.0
chr20	31025138	31027132	ENSG00000171456.10_3_1	+	31026408	NA	NA	NA	1	1	0.0
chr16	2569743	2570229	ENSG00000185883.4_1_1	+	2569975	NA	NA	NA	1	1	0.0
chr3	45715033	45715400	ENSG00000144791.5_1_1	+	45715323	NA	NA	NA	1	1	0.0
chr11	61567087	61569885	ENSG00000149485.10_1_1	-	61567738	NA	NA	NA	13	8	2.96128870076
chr9	96326819	96328407	ENSG00000048828.11_3_1	+	96326863	NA	NA	NA	1	1	0.0
chr9	96326819	96328407	ENSG00000048828.11_3_1	+	96327944	NA	NA	NA	1	1	0.0
chr1	160964990	160968663	ENSG00000158769.11_1_1	-	160967835	NA	NA	NA	1	1	0.0
chr7	152343578	152345729	ENSG00000196584.2_1_1	-	152345565	NA	NA	NA	2	2	0.707106781187
chr1	212276279	212278358	ENSG00000143476.12_1_1	+	212276542	NA	AGTAAA CATAAA	11 6	2	1	0.0
chr16	23474852	23478913	ENSG00000103365.8_1_1	-	23478728	NA	NA	NA	1	1	0.0
chr16	23474852	23478913	ENSG00000103365.8_1_1	-	23478887	NA	TTTAAA	0	1	1	0.0
chr1	109852181	109856667	ENSG00000134243.7_1_1	-	109852662	NA	NA	NA	1	1	0.0
chr7	89939549	89940387	ENSG00000105792.15_4_1	+	89940243	NA	GATAAA	18	1	1	0.0
chr17	73772506	73774678	ENSG00000132475.3_1_1	-	73774026	NA	NA	NA	1	1	0.0
chr17	73772506	73774678	ENSG00000132475.3_1_1	-	73774272	NA	NA	NA	1	1	0.0
chr9	127640635	127642811	ENSG00000136935.8_1_1	-	127642581	NA	NA	NA	1	1	0.0
chrX	70793641	70795757	ENSG00000147162.9_1_1	+	70794118	NA	NA	NA	1	1	0.0
chr22	21975955	21978333	ENSG00000185651.10_1_1	+	21976453	NA	NA	NA	2	2	0.707106781187
chr20	49202634	49203771	ENSG00000042062.7_1_1	-	49202717	NA	NA	NA	1	1	0.0
chr22	22838763	22842094	ENSG00000198477.3_1_1	-	22839599	NA	CATAAA	9	1	1	0.0
chr1	19585321	19586632	ENSG00000053372.4_1_1	+	19585702	NA	NA	NA	2	2	1.58113883008
chr3	38294379	38296989	ENSG00000172939.4_2_1	+	38296476	NA	NA	NA	1	1	0.0
chr15	28356175	28356911	ENSG00000128731.10_1_1	-	28356480	NA	TATAAA	17	1	1	0.0
chr5	141318321	141321622	ENSG00000081791.4_1_1	+	141319670	-26	NA	NA	1	1	0.0
chr9	139834876	139835382	ENSG00000159069.9_1_1	-	139835335	NA	NA	NA	1	1	0.0
chr12	54744304	54745643	ENSG00000111481.4_1_1	+	54744833	-31	NA	NA	1	1	0.0
chrX	18910407	18911605	ENSG00000044446.6_1_1	-	18910933	NA	AATAGA	4	2	2	1.58113883008
chrX	18910407	18911605	ENSG00000044446.6_1_1	-	18911147	NA	NA	NA	1	1	0.0
chr21	15857538	15858235	ENSG00000155307.13_1_1	-	15857607	NA	NA	NA	1	1	0.0
chr19	7977313	7979373	ENSG00000076984.11_1_1	+	7978580	NA	NA	NA	1	1	0.0
chr22	19163084	19163645	ENSG00000100075.5_1_1	-	19163160	NA	NA	NA	2	2	1.0
chr11	12958766	12966308	ENSG00000187079.10_1_1	+	12960545	NA	NA	NA	1	1	0.0
chr11	12958766	12966308	ENSG00000187079.10_1_1	+	12965302	NA	NA	NA	1	1	0.0
chr13	48650081	48651277	ENSG00000136146.8_1_1	-	48650639	NA	AATAAA	23	1	1	0.0
chr4	83739803	83740229	ENSG00000138674.12_1_1	-	83739884	NA	AAGAAA	2	1	1	0.0
chr22	38028715	38029581	ENSG00000100083.14_3_1	+	38029505	NA	NA	NA	1	1	0.0
chr17	40351175	40353758	ENSG00000173757.4_1_1	-	40351257	NA	NA	NA	1	1	0.0
chr5	36098503	36104150	ENSG00000164187.5_1_1	-	36100521	NA	NA	NA	1	1	0.0
chr1	145498775	145501679	ENSG00000152022.6_1_1	+	145499854	NA	NA	NA	1	1	0.0
chr9	19375702	19376293	ENSG00000137154.8_1_1	-	19376293	NA	ACTAAA	1	1	1	0.0
chr21	35469651	35478569	ENSG00000198743.5_1_1	+	35473843	NA	NA	NA	1	1	0.0
chr21	47581051	47581295	ENSG00000160284.10_1_1	-	47581144	NA	NA	NA	1	1	0.0
chrX	135126880	135129433	ENSG00000198689.5_1_1	+	135128881	NA	NA	NA	2	1	0.0
chr1	28864516	28865718	ENSG00000180198.9_1_1	+	28864587	NA	NA	NA	1	1	0.0
chr1	110943860	110944147	ENSG00000134248.8_1_1	-	110943949	NA	ACTAAA	25	1	1	0.0
chr17	79991702	79992087	ENSG00000169750.3_1_1	+	79992011	NA	NA	NA	1	1	0.0
chr1	54389195	54389558	ENSG00000081870.6_1_1	-	54389392	NA	NA	NA	1	1	0.0
chr4	125585196	125588669	ENSG00000151458.7_1_1	-	125588654	NA	AATAAA	17	1	1	0.0
chr4	44700695	44702953	ENSG00000151806.9_2_1	+	44701153	NA	NA	NA	1	1	0.0
chr4	44700695	44702953	ENSG00000151806.9_2_1	+	44702272	NA	NA	NA	1	1	0.0
chr1	160510874	160518048	ENSG00000066294.10_1_1	-	160515863	NA	NA	NA	1	1	0.0
chr1	173456999	173457956	ENSG00000117592.8_1_1	+	173457088	NA	CATAAA	24	2	2	6.5192024052
chr17	79082795	79084322	ENSG00000175866.9_2_1	+	79083752	NA	NA	NA	1	1	0.0
chr2	86364679	86369290	ENSG00000132300.14_4_1	+	86365739	NA	NA	NA	1	1	0.0
chr5	6755055	6757171	ENSG00000112941.8_1_1	+	6756559	NA	NA	NA	1	1	0.0
chr16	48385710	48389425	ENSG00000102910.5_2_1	+	48386632	NA	NA	NA	1	1	0.0
chr5	43289486	43291235	ENSG00000112972.9_1_1	-	43290249	NA	AATATA	13	1	1	0.0
chr1	182856566	182856896	ENSG00000135829.11_1_1	+	182856566	NA	NA	NA	1	1	0.0
chr1	110173771	110174683	ENSG00000116337.11_2_1	+	110174608	NA	NA	NA	1	1	0.0
chr12	69663291	69668142	ENSG00000111605.11_1_2	+	69664015	NA	NA	NA	1	1	0.0
chr12	133302243	133303830	ENSG00000176915.10_1_1	-	133303397	6	AATGAA	7	1	1	0.0
chr15	25582385	25584286	ENSG00000114062.9_1_1	-	25583891	NA	NA	NA	1	1	0.0
chr15	41063218	41064653	ENSG00000188277.6_1_1	+	41064195	NA	NA	NA	1	1	0.0
chr3	37027346	37032747	ENSG00000178567.5_1_1	-	37029416	NA	NA	NA	1	1	0.0
chr3	37027346	37032747	ENSG00000178567.5_1_1	-	37030317	NA	NA	NA	1	1	0.0
chr3	37027346	37032747	ENSG00000178567.5_1_1	-	37030854	NA	NA	NA	2	1	0.0
chr3	37027346	37032747	ENSG00000178567.5_1_1	-	37031980	NA	NA	NA	1	1	0.0
chr6	33663554	33664361	ENSG00000096433.5_1_1	+	33663779	NA	NA	NA	1	1	0.0
chr1	111982501	111983854	ENSG00000116455.9_1_1	-	111983650	NA	NA	NA	2	2	6.5192024052
chr16	2047757	2048235	ENSG00000167962.7_1_1	-	2048235	NA	ATTAAA AAGAAA	6 19	1	1	0.0
chr17	7215140	7215792	ENSG00000132507.12_1_2	+	7215395	NA	NA	NA	1	1	0.0
chr7	45139688	45139926	ENSG00000136270.9_1_1	-	45139764	NA	NA	NA	1	1	0.0
chr16	30613868	30615587	ENSG00000156853.4_1_1	-	30614753	NA	TATAAA	23	1	1	0.0
chr1	150523533	150524377	ENSG00000225996.2_1_1	+	150523598	NA	NA	NA	1	1	0.0
chr1	150523533	150524377	ENSG00000225996.2_1_1	+	150524311	NA	NA	NA	1	1	0.0
chr20	37547306	37551677	ENSG00000101445.4_1_1	+	37548207	NA	NA	NA	1	1	0.0
chr17	72766677	72767865	ENSG00000109065.6_1_1	-	72767277	NA	NA	NA	1	1	0.0
chr17	72766677	72767865	ENSG00000109065.6_1_1	-	72767372	NA	GATAAA	20	1	1	0.0
chr1	247460703	247463823	ENSG00000162714.7_1_1	-	247461863	NA	NA	NA	1	1	0.0
chr15	41672381	41673255	ENSG00000137804.6_1_1	+	41672712	NA	NA	NA	1	1	0.0
chr15	41672381	41673255	ENSG00000137804.6_1_1	+	41672941	NA	NA	NA	1	1	0.0
chr1	110596531	110597273	ENSG00000143093.8_1_1	+	110596531	NA	NA	NA	1	1	0.0
chr9	125154820	125157992	ENSG00000095303.10_1_1	+	125154998	NA	NA	NA	1	1	0.0
chr6	35800732	35803083	ENSG00000096063.10_1_1	-	35803029	NA	NA	NA	1	1	0.0
chr16	89629447	89630960	ENSG00000167526.8_1_1	+	89629447	NA	NA	NA	1	1	0.0
chrX	77381324	77384803	ENSG00000102144.7_1_1	+	77381711	-8	NA	NA	1	1	0.0
chr9	139379509	139380528	ENSG00000196366.1_1_1	+	139379683	NA	NA	NA	1	1	0.0
chr1	17733245	17735588	ENSG00000179051.9_1_1	-	17735318	NA	TTTAAA	17	1	1	0.0
chr3	126752857	126756245	ENSG00000114554.7_1_1	+	126753467	NA	NA	NA	1	1	0.0
chr3	126752857	126756245	ENSG00000114554.7_1_1	+	126753818	NA	NA	NA	1	1	0.0
chr3	126752857	126756245	ENSG00000114554.7_1_1	+	126755728	NA	NA	NA	1	1	0.0
chr2	70436565	70439853	ENSG00000116001.10_1_1	-	70436908	NA	NA	NA	1	1	0.0
chr19	14625571	14626754	ENSG00000132002.2_1_1	-	14625640	NA	NA	NA	1	1	0.0
chr17	3566185	3567044	ENSG00000213977.3_1_1	-	3566791	NA	NA	NA	1	1	0.0
chr1	114935388	114940272	ENSG00000197323.6_1_1	-	114935950	NA	NA	NA	1	1	0.0
chr19	3121174	3121462	ENSG00000088256.3_1_1	+	3121404	NA	NA	NA	2	2	0.707106781187
chr9	135866434	135867093	ENSG00000165702.8_1_1	+	135866526	NA	NA	NA	1	1	0.0
chr19	19755998	19756233	ENSG00000105726.11_1_1	-	19756232	NA	AATAAA TTTAAA	5 25	1	1	0.0
chr10	72520606	72522207	ENSG00000138316.6_1_1	+	72521785	NA	NA	NA	1	1	0.0
chr1	26603781	26605309	ENSG00000130695.8_1_1	+	26604211	35	NA	NA	1	1	0.0
chr14	105607308	105609034	ENSG00000184916.3_1_1	-	105608536	NA	NA	NA	1	1	0.0
chrX	71798653	71800854	ENSG00000067177.10_1_1	-	71800854	NA	NA	NA	1	1	0.0
chr1	202848074	202850108	ENSG00000183155.4_1_1	-	202848978	NA	NA	NA	1	1	0.0
chr15	41028071	41028741	ENSG00000137824.9_1_1	-	41028590	NA	NA	NA	3	1	0.0
chr2	20448441	20451348	ENSG00000055917.11_1_1	-	20451139	NA	AATAAA	1	1	1	0.0
chr18	32831012	32833416	ENSG00000186814.5_1_1	-	32831838	NA	ACTAAA	12	1	1	0.0
chr18	32831012	32833416	ENSG00000186814.5_1_1	-	32832544	NA	AAGAAA	21	1	1	0.0
chr18	32831012	32833416	ENSG00000186814.5_1_1	-	32833416	NA	AATAAA TTTAAA	6 20	1	1	0.0
chrX	65486511	65488719	ENSG00000089472.12_2_1	+	65486527	NA	NA	NA	1	1	0.0
chr2	100015874	100016738	ENSG00000158417.5_1_1	+	100015929	NA	AGTAAA	13	1	1	0.0
chr2	100015874	100016738	ENSG00000158417.5_1_1	+	100016422	NA	NA	NA	1	1	0.0
chr6	38120162	38122410	ENSG00000156639.7_1_1	+	38120361	NA	NA	NA	1	1	0.0
chr12	38715012	38723537	ENSG00000175548.3_1_1	+	38720869	NA	AATATA	22	1	1	0.0
chr12	80167332	80169711	ENSG00000058272.9_1_1	-	80167415	NA	NA	NA	1	1	0.0
chr12	80167332	80169711	ENSG00000058272.9_1_1	-	80168481	NA	NA	NA	2	2	0.707106781187
chr12	80167332	80169711	ENSG00000058272.9_1_1	-	80169362	NA	NA	NA	1	1	0.0
chr12	110367596	110370785	ENSG00000139436.12_1_1	-	110369094	NA	AAGAAA	8	1	1	0.0
chr1	100659725	100661813	ENSG00000137992.8_1_1	-	100659803	NA	NA	NA	1	1	0.0
chr22	30421787	30426865	ENSG00000100330.10_1_1	+	30422525	NA	NA	NA	1	1	0.0
chr19	16661650	16664492	ENSG00000127526.8_1_1	-	16661992	NA	NA	NA	1	1	0.0
chr19	2732514	2732751	ENSG00000141873.5_1_1	-	2732574	NA	NA	NA	1	1	0.0
chr14	90871058	90874627	ENSG00000198668.5_1_1	+	90871077	NA	NA	NA	1	1	0.0
chr14	90871058	90874627	ENSG00000198668.5_1_1	+	90872466	NA	NA	NA	1	1	0.0
chr3	128338806	128339256	ENSG00000163902.6_1_1	-	128339124	NA	NA	NA	1	1	0.0
chr12	56385993	56388479	ENSG00000111540.9_1_1	+	56386179	NA	NA	NA	1	1	0.0
chr9	127639216	127640013	ENSG00000136950.9_1_1	+	127639512	NA	NA	NA	1	1	0.0
chr9	114980704	114986133	ENSG00000119314.11_1_1	-	114983359	NA	NA	NA	1	1	0.0
chr9	114980704	114986133	ENSG00000119314.11_1_1	-	114984426	NA	NA	NA	1	1	0.0
chr16	72816773	72821065	ENSG00000140836.6_1_1	-	72816870	NA	AATAGA	13	1	1	0.0
chr1	26226582	26227509	ENSG00000117632.16_2_1	-	26227273	NA	NA	NA	2	2	1.0
chr19	13883092	13885106	ENSG00000037757.8_1_1	+	13884395	NA	NA	NA	2	2	9.51314879522
chr6	30558475	30558938	ENSG00000204574.6_1_1	+	30558637	NA	NA	NA	1	1	0.0
chr1	222838277	222838573	ENSG00000154305.11_1_1	+	222838495	NA	NA	NA	1	1	0.0
chr17	46626221	46627698	ENSG00000120093.5_1_1	-	46627315	NA	NA	NA	1	1	0.0
chr15	93567932	93571247	ENSG00000173575.8_2_1	+	93570778	NA	NA	NA	1	1	0.0
chr19	9272106	9274100	ENSG00000130803.9_2_1	+	9272820	NA	NA	NA	1	1	0.0
chr4	57325701	57327544	ENSG00000128050.4_1_1	+	57326339	NA	NA	NA	1	1	0.0
chr12	54396455	54397131	ENSG00000180806.4_1_1	+	54396836	NA	NA	NA	1	1	0.0
chrX	47494909	47496230	ENSG00000126767.11_1_1	-	47495182	NA	NA	NA	1	1	0.0
chr14	70238175	70238732	ENSG00000100650.9_2_1	+	70238175	NA	NA	NA	10	1	0.0
chr14	70238175	70238732	ENSG00000100650.9_2_1	+	70238333	NA	NA	NA	1	1	0.0
chr15	72491359	72491993	ENSG00000067225.10_1_1	-	72491678	NA	NA	NA	1	1	0.0
chr11	57251996	57252571	ENSG00000149150.4_1_1	-	57252476	NA	NA	NA	1	1	0.0
chr2	26413493	26414121	ENSG00000084754.6_1_1	-	26414091	NA	NA	NA	1	1	0.0
chr12	132621128	132623819	ENSG00000185163.5_1_1	-	132622944	NA	AAGAAA	25	1	1	0.0
chr17	62494363	62496043	ENSG00000108654.5_1_1	-	62495791	NA	NA	NA	2	2	3.0
chr17	62494363	62496043	ENSG00000108654.5_1_1	-	62496034	NA	AATAAA	18	1	1	0.0
chr9	104331624	104335458	ENSG00000198785.4_1_1	-	104332682	NA	NA	NA	1	1	0.0
chr6	143816603	143816846	ENSG00000001036.8_1_1	-	143816846	NA	NA	NA	1	1	0.0
chr6	37141864	37143212	ENSG00000137193.8_1_1	+	37142259	NA	NA	NA	1	1	0.0
chr1	245014457	245017754	ENSG00000153187.11_1_1	-	245017523	NA	TATAAA AATATA GATAAA	29 27 12	1	1	0.0
chr12	123773645	123780457	ENSG00000139697.5_1_1	-	123776643	NA	NA	NA	1	1	0.0
chr7	99631817	99636641	ENSG00000106261.11_1_1	+	99634291	NA	NA	NA	1	1	0.0
chr12	7031960	7032871	ENSG00000111674.2_1_1	+	7031965	NA	NA	NA	1	1	0.0
chr22	21801029	21805762	ENSG00000169635.5_1_1	+	21804843	NA	NA	NA	1	1	0.0
chr19	44612434	44612929	ENSG00000186019.8_1_1	+	44612575	NA	NA	NA	1	1	0.0
chr12	53581371	53584664	ENSG00000139651.7_1_1	+	53584217	NA	NA	NA	1	1	0.0
chr7	5645102	5646296	ENSG00000075618.11_1_1	+	5645781	NA	NA	NA	1	1	0.0
chr16	88762892	88763978	ENSG00000158717.5_1_1	-	88762977	NA	NA	NA	1	1	0.0
chr19	45715868	45716329	ENSG00000130201.3_1_1	-	45716094	NA	NA	NA	1	1	0.0
chr7	45022621	45022921	ENSG00000232956.2_1_1	-	45022910	NA	AATAAA AATGAA	26 5	1	1	0.0
chr1	117653671	117654929	ENSG00000134253.5_1_1	-	117654640	NA	NA	NA	1	1	0.0
chr1	179322773	179327825	ENSG00000057252.8_1_1	+	179323751	NA	NA	NA	1	1	0.0
chr16	24835125	24837558	ENSG00000090905.12_1_1	+	24836145	40	AAGAAA	28	1	1	0.0
chr1	21069143	21071292	ENSG00000127483.12_1_1	-	21069683	NA	NA	NA	3	3	4.96655480858
chr19	53912377	53915270	ENSG00000196417.6_1_1	+	53912882	NA	NA	NA	1	1	0.0
chr13	107194010	107196346	ENSG00000134884.8_1_1	-	107195838	NA	NA	NA	1	1	0.0
chr13	107194010	107196346	ENSG00000134884.8_1_1	-	107196235	NA	NA	NA	3	2	2.82842712475
chr12	110811272	110811951	ENSG00000196510.5_1_1	-	110811853	NA	NA	NA	1	1	0.0
chr19	56185431	56186091	ENSG00000063244.6_1_1	+	56185677	NA	NA	NA	1	1	0.0
chr7	128097511	128098480	ENSG00000135245.9_1_1	+	128097904	NA	NA	NA	1	1	0.0
chr12	104166077	104171609	ENSG00000111696.7_1_1	-	104171354	NA	NA	NA	1	1	0.0
chr19	12841444	12841777	ENSG00000123144.5_1_1	-	12841524	NA	NA	NA	1	1	0.0
chr1	207217183	207222367	ENSG00000180667.6_1_1	-	207220549	NA	NA	NA	1	1	0.0
chr10	133783180	133784140	ENSG00000176171.7_2_1	-	133783363	NA	NA	NA	1	1	0.0
chr21	30244502	30248709	ENSG00000156239.7_1_1	-	30247602	NA	NA	NA	1	1	0.0
chr10	32304436	32304459	ENSG00000170759.9_1_2	-	32304459	NA	NA	NA	2	1	0.0
chr17	79639731	79640947	ENSG00000185298.7_1_1	+	79639899	NA	NA	NA	1	1	0.0
chr17	79639731	79640947	ENSG00000185298.7_1_1	+	79640371	NA	NA	NA	1	1	0.0
chr16	2261592	2263731	ENSG00000184207.6_1_1	-	2262873	NA	NA	NA	1	1	0.0
chr16	2261592	2263731	ENSG00000184207.6_1_1	-	2263205	NA	NA	NA	1	1	0.0
chr19	13948609	13950528	ENSG00000247349.3_1_1	-	13950063	NA	NA	NA	1	1	0.0
chr12	2912421	2913134	ENSG00000004478.5_2_1	+	2912426	NA	NA	NA	1	1	0.0
chr1	205055259	205057917	ENSG00000117222.9_1_1	-	205056399	NA	NA	NA	1	1	0.0
chr12	124081273	124083126	ENSG00000086598.4_1_1	+	124082355	NA	ATTAAA	3	1	1	0.0
chr12	74932183	74935233	ENSG00000253719.2_1_1	+	74933708	NA	NA	NA	1	1	0.0
chr2	73169154	73172153	ENSG00000144040.8_1_1	-	73169676	NA	NA	NA	1	1	0.0
chr2	73169154	73172153	ENSG00000144040.8_1_1	-	73171409	NA	NA	NA	1	1	0.0
chr22	22890112	22890491	ENSG00000185686.12_1_1	-	22890194	6	ACTAAA	2	2	2	3.53553390593
chr22	22890112	22890491	ENSG00000185686.12_1_1	-	22890445	NA	NA	NA	1	1	0.0
chr15	67482871	67487543	ENSG00000166949.9_1_1	+	67487051	NA	NA	NA	1	1	0.0
chr10	93788687	93790092	ENSG00000095564.8_1_1	+	93789601	NA	NA	NA	2	1	0.0
chr11	74351808	74354112	ENSG00000077514.3_1_1	+	74352860	NA	NA	NA	1	1	0.0
chr17	78938127	78940183	ENSG00000141564.8_1_1	+	78938608	NA	NA	NA	1	1	0.0
chr1	8921050	8921421	ENSG00000074800.8_1_1	-	8921122	NA	NA	NA	1	1	0.0
chr10	102120687	102124601	ENSG00000099194.4_1_1	+	102122224	NA	NA	NA	1	1	0.0
chr10	102120687	102124601	ENSG00000099194.4_1_1	+	102123657	NA	NA	NA	1	1	0.0
chr6	117881421	117884419	ENSG00000047932.9_1_1	-	117882821	NA	TATAAA	32	1	1	0.0
chr3	88101083	88104625	ENSG00000163320.6_1_1	-	88104625	NA	AATATA	0	1	1	0.0
chr7	100277119	100279344	ENSG00000146830.7_1_1	-	100277582	NA	NA	NA	1	1	0.0
chr7	100277119	100279344	ENSG00000146830.7_1_1	-	100279046	NA	NA	NA	1	1	0.0
chr6	35541351	35543614	ENSG00000096060.8_1_1	-	35542188	NA	NA	NA	1	1	0.0
chr5	154193653	154197177	ENSG00000155506.12_5_1	+	154194684	NA	NA	NA	2	2	10.0
chr1	236645946	236648036	ENSG00000186197.7_1_1	+	236646693	NA	AATAAA	18	3	2	0.57735026919
chr14	69517627	69520576	ENSG00000139990.12_1_1	-	69520427	NA	NA	NA	1	1	0.0
chr20	3785605	3786772	ENSG00000101224.13_1_1	+	3786138	-7	NA	NA	1	1	0.0
chr1	114516131	114520436	ENSG00000163349.15_1_1	+	114516523	22	TTTAAA	9	1	1	0.0
chr1	19542147	19545799	ENSG00000127463.8_1_1	-	19545799	NA	AATAAA AATGAA TTTAAA	0 5 20	1	1	0.0
chr10	99433496	99436201	ENSG00000155252.10_1_1	+	99435426	NA	NA	NA	1	1	0.0
chr19	47278129	47278769	ENSG00000105281.6_1_1	-	47278641	NA	NA	NA	1	1	0.0
chr10	103585720	103587112	ENSG00000120049.12_1_1	-	103586052	NA	NA	NA	1	1	0.0
chr7	92234224	92244456	ENSG00000105810.5_1_1	-	92235688	NA	NA	NA	1	1	0.0
chr2	112873717	112876905	ENSG00000153214.5_1_1	+	112875178	NA	NA	NA	1	1	0.0
chr19	14163099	14164036	ENSG00000104998.1_1_1	+	14163662	NA	NA	NA	1	1	0.0
chr11	10818586	10819365	ENSG00000110321.9_1_1	-	10818642	NA	NA	NA	1	1	0.0
chr17	7481801	7482334	ENSG00000161960.9_3_1	+	7481965	NA	NA	NA	2	2	4.0
chr6	38643708	38645073	ENSG00000124767.5_1_1	-	38644201	NA	NA	NA	1	1	0.0
chr7	112115571	112116257	ENSG00000006652.8_2_1	+	112116174	NA	NA	NA	1	1	0.0
chr15	43825649	43826874	ENSG00000168781.14_1_1	-	43825735	NA	NA	NA	1	1	0.0
chrX	134494998	134497087	ENSG00000173275.8_2_1	+	134496158	NA	NA	NA	1	1	0.0
chr16	87362933	87364896	ENSG00000103264.9_1_1	-	87363150	NA	NA	NA	1	1	0.0
chr17	40731517	40733833	ENSG00000141699.5_1_1	-	40732720	NA	TTTAAA	21	1	1	0.0
chr6	99845916	99848418	ENSG00000132424.10_1_1	-	99846483	NA	AATAAA	22	1	1	0.0
chr6	99845916	99848418	ENSG00000132424.10_1_1	-	99848029	NA	NA	NA	3	3	0.816496580928
chr14	102547062	102548051	ENSG00000080824.10_1_1	-	102547441	NA	NA	NA	1	1	0.0
chr1	113212751	113214251	ENSG00000116489.8_1_1	+	113213961	NA	NA	NA	1	1	0.0
chr8	1728730	1734748	ENSG00000182372.6_1_1	+	1733929	NA	NA	NA	1	1	0.0
chr12	58213701	58217387	ENSG00000175215.4_1_1	-	58215266	NA	NA	NA	1	1	0.0
chr7	148979431	148982092	ENSG00000204946.5_1_1	+	148980810	NA	NA	NA	1	1	0.0
chr9	140342011	140343848	ENSG00000165802.13_1_1	-	140342730	NA	NA	NA	1	1	0.0
chr17	42396982	42397371	ENSG00000013306.10_1_1	-	42397054	NA	NA	NA	1	1	0.0
chr6	30692171	30693213	ENSG00000196230.7_1_1	+	30692868	NA	NA	NA	7	2	2.0
chr18	67528086	67531552	ENSG00000150637.3_1_1	-	67529895	NA	NA	NA	1	1	0.0
chr5	108670399	108672934	ENSG00000198961.5_1_1	-	108671813	NA	NA	NA	1	1	0.0
chr1	10240011	10241307	ENSG00000130939.13_2_1	+	10240290	NA	AATAAA	15	1	1	0.0
chr1	245006475	245008369	ENSG00000203667.5_1_1	+	245007294	NA	AATGAA	18	1	1	0.0
chr1	245006475	245008369	ENSG00000203667.5_1_1	+	245007834	NA	NA	NA	1	1	0.0
chr10	100175944	100177323	ENSG00000107521.13_1_1	-	100177120	NA	AATGAA	23	1	1	0.0
chr16	67671772	67673096	ENSG00000102974.8_1_1	+	67672795	NA	AATAAA ACTAAA	4 29	1	1	0.0
chr1	145441215	145442645	ENSG00000117289.7_1_1	+	145441466	NA	TTTAAA	22	1	1	0.0
chr7	912965	914567	ENSG00000164828.12_2_1	+	914073	NA	NA	NA	1	1	0.0
chr1	35648522	35650059	ENSG00000116560.6_2_1	-	35648900	NA	NA	NA	1	1	0.0
chr12	54624722	54635541	ENSG00000094916.7_1_1	-	54625385	NA	NA	NA	1	1	0.0
chr5	39371769	39373527	ENSG00000153071.10_1_1	-	39371816	37	AATAAA	20	1	1	0.0
chr2	206858434	206869094	ENSG00000114933.10_1_1	-	206863240	NA	NA	NA	1	1	0.0
chr3	36868300	36869768	ENSG00000168016.9_1_1	-	36869768	NA	TATAAA	7	1	1	0.0
chr16	23533324	23535694	ENSG00000103356.9_1_1	-	23533850	NA	NA	NA	1	1	0.0
chr19	3534831	3536765	ENSG00000105325.8_1_1	+	3535473	NA	NA	NA	1	1	0.0
chr3	67425132	67426170	ENSG00000172340.9_1_1	-	67425728	NA	AATATA	21	1	1	0.0
chr17	40462684	40463971	ENSG00000126561.9_1_1	+	40462684	NA	NA	NA	1	1	0.0
chr19	1272439	1274439	ENSG00000099622.8_1_1	+	1272830	NA	NA	NA	1	1	0.0
chr19	1272439	1274439	ENSG00000099622.8_1_1	+	1274068	NA	NA	NA	1	1	0.0
chr15	75661709	75664322	ENSG00000169375.10_1_1	-	75661727	7	NA	NA	1	1	0.0
chr19	4360359	4361599	ENSG00000141985.4_1_1	-	4360824	NA	NA	NA	1	1	0.0
chr11	119170488	119177661	ENSG00000110395.3_1_1	+	119173962	NA	ATTAAA	20	1	1	0.0
chr17	41878156	41879071	ENSG00000161647.12_1_1	-	41878400	NA	NA	NA	1	1	0.0
chr22	43265766	43267365	ENSG00000100266.11_1_1	-	43265850	NA	NA	NA	1	1	0.0
chr20	37203607	37207514	ENSG00000170471.9_1_1	+	37206907	NA	NA	NA	1	1	0.0
chr18	19444624	19450928	ENSG00000101752.6_1_1	+	19445811	NA	TATAAA	32	2	2	2.0
chr19	39358459	39359746	ENSG00000187994.6_1_1	-	39359675	NA	AATATA	17	1	1	0.0
chr3	183901401	183901889	ENSG00000161203.8_2_1	+	183901814	NA	NA	NA	1	1	0.0
chr17	79476988	79477718	ENSG00000184009.2_1_1	-	79477690	NA	NA	NA	1	1	0.0
chr12	56537643	56538470	ENSG00000139641.6_1_1	+	56537920	NA	NA	NA	1	1	0.0
chr6	27101240	27103080	ENSG00000196787.2_1_1	+	27101240	NA	NA	NA	3	1	0.0
chr19	21366834	21368815	ENSG00000196705.3_1_1	+	21366834	NA	NA	NA	1	1	0.0
chr2	153508096	153512822	ENSG00000196504.10_1_1	-	153508621	NA	NA	NA	1	1	0.0
chr8	104439519	104440955	ENSG00000164934.8_1_1	+	104440923	-20	TTTAAA	7	1	1	0.0
chr21	33640519	33641350	ENSG00000159055.3_1_1	-	33641321	NA	AATAAA	32	1	1	0.0
chr22	22108778	22118529	ENSG00000100030.9_1_1	-	22116484	NA	ATTAAA	23	1	1	0.0
chr6	53132185	53133927	ENSG00000012660.9_1_1	-	53133092	NA	NA	NA	1	1	0.0
chr4	67760	68402	ENSG00000197701.7_1_1	+	68058	NA	NA	NA	1	1	0.0
chr1	27730719	27734685	ENSG00000158195.6_1_1	-	27732672	NA	NA	NA	1	1	0.0
chr1	31342303	31346060	ENSG00000162512.11_1_1	-	31342875	NA	NA	NA	1	1	0.0
chr11	839710	840374	ENSG00000177700.5_1_1	-	840267	NA	NA	NA	1	1	0.0
chr5	60453525	60455776	ENSG00000188725.3_1_1	-	60455120	NA	NA	NA	1	1	0.0
chr6	18224088	18225952	ENSG00000124795.10_1_1	-	18225267	12	NA	NA	1	1	0.0
chr9	132897397	132902458	ENSG00000148358.12_2_1	+	132897687	NA	NA	NA	1	1	0.0
chr6	26138281	26139346	ENSG00000180573.7_1_2	+	26138397	NA	NA	NA	1	1	0.0
chr6	26138281	26139346	ENSG00000180573.7_1_2	+	26139121	NA	AATGAA	34	1	1	0.0
chr6	26138281	26139346	ENSG00000180573.7_1_2	+	26139296	-38	AATAGA	19	1	1	0.0
chr9	72324427	72333260	ENSG00000188647.8_1_1	-	72326573	NA	ACTAAA	30	1	1	0.0
chr3	44481251	44488069	ENSG00000185219.10_1_1	-	44482164	NA	NA	NA	1	1	0.0
chr3	44481251	44488069	ENSG00000185219.10_1_1	-	44484762	NA	NA	NA	1	1	0.0
chrX	153903519	153906457	ENSG00000160219.7_1_1	-	153903581	NA	NA	NA	1	1	0.0
chr12	51745671	51748165	ENSG00000139629.9_1_1	-	51747221	NA	TATAAA AATATA ACTAAA	25 23 17	1	1	0.0
chr15	58245611	58247397	ENSG00000128918.8_1_1	-	58246618	NA	NA	NA	1	1	0.0
chr1	1263140	1264287	ENSG00000224051.2_1_1	+	1263215	NA	NA	NA	1	1	0.0
chr17	42268229	42269108	ENSG00000168591.10_1_1	+	42269051	NA	NA	NA	1	1	0.0
chr17	56566882	56569026	ENSG00000108389.4_1_1	-	56568303	NA	TATAAA	19	1	1	0.0
chr14	92434232	92436019	ENSG00000100815.5_1_1	-	92435691	NA	TTTAAA	30	1	1	0.0
chr5	41917398	41921748	ENSG00000205765.4_1_1	+	41918758	NA	NA	NA	1	1	0.0
chr10	73992871	73993597	ENSG00000166295.3_1_1	+	73993414	NA	NA	NA	1	1	0.0
chr17	33426800	33427974	ENSG00000185379.14_1_1	-	33427741	NA	AATACA	34	1	1	0.0
chr17	79876138	79880483	ENSG00000197063.5_1_1	-	79878818	NA	NA	NA	1	1	0.0
chr10	131982131	131982795	ENSG00000108010.7_1_3	+	131982701	NA	NA	NA	1	1	0.0
chr22	45736283	45737846	ENSG00000100376.7_2_1	+	45736336	NA	NA	NA	1	1	0.0
chr22	45736283	45737846	ENSG00000100376.7_2_1	+	45737527	NA	NA	NA	1	1	0.0
chr2	131904343	131907434	ENSG00000115762.12_1_1	+	131904947	NA	NA	NA	1	1	0.0
chr17	40465331	40467765	ENSG00000168610.9_1_1	-	40466940	NA	NA	NA	1	1	0.0
chr16	67232023	67232831	ENSG00000205250.3_1_1	+	67232281	NA	NA	NA	1	1	0.0
chr1	205758210	205760663	ENSG00000133065.6_1_1	-	205758968	NA	NA	NA	1	1	0.0
chr19	33087896	33089053	ENSG00000105186.7_1_1	-	33088956	NA	NA	NA	1	1	0.0
chr15	64979762	64980905	ENSG00000180304.7_1_1	-	64979841	NA	NA	NA	1	1	0.0
chr11	47487485	47493654	ENSG00000149187.12_1_1	-	47488184	NA	NA	NA	1	1	0.0
chr11	47487485	47493654	ENSG00000149187.12_1_1	-	47490772	NA	NA	NA	1	1	0.0
chr16	69334824	69342965	ENSG00000168807.10_1_1	+	69334824	NA	NA	NA	2	1	0.0
chrX	153212993	153214800	ENSG00000172534.9_1_1	-	153214246	NA	NA	NA	1	1	0.0
chr22	40719242	40731821	ENSG00000100354.13_3_1	+	40719286	NA	NA	NA	1	1	0.0
chr15	91496943	91497333	ENSG00000140553.9_1_1	+	91497084	NA	NA	NA	1	1	0.0
chr1	229456747	229460984	ENSG00000154429.6_1_1	-	229460243	NA	TTTAAA	6	1	1	0.0
chr17	74088385	74090453	ENSG00000182473.13_2_1	-	74088446	NA	NA	NA	1	1	0.0
chr4	48499367	48501441	ENSG00000075539.9_1_1	-	48500675	NA	NA	NA	1	1	0.0
chr4	17630918	17634157	ENSG00000047662.4_1_1	-	17633771	NA	NA	NA	1	1	0.0
chr20	307513	310875	ENSG00000177732.6_1_1	+	308548	NA	NA	NA	1	1	0.0
chr5	32124799	32126320	ENSG00000113384.7_1_1	-	32124885	NA	NA	NA	1	1	0.0
chr19	14258536	14261687	ENSG00000072071.11_1_1	-	14258690	NA	NA	NA	1	1	0.0
chr6	80409223	80413382	ENSG00000198478.6_1_1	+	80411279	NA	AGTAAA	14	1	1	0.0
chr9	116169504	116171093	ENSG00000148229.8_1_1	-	116170445	NA	NA	NA	1	1	0.0
chr12	52387891	52390872	ENSG00000135503.5_3_1	+	52389412	NA	NA	NA	2	1	0.0
chrX	153759595	153760217	ENSG00000160211.10_1_1	-	153759825	15	NA	NA	1	1	0.0
chr1	32696794	32697215	ENSG00000084623.7_1_1	+	32697031	NA	NA	NA	1	1	0.0
chr15	44816369	44821246	ENSG00000137770.8_1_1	+	44817330	NA	NA	NA	1	1	0.0
chr8	21862596	21864106	ENSG00000130227.11_1_1	+	21863082	NA	AAGAAA	15	1	1	0.0
chr20	30780295	30784257	ENSG00000126003.6_1_1	-	30781406	NA	NA	NA	1	1	0.0
chr10	106071883	106074168	ENSG00000148841.10_1_1	-	106072495	NA	TATAAA	12	1	1	0.0
chr16	28853721	28854298	ENSG00000178952.3_1_1	-	28854167	NA	NA	NA	1	1	0.0
chr1	166819643	166823720	ENSG00000143157.7_1_1	+	166820578	NA	NA	NA	1	1	0.0
chr10	98981919	98985881	ENSG00000213390.4_2_1	-	98985881	NA	ATTAAA	2	1	1	0.0
chr3	193412394	193415622	ENSG00000198836.4_2_2	+	193412671	NA	NA	NA	1	1	0.0
chr1	10516568	10521549	ENSG00000160049.6_1_1	-	10518665	NA	TATAAA	22	1	1	0.0
chr1	10516568	10521549	ENSG00000160049.6_1_1	-	10520674	NA	NA	NA	1	1	0.0
chr16	75690506	75691348	ENSG00000166848.3_1_1	+	75690614	NA	NA	NA	1	1	0.0
chr12	131623805	131626024	ENSG00000111452.8_1_1	+	131623990	NA	NA	NA	1	1	0.0
chr6	24428394	24429262	ENSG00000112293.8_1_1	-	24428462	NA	NA	NA	1	1	0.0
chr17	40554457	40556707	ENSG00000177469.10_1_1	-	40555719	NA	NA	NA	1	1	0.0
chr11	43515451	43516493	ENSG00000052841.9_3_1	+	43516411	NA	NA	NA	1	1	0.0
chr7	44421958	44425612	ENSG00000015676.12_1_1	-	44425455	NA	TTTAAA	6	1	1	0.0
chr2	65537974	65540637	ENSG00000198369.5_1_1	-	65539503	NA	NA	NA	1	1	0.0
chr1	159887886	159888592	ENSG00000158710.10_1_1	-	159887965	NA	AATATA	4	1	1	0.0
chr10	70742565	70744839	ENSG00000165732.7_1_1	+	70743425	NA	NA	NA	1	1	0.0
chr9	4711144	4712978	ENSG00000147853.10_1_1	-	4712629	NA	NA	NA	1	1	0.0
chr12	64841908	64844917	ENSG00000184575.7_1_1	+	64842918	NA	NA	NA	2	2	0.707106781187
chr12	64841908	64844917	ENSG00000184575.7_1_1	+	64843888	NA	CATAAA	9	1	1	0.0
chr12	120118127	120119445	ENSG00000111725.5_2_1	+	120119043	NA	TATAAA	3	1	1	0.0
chr10	62553730	62554620	ENSG00000170312.10_1_1	+	62554540	NA	TTTAAA	0	1	1	0.0
chr12	57449418	57453664	ENSG00000166881.4_1_1	-	57450528	NA	NA	NA	1	1	0.0
chr7	97834801	97838955	ENSG00000164715.5_1_1	+	97837364	NA	NA	NA	1	1	0.0
chr15	91463014	91465824	ENSG00000196547.7_1_1	+	91463202	NA	NA	NA	1	1	0.0
chr15	91463014	91465824	ENSG00000196547.7_1_1	+	91463931	NA	NA	NA	1	1	0.0
chr14	69925307	69929117	ENSG00000029364.6_1_1	+	69927283	NA	AATAAA	2	1	1	0.0
chr5	89768249	89769512	ENSG00000176055.7_2_1	-	89769428	NA	TTTAAA	5	1	1	0.0
chr9	75785020	75785319	ENSG00000135046.9_1_1	+	75785270	-37	AATACA	25	1	1	0.0
chr11	65269494	65270117	ENSG00000257018.1_1_1	-	65269974	NA	NA	NA	1	1	0.0
chr11	65269494	65270117	ENSG00000257018.1_1_1	-	65270117	NA	NA	NA	1	1	0.0
chr9	80330992	80336241	ENSG00000156052.6_1_1	-	80333710	NA	AGTAAA AATAGA	29 18	1	1	0.0
chr22	40805760	40806132	ENSG00000100359.14_2_1	+	40806052	NA	NA	NA	1	1	0.0
chr3	176737132	176743288	ENSG00000177565.10_1_1	-	176739181	NA	NA	NA	2	2	0.707106781187
chr10	61548510	61552677	ENSG00000108091.10_1_1	-	61550268	NA	AATATA AATACA	6 21	1	1	0.0
chr19	9676281	9676618	ENSG00000197961.4_2_1	-	9676330	39	NA	NA	1	1	0.0
chr18	56995044	56998327	ENSG00000074695.4_1_1	-	56996048	NA	NA	NA	1	1	0.0
chrX	102930413	102931091	ENSG00000123562.10_1_1	-	102930729	NA	NA	NA	1	1	0.0
chr17	34956629	34957245	ENSG00000108272.8_1_1	+	34957170	NA	NA	NA	1	1	0.0
chr2	23971523	23974918	ENSG00000119778.9_1_1	-	23971913	NA	NA	NA	1	1	0.0
chr3	179052207	179053333	ENSG00000121864.5_1_1	+	179052349	NA	TATAAA TTTAAA	27 20	1	1	0.0
chr15	91043337	91045485	ENSG00000140575.6_1_1	+	91044882	NA	NA	NA	1	1	0.0
chr19	12873806	12874098	ENSG00000095066.6_1_1	-	12873884	NA	NA	NA	1	1	0.0
chr1	228583224	228584351	ENSG00000154370.8_2_1	-	228583541	NA	NA	NA	1	1	0.0
chr17	79214813	79215108	ENSG00000224877.1_1_1	+	79215026	NA	NA	NA	1	1	0.0
chr1	168214792	168215926	ENSG00000214262.3_1_1	-	168215644	NA	ATTAAA AAGAAA AATACA	20 10 14	2	1	0.0
chr6	149911971	149912894	ENSG00000055211.7_1_1	+	149912837	NA	TTTAAA	21	1	1	0.0
chr1	146626674	146631146	ENSG00000131791.6_1_1	-	146627941	NA	NA	NA	1	1	0.0
chr1	146626674	146631146	ENSG00000131791.6_1_1	-	146628351	NA	AGTAAA	14	1	1	0.0
chr1	202696515	202698166	ENSG00000117139.10_1_1	-	202697636	NA	TTTAAA	15	2	2	0.707106781187
chr11	294746	296117	ENSG00000142102.11_1_1	+	295620	NA	NA	NA	1	1	0.0
chr11	2316864	2319151	ENSG00000110665.7_1_1	-	2317497	NA	NA	NA	1	1	0.0
chr21	37406828	37408417	ENSG00000185917.9_1_1	-	37408417	NA	ATTAAA	8	1	1	0.0
chr17	30696775	30708915	ENSG00000010244.10_1_1	+	30706929	NA	NA	NA	1	1	0.0
chr10	120927204	120927994	ENSG00000165672.5_1_1	-	120927712	NA	AATGAA	6	1	1	0.0
chr1	145688217	145690671	ENSG00000121848.8_3_1	+	145688716	NA	NA	NA	1	1	0.0
chr1	159752125	159752343	ENSG00000158716.4_1_1	+	159752259	NA	NA	NA	1	1	0.0
chr17	37408886	37417715	ENSG00000108306.6_1_1	-	37409958	NA	NA	NA	1	1	0.0
chr14	100800114	100801214	ENSG00000140105.10_1_1	-	100801214	NA	AATAAA AGTAAA	7 3	1	1	0.0
chr3	33429817	33431825	ENSG00000153560.7_1_1	-	33431611	-14	AATAAA	6	1	1	0.0
chr20	62271050	62272693	ENSG00000197457.5_1_1	-	62271108	NA	NA	NA	1	1	0.0
chr15	75192318	75194962	ENSG00000178761.9_1_1	-	75193848	NA	NA	NA	1	1	0.0
chr3	39183335	39184548	ENSG00000144655.9_1_1	-	39183738	NA	NA	NA	1	1	0.0
chr1	205577060	205585676	ENSG00000158711.8_1_1	-	205579949	NA	NA	NA	1	1	0.0
chr5	139062489	139063477	ENSG00000171604.7_1_1	+	139063011	NA	CATAAA	31	1	1	0.0
chrX	109416676	109421026	ENSG00000157600.6_1_1	+	109416948	NA	NA	NA	1	1	0.0
chr12	132562215	132565015	ENSG00000183495.8_1_1	+	132563858	NA	AAGAAA	5	1	1	0.0
chr20	33516225	33516633	ENSG00000100983.5_1_1	-	33516296	NA	NA	NA	1	1	0.0
chr2	85770892	85772413	ENSG00000168906.7_2_1	+	85770966	NA	NA	NA	1	1	0.0
chr2	85770892	85772413	ENSG00000168906.7_2_1	+	85771566	NA	NA	NA	1	1	0.0
chr6	34840212	34845301	ENSG00000065060.12_1_1	+	34840511	NA	NA	NA	1	1	0.0
chr10	70242510	70243191	ENSG00000122912.9_1_1	-	70242677	NA	NA	NA	1	1	0.0
chr1	24295556	24297634	ENSG00000188529.9_3_1	-	24297528	NA	NA	NA	1	1	0.0
chr10	123719602	123719867	ENSG00000107672.8_1_1	-	123719731	NA	NA	NA	1	1	0.0
chr8	18080426	18081208	ENSG00000171428.9_1_1	+	18080751	22	NA	NA	1	1	0.0
chr3	88190799	88193825	ENSG00000175105.5_1_1	+	88191382	NA	ATTAAA	17	1	1	0.0
chr17	35441912	35444253	ENSG00000132142.13_1_1	-	35442374	NA	NA	NA	2	2	19.0
chr2	99204068	99207506	ENSG00000040933.10_1_1	+	99205625	NA	AATGAA	30	1	1	0.0
chr1	51819924	51822374	ENSG00000085832.12_1_1	-	51822235	NA	NA	NA	1	1	0.0
chr15	63555815	63559991	ENSG00000166128.7_1_1	+	63557847	NA	NA	NA	1	1	0.0
chrX	70279085	70280868	ENSG00000147164.6_1_1	-	70280379	NA	NA	NA	1	1	0.0
chr5	167975489	167984578	ENSG00000120137.6_1_1	-	167980769	NA	AATACA	17	1	1	0.0
chr6	68598583	68598713	ENSG00000227706.2_1_1	-	68598655	NA	NA	NA	1	1	0.0
chr3	191109546	191116469	ENSG00000152492.9_1_1	+	191114820	NA	NA	NA	1	1	0.0
chr2	204082074	204084607	ENSG00000144426.12_1_1	+	204084343	NA	NA	NA	2	1	0.0
chr1	151375189	151377280	ENSG00000143442.15_1_1	-	151376764	NA	NA	NA	1	1	0.0
chr1	26449065	26452044	ENSG00000175087.5_1_1	+	26449691	NA	AATATA	33	1	1	0.0
chr3	128198259	128199864	ENSG00000179348.7_1_1	-	128199147	NA	ATTAAA	5	1	1	0.0
chr1	27721292	27722328	ENSG00000181773.6_1_1	+	27722053	NA	NA	NA	1	1	0.0
chr1	228285711	228286922	ENSG00000143761.8_1_1	+	228286485	NA	NA	NA	1	1	0.0
chr6	26281272	26281815	ENSG00000158406.2_1_1	-	26281459	NA	NA	NA	1	1	0.0
chr1	150445807	150449052	ENSG00000163125.11_2_1	+	150445997	-33	NA	NA	1	1	0.0
chr8	74235268	74237526	ENSG00000121039.5_1_1	+	74235837	NA	AGTAAA	12	1	1	0.0
chr1	22852886	22857660	ENSG00000184677.11_1_1	+	22855400	NA	NA	NA	1	1	0.0
chr1	22852886	22857660	ENSG00000184677.11_1_1	+	22855847	NA	NA	NA	1	1	0.0
chr9	114122961	114124312	ENSG00000136813.8_1_1	-	114123032	NA	NA	NA	1	1	0.0
chr16	28975181	28978428	ENSG00000176953.5_1_1	+	28977313	NA	NA	NA	1	1	0.0
chr9	139334538	139336209	ENSG00000148396.12_1_1	-	139335320	NA	NA	NA	1	1	0.0
chr9	139334538	139336209	ENSG00000148396.12_1_1	-	139335495	NA	NA	NA	1	1	0.0
chr9	139334538	139336209	ENSG00000148396.12_1_1	-	139336176	NA	AATAAA	30	1	1	0.0
chr11	72528918	72530070	ENSG00000168010.6_1_1	+	72529121	NA	NA	NA	1	1	0.0
chr13	107211158	107211533	ENSG00000134884.8_2_1	-	107211397	NA	GATAAA	19	1	1	0.0
chrX	21887816	21891212	ENSG00000012174.7_1_1	+	21888284	NA	NA	NA	1	1	0.0
chr11	110036459	110042576	ENSG00000149289.6_1_1	+	110039233	NA	NA	NA	1	1	0.0
chr4	773984	774821	ENSG00000255620.1_1_1	-	774052	NA	NA	NA	1	1	0.0
chr17	80111475	80115611	ENSG00000176155.10_3_1	-	80115152	NA	NA	NA	1	1	0.0
chrX	70519923	70521028	ENSG00000147140.10_1_1	+	70520255	NA	NA	NA	1	1	0.0
chr2	27466383	27466670	ENSG00000084774.8_1_1	+	27466383	NA	NA	NA	1	1	0.0
chr7	135358910	135359982	ENSG00000243317.3_1_1	+	135358922	NA	NA	NA	1	1	0.0
chr15	64429814	64436443	ENSG00000028528.9_1_1	+	64434860	NA	NA	NA	1	1	0.0
chr19	2734516	2736940	ENSG00000141873.5_2_1	-	2734845	NA	NA	NA	1	1	0.0
chr10	102721666	102724903	ENSG00000119906.6_2_1	+	102724822	NA	TTTAAA	24	1	1	0.0
chr8	110576785	110578235	ENSG00000147654.10_1_1	+	110576908	NA	AATACA	27	1	1	0.0
chr5	10433793	10435501	ENSG00000145495.8_2_1	+	10435430	NA	TTTAAA	0	3	3	12.7671453348
chr5	78981093	78982481	ENSG00000164329.9_1_1	+	78981864	NA	NA	NA	1	1	0.0
chr20	56072213	56073608	ENSG00000124092.7_2_1	-	56072506	NA	TATAAA AAGAAA	26 6	1	1	0.0
chr2	98372792	98373564	ENSG00000075568.12_1_1	-	98372866	NA	NA	NA	1	1	0.0
chr2	98372792	98373564	ENSG00000075568.12_1_1	-	98373546	NA	AATAAA AATACA	29 4	2	2	18.0
chr19	56154390	56154845	ENSG00000213015.3_1_1	+	56154777	NA	GATAAA	4	1	1	0.0
chr15	34671254	34673614	ENSG00000175265.12_1_1	-	34671336	NA	NA	NA	1	1	0.0
chr11	61553612	61556000	ENSG00000124920.9_1_1	+	61554453	NA	NA	NA	1	1	0.0
chr9	33041751	33047293	ENSG00000122692.7_1_1	-	33042908	NA	NA	NA	1	1	0.0
chr19	6379569	6380294	ENSG00000125651.7_1_1	-	6379826	NA	NA	NA	1	1	0.0
chr10	97365685	97366521	ENSG00000059573.4_1_1	-	97366382	NA	NA	NA	1	1	0.0
chr1	207245713	207251178	ENSG00000123836.10_1_1	+	207246080	NA	NA	NA	1	1	0.0
chr1	67465004	67470025	ENSG00000116704.6_1_1	-	67465858	NA	NA	NA	1	1	0.0
chr12	108915981	108917236	ENSG00000075856.5_1_1	-	108916803	NA	NA	NA	1	1	0.0
chr19	55602272	55602842	ENSG00000125503.6_1_1	-	55602740	NA	NA	NA	1	1	0.0
chr18	67993509	67997446	ENSG00000170677.4_1_1	+	67995443	NA	TTTAAA	18	1	1	0.0
chr4	77968300	77969374	ENSG00000118816.5_1_1	-	77969109	NA	NA	NA	1	1	0.0
chr2	42557344	42559698	ENSG00000143924.14_1_1	+	42557786	NA	NA	NA	1	1	0.0
chr6	168312202	168312854	ENSG00000130396.15_1_1	+	168312506	NA	NA	NA	1	1	0.0
chr10	3822508	3823665	ENSG00000067082.9_2_1	-	3823535	NA	NA	NA	1	1	0.0
chr2	47128998	47132604	ENSG00000180398.7_1_1	-	47131212	NA	NA	NA	1	1	0.0
chr12	72003373	72004210	ENSG00000133858.10_1_1	-	72003863	NA	TTTAAA TTTAAA	1 33	1	1	0.0
chr19	50481815	50482353	ENSG00000105053.5_1_1	-	50482166	NA	NA	NA	1	1	0.0
chr15	42859011	42862202	ENSG00000137814.3_1_1	+	42861445	NA	NA	NA	1	1	0.0
chr19	1576667	1578341	ENSG00000071655.9_1_1	-	1577781	NA	NA	NA	1	1	0.0
chr9	139566735	139567140	ENSG00000172889.10_1_1	+	139566819	NA	NA	NA	1	1	0.0
chr9	139566735	139567140	ENSG00000172889.10_1_1	+	139567071	NA	NA	NA	6	5	8.69865890047
chr15	50849340	50853877	ENSG00000092439.7_1_1	-	50851160	NA	NA	NA	2	1	0.0
chr6	35441363	35442823	ENSG00000007866.13_1_1	-	35442247	NA	NA	NA	1	1	0.0
chr17	73232684	73234362	ENSG00000125447.11_1_1	-	73233247	NA	NA	NA	1	1	0.0
chr12	120123584	120126039	ENSG00000122966.9_1_1	-	120124972	NA	NA	NA	2	2	2.5495097568
chr2	54895703	54896822	ENSG00000115306.10_2_1	+	54896498	NA	TTTAAA	6	1	1	0.0
chr7	106800024	106802266	ENSG00000005249.6_1_1	+	106801163	NA	TATAAA	29	1	1	0.0
chr13	46700050	46701728	ENSG00000136167.8_1_1	-	46700637	NA	NA	NA	1	1	0.0
chr7	44807219	44809487	ENSG00000122515.9_2_1	+	44808232	NA	NA	NA	1	1	0.0
chr11	10533214	10536465	ENSG00000110315.2_1_1	-	10535471	NA	NA	NA	1	1	0.0
chr10	50310206	50311789	ENSG00000165633.6_2_1	-	50310272	NA	AAGAAA	18	1	1	0.0
chr10	18964142	18970578	ENSG00000165997.4_1_1	+	18970525	NA	AATATA	9	1	1	0.0
chr17	79860766	79862711	ENSG00000185813.3_1_1	-	79862266	NA	NA	NA	1	1	0.0
chr19	2351610	2351655	ENSG00000005206.9_1_1	+	2351610	NA	NA	NA	6	1	0.0
chr10	99192278	99193208	ENSG00000171314.6_1_1	+	99192847	NA	NA	NA	3	3	11.3431330181
chr2	223806369	223809367	ENSG00000123983.9_1_1	+	223806539	NA	AGTAAA	21	1	1	0.0
chr10	75572248	75574263	ENSG00000148660.13_1_1	-	75574115	NA	ATTAAA AAGAAA TTTAAA	2 24 17	1	1	0.0
chr1	47140820	47144135	ENSG00000159658.5_1_1	-	47141318	NA	AAGAAA	0	1	1	0.0
chr1	47140820	47144135	ENSG00000159658.5_1_1	-	47143439	NA	NA	NA	1	1	0.0
chr1	100387204	100389589	ENSG00000162688.11_1_1	+	100389524	NA	NA	NA	1	1	0.0
chrX	154005139	154005974	ENSG00000130826.11_3_1	+	154005440	NA	NA	NA	1	1	0.0
chrX	154005139	154005974	ENSG00000130826.11_3_1	+	154005793	NA	AATGAA TTTAAA	33 26	1	1	0.0
chr1	65897599	65901700	ENSG00000213625.4_1_1	+	65900309	NA	NA	NA	1	1	0.0
chrX	152960666	152962058	ENSG00000130821.10_1_1	+	152961706	NA	NA	NA	1	1	0.0
chr1	220321624	220324595	ENSG00000118873.10_1_1	-	220323521	NA	AATAAA	12	1	1	0.0
chr3	72423733	72427538	ENSG00000163602.8_1_1	-	72427538	NA	AGTAAA	6	1	1	0.0
chr10	103867306	103867852	ENSG00000198728.6_1_1	-	103867590	NA	NA	NA	1	1	0.0
chr17	36881848	36886066	ENSG00000108292.11_2_1	+	36883993	NA	NA	NA	1	1	0.0
chr3	185764086	185766430	ENSG00000244405.3_1_1	-	185765646	NA	NA	NA	2	1	0.0
chr1	52882359	52884002	ENSG00000134748.11_1_1	+	52883886	NA	NA	NA	1	1	0.0
chr19	13249217	13251965	ENSG00000160877.4_1_1	+	13249217	NA	NA	NA	1	1	0.0
