chrm	beg	end	utr_ID	strand	polyA_coordinate	annotated_polyA_distance	nearby_PAS	PAS_distance	number_supporting_reads	number_unique_supporting_reads	unique_reads_spread
chr15	91185369	91188587	ENSG00000140577.9_1_1	+	91187442	NA	NA	NA	1	1	0.0
chr12	76738243	76739595	ENSG00000179941.4_1_1	-	76739406	NA	AAGAAA	14	1	1	0.0
chr19	13889009	13889592	ENSG00000104979.3_1_1	+	13889009	NA	NA	NA	1	1	0.0
chr3	14183292	14185189	ENSG00000170876.7_2_1	+	14183292	NA	NA	NA	1	1	0.0
chr3	14183292	14185189	ENSG00000170876.7_2_1	+	14183415	NA	NA	NA	1	1	0.0
chr20	1286695	1289982	ENSG00000101298.9_1_1	+	1288601	NA	NA	NA	1	1	0.0
chr1	45232848	45233449	ENSG00000142945.8_1_1	+	45232986	NA	NA	NA	1	1	0.0
chr15	76634173	76634827	ENSG00000159556.4_1_1	+	76634173	NA	NA	NA	1	1	0.0
chr18	72907052	72913373	ENSG00000180011.5_1_1	-	72909496	NA	TTTAAA	2	1	1	0.0
chr1	228681583	228683477	ENSG00000168159.7_1_1	+	228682205	NA	NA	NA	1	1	0.0
chr19	19616280	19619750	ENSG00000167491.10_1_1	+	19616751	NA	NA	NA	2	2	1.0
chr19	19616280	19619750	ENSG00000167491.10_1_1	+	19618703	NA	NA	NA	1	1	0.0
chr16	29676249	29681821	ENSG00000197471.5_1_1	+	29676745	NA	NA	NA	1	1	0.0
chr16	29676249	29681821	ENSG00000197471.5_1_1	+	29677538	NA	NA	NA	1	1	0.0
chr16	15959565	15961299	ENSG00000133393.7_1_1	-	15960584	NA	NA	NA	1	1	0.0
chr17	61909430	61910300	ENSG00000108604.10_1_1	-	61910300	NA	AATAAA	9	1	1	0.0
chrX	99929477	99931027	ENSG00000102362.11_1_1	-	99929788	NA	NA	NA	1	1	0.0
chr3	32522793	32525454	ENSG00000091317.7_1_1	-	32524277	NA	NA	NA	1	1	0.0
chr11	61567087	61569885	ENSG00000149485.10_1_1	-	61567540	NA	NA	NA	1	1	0.0
chr11	61567087	61569885	ENSG00000149485.10_1_1	-	61567688	NA	NA	NA	4	2	1.0
chr11	61567087	61569885	ENSG00000149485.10_1_1	-	61567738	NA	NA	NA	67	12	3.50692279109
chr11	61567087	61569885	ENSG00000149485.10_1_1	-	61567881	NA	NA	NA	2	2	10.5118980208
chr11	61567087	61569885	ENSG00000149485.10_1_1	-	61569310	NA	NA	NA	1	1	0.0
chr11	61567087	61569885	ENSG00000149485.10_1_1	-	61569429	NA	NA	NA	1	1	0.0
chr17	62224785	62226331	ENSG00000136478.2_1_1	-	62226044	NA	AATATA	4	1	1	0.0
chr1	160964990	160968663	ENSG00000158769.11_1_1	-	160967166	NA	NA	NA	1	1	0.0
chr1	160964990	160968663	ENSG00000158769.11_1_1	-	160968409	NA	NA	NA	1	1	0.0
chr12	54762909	54764042	ENSG00000161642.12_1_1	-	54763605	NA	NA	NA	1	1	0.0
chr17	30807770	30809408	ENSG00000108671.4_1_2	+	30808029	NA	AATAAA AAGAAA	28 4	1	1	0.0
chr17	30807770	30809408	ENSG00000108671.4_1_2	+	30808471	-16	NA	NA	4	4	3.1224989992
chr3	138014731	138017241	ENSG00000114098.12_4_1	+	138016333	NA	NA	NA	1	1	0.0
chr17	73772506	73774678	ENSG00000132475.3_1_1	-	73774271	NA	NA	NA	3	3	1.41421356237
chr17	73772506	73774678	ENSG00000132475.3_1_1	-	73774391	NA	NA	NA	1	1	0.0
chr1	95657421	95663173	ENSG00000152078.5_1_1	+	95661215	NA	NA	NA	1	1	0.0
chr2	26411123	26412523	ENSG00000157833.7_1_1	+	26411961	NA	NA	NA	1	1	0.0
chr2	38960704	38961920	ENSG00000143891.12_2_1	+	38960915	NA	NA	NA	1	1	0.0
chr17	78367295	78370096	ENSG00000173821.12_2_1	+	78367632	NA	NA	NA	1	1	0.0
chr3	49720772	49721406	ENSG00000164062.8_4_1	+	49720873	NA	NA	NA	1	1	0.0
chrX	123234444	123236516	ENSG00000101972.13_2_1	+	123235694	NA	AATAAA TTTAAA	23 33	1	1	0.0
chr22	21975955	21978333	ENSG00000185651.10_1_1	+	21976221	NA	NA	NA	31	3	1.69439303054
chr22	21975955	21978333	ENSG00000185651.10_1_1	+	21976493	NA	TTTAAA	22	1	1	0.0
chr22	21975955	21978333	ENSG00000185651.10_1_1	+	21976639	3	NA	NA	1	1	0.0
chr22	21975955	21978333	ENSG00000185651.10_1_1	+	21977470	NA	NA	NA	1	1	0.0
chr6	43146925	43149253	ENSG00000112658.6_1_1	+	43148832	NA	NA	NA	1	1	0.0
chr17	42088548	42089298	ENSG00000091947.4_1_1	-	42088995	38	NA	NA	1	1	0.0
chr1	160259052	160259949	ENSG00000122218.10_1_1	-	160259133	NA	NA	NA	1	1	0.0
chr1	26646790	26647024	ENSG00000169442.4_1_1	+	26646959	NA	NA	NA	2	2	4.0
chr15	55495153	55497707	ENSG00000069974.9_1_1	-	55496271	NA	AATAAA	33	1	1	0.0
chr12	124144779	124146489	ENSG00000111358.7_2_1	+	124146460	-17	NA	NA	1	1	0.0
chr3	38294379	38296989	ENSG00000172939.4_2_1	+	38296478	NA	NA	NA	1	1	0.0
chrX	13730352	13732528	ENSG00000196459.7_1_1	-	13732528	NA	AATAAA	10	1	1	0.0
chr17	3714449	3716340	ENSG00000074356.10_1_1	-	3715494	NA	NA	NA	1	1	0.0
chr4	44703874	44705100	ENSG00000163281.6_1_1	-	44704779	-25	CATAAA	10	1	1	0.0
chr17	47004493	47006428	ENSG00000159202.11_2_1	+	47004714	NA	NA	NA	1	1	0.0
chr12	54744304	54745643	ENSG00000111481.4_1_1	+	54744835	-29	NA	NA	11	1	0.0
chr12	54744304	54745643	ENSG00000111481.4_1_1	+	54744997	NA	NA	NA	1	1	0.0
chr12	54744304	54745643	ENSG00000111481.4_1_1	+	54745142	NA	AAGAAA	21	1	1	0.0
chr11	57583777	57587028	ENSG00000198561.8_2_1	+	57584703	NA	NA	NA	4	2	0.707106781187
chr11	57583777	57587028	ENSG00000198561.8_2_1	+	57585516	NA	ATTAAA	7	1	1	0.0
chr22	19163084	19163645	ENSG00000100075.5_1_1	-	19163645	NA	AATAAA	10	1	1	0.0
chr2	3192685	3193107	ENSG00000032389.8_1_1	-	3193064	NA	AATAAA AATGAA	6 1	1	1	0.0
chr12	110478972	110480158	ENSG00000174456.6_1_1	-	110479504	NA	NA	NA	1	1	0.0
chr1	33473574	33476432	ENSG00000004455.10_1_1	-	33474543	NA	NA	NA	1	1	0.0
chr7	35672258	35673302	ENSG00000122557.4_1_1	-	35672932	NA	TATAAA	3	2	1	0.0
chr7	35672258	35673302	ENSG00000122557.4_1_1	-	35673149	NA	NA	NA	1	1	0.0
chr1	36385205	36389910	ENSG00000092847.5_1_1	+	36388025	NA	NA	NA	1	1	0.0
chr1	36385205	36389910	ENSG00000092847.5_1_1	+	36389158	NA	NA	NA	1	1	0.0
chr19	36486521	36487230	ENSG00000205138.2_1_1	+	36486869	NA	NA	NA	1	1	0.0
chr1	145498775	145501679	ENSG00000152022.6_1_1	+	145501293	NA	NA	NA	1	1	0.0
chr9	19375702	19376293	ENSG00000137154.8_1_1	-	19376293	NA	ACTAAA	1	1	1	0.0
chr1	28864516	28865718	ENSG00000180198.9_1_1	+	28864589	NA	NA	NA	1	1	0.0
chr1	28864516	28865718	ENSG00000180198.9_1_1	+	28864662	NA	NA	NA	1	1	0.0
chr18	47918614	47920553	ENSG00000154839.4_1_1	+	47918987	NA	NA	NA	1	1	0.0
chr10	74034943	74035804	ENSG00000168209.3_1_1	+	74034986	NA	NA	NA	1	1	0.0
chr10	74034943	74035804	ENSG00000168209.3_1_1	+	74035406	NA	NA	NA	1	1	0.0
chr6	33744380	33744729	ENSG00000161904.7_2_1	-	33744609	NA	NA	NA	1	1	0.0
chr1	44170038	44171196	ENSG00000066135.7_1_1	+	44170157	NA	AAGAAA	30	1	1	0.0
chr1	44170038	44171196	ENSG00000066135.7_1_1	+	44170925	NA	NA	NA	1	1	0.0
chr6	21231267	21232645	ENSG00000145996.7_1_1	+	21232186	NA	NA	NA	1	1	0.0
chr14	75598162	75601590	ENSG00000170348.3_1_1	-	75601383	NA	NA	NA	2	1	0.0
chr17	39847075	39848930	ENSG00000173812.4_1_1	+	39847304	NA	TTTAAA	12	1	1	0.0
chr2	219269145	219270674	ENSG00000144579.3_1_1	+	219270048	NA	TTTAAA	19	2	1	0.0
chr2	219269145	219270674	ENSG00000144579.3_1_1	+	219270603	NA	NA	NA	1	1	0.0
chr15	65868714	65870703	ENSG00000074696.6_1_1	+	65869535	NA	NA	NA	1	1	0.0
chr8	8993754	8998306	ENSG00000173281.4_1_1	-	8997133	NA	NA	NA	2	1	0.0
chr8	8993754	8998306	ENSG00000173281.4_1_1	-	8998262	NA	NA	NA	1	1	0.0
chr15	75759451	75761112	ENSG00000169410.3_1_1	-	75760935	NA	NA	NA	1	1	0.0
chr22	19430662	19431790	ENSG00000242259.3_2_1	-	19431472	NA	NA	NA	1	1	0.0
chr22	19430662	19431790	ENSG00000242259.3_2_1	-	19431538	NA	NA	NA	1	1	0.0
chr1	20978259	20978874	ENSG00000244038.2_1_1	-	20978588	NA	NA	NA	1	1	0.0
chr16	2998725	3001218	ENSG00000059122.11_1_1	+	2999230	NA	NA	NA	1	1	0.0
chr1	173456999	173457956	ENSG00000117592.8_1_1	+	173457095	NA	CATAAA	17	1	1	0.0
chr16	48385710	48389425	ENSG00000102910.5_2_1	+	48385801	NA	NA	NA	1	1	0.0
chr5	43289486	43291235	ENSG00000112972.9_1_1	-	43290249	NA	AATATA	13	2	1	0.0
chr1	182856566	182856896	ENSG00000135829.11_1_1	+	182856590	NA	NA	NA	2	1	0.0
chr6	31477683	31478911	ENSG00000204516.5_1_1	+	31477701	NA	NA	NA	1	1	0.0
chr18	9954205	9960028	ENSG00000101558.8_1_1	+	9954731	NA	NA	NA	1	1	0.0
chr3	37027346	37032747	ENSG00000178567.5_1_1	-	37030240	NA	NA	NA	1	1	0.0
chr3	37027346	37032747	ENSG00000178567.5_1_1	-	37030474	NA	AATACA	28	4	1	0.0
chr1	156495186	156496280	ENSG00000183856.6_1_1	-	156496192	NA	NA	NA	1	1	0.0
chr9	14615519	14618966	ENSG00000175893.6_1_1	-	14615618	NA	ATTAAA AATAGA	33 6	1	1	0.0
chr7	102113554	102114098	ENSG00000005075.11_1_1	-	102113980	NA	NA	NA	1	1	0.0
chr1	155059016	155060024	ENSG00000143590.7_1_1	+	155059948	NA	NA	NA	1	1	0.0
chr19	17513737	17514135	ENSG00000130303.7_2_1	-	17513812	NA	NA	NA	1	1	0.0
chr17	41601212	41601690	ENSG00000067596.3_1_1	+	41601212	NA	NA	NA	1	1	0.0
chr8	124193867	124194221	ENSG00000253258.1_1_1	-	124193896	19	NA	NA	1	1	0.0
chr13	114747183	114748760	ENSG00000185989.9_1_1	-	114748211	NA	NA	NA	1	1	0.0
chr1	180080293	180084025	ENSG00000135837.11_2_1	+	180082648	NA	NA	NA	5	4	1.73205080757
chr7	138728255	138732342	ENSG00000105939.7_1_1	-	138730189	NA	NA	NA	1	1	0.0
chr1	84815454	84816490	ENSG00000203943.4_1_1	+	84816420	NA	NA	NA	1	1	0.0
chr16	30613868	30615587	ENSG00000156853.4_1_1	-	30613923	NA	NA	NA	1	1	0.0
chr20	37547306	37551677	ENSG00000101445.4_1_1	+	37548207	NA	NA	NA	1	1	0.0
chr17	72766677	72767865	ENSG00000109065.6_1_1	-	72766723	36	NA	NA	2	1	0.0
chr1	35885275	35887669	ENSG00000146463.7_1_1	+	35885792	NA	AATAAA TTTAAA	7 25	1	1	0.0
chr7	7676138	7676633	ENSG00000106399.7_1_1	-	7676615	NA	AATGAA	30	1	1	0.0
chr9	132397740	132398219	ENSG00000148335.8_1_1	+	132397829	NA	NA	NA	1	1	0.0
chr15	41672381	41673255	ENSG00000137804.6_1_1	+	41673189	NA	NA	NA	1	1	0.0
chr20	35280158	35281925	ENSG00000101079.15_1_1	-	35280880	NA	AATATA	4	1	1	0.0
chr16	69730262	69738579	ENSG00000102908.14_1_2	+	69734877	NA	NA	NA	1	1	0.0
chr1	11734527	11734834	ENSG00000116670.9_1_1	-	11734611	NA	NA	NA	1	1	0.0
chr6	35800732	35803083	ENSG00000096063.10_1_1	-	35802005	NA	NA	NA	1	1	0.0
chr16	89629447	89630960	ENSG00000167526.8_1_1	+	89629447	NA	NA	NA	1	1	0.0
chr16	89629447	89630960	ENSG00000167526.8_1_1	+	89629922	NA	NA	NA	1	1	0.0
chr5	76029325	76031616	ENSG00000181104.6_1_1	+	76030928	NA	NA	NA	1	1	0.0
chr3	126679041	126679259	ENSG00000159685.6_3_1	+	126679175	NA	NA	NA	1	1	0.0
chr20	416113	419232	ENSG00000125875.8_1_1	-	418755	NA	NA	NA	1	1	0.0
chr17	65066544	65074370	ENSG00000198265.6_1_1	-	65073674	NA	TTTAAA	32	1	1	0.0
chr3	196769420	196771496	ENSG00000075711.14_1_1	-	196769836	NA	NA	NA	2	1	0.0
chr3	196769420	196771496	ENSG00000075711.14_1_1	-	196770453	NA	NA	NA	1	1	0.0
chr10	75135192	75135855	ENSG00000138279.9_1_1	-	75135855	NA	AATAAA	12	1	1	0.0
chr19	56598721	56599391	ENSG00000142409.3_1_1	-	56598779	NA	NA	NA	1	1	0.0
chr8	104080972	104085289	ENSG00000155097.7_1_1	+	104083761	NA	NA	NA	1	1	0.0
chr18	52889551	52895261	ENSG00000196628.6_1_1	-	52892562	NA	NA	NA	1	1	0.0
chr1	114935388	114940272	ENSG00000197323.6_1_1	-	114936943	NA	AATAGA	23	1	1	0.0
chr19	3121174	3121462	ENSG00000088256.3_1_1	+	3121412	-38	NA	NA	1	1	0.0
chr1	26603781	26605309	ENSG00000130695.8_1_1	+	26603981	NA	NA	NA	1	1	0.0
chr15	69561580	69564548	ENSG00000138604.2_1_1	+	69561763	NA	NA	NA	1	1	0.0
chr1	52485792	52486607	ENSG00000117862.6_1_1	-	52486240	NA	ATTAAA	13	1	1	0.0
chr1	52485792	52486607	ENSG00000117862.6_1_1	-	52486417	NA	NA	NA	1	1	0.0
chr1	165696021	165697262	ENSG00000143183.10_1_1	-	165697219	NA	NA	NA	1	1	0.0
chr12	80167332	80169711	ENSG00000058272.9_1_1	-	80168842	NA	NA	NA	1	1	0.0
chr4	44705252	44709760	ENSG00000163281.6_2_1	-	44706230	NA	NA	NA	1	1	0.0
chr19	17452509	17453549	ENSG00000130299.10_1_1	+	17452626	NA	NA	NA	1	1	0.0
chr2	173462340	173463872	ENSG00000152256.8_2_2	+	173463181	NA	TTTAAA	21	1	1	0.0
chr3	128888316	128889298	ENSG00000169714.12_1_1	-	128888390	-21	NA	NA	1	1	0.0
chr6	38120162	38122410	ENSG00000156639.7_1_1	+	38120363	NA	NA	NA	1	1	0.0
chr16	8889026	8889811	ENSG00000184857.6_1_1	-	8889350	NA	NA	NA	1	1	0.0
chr16	30368412	30369267	ENSG00000169221.8_1_1	-	30369143	NA	NA	NA	1	1	0.0
chr2	25960546	25964900	ENSG00000143970.11_1_1	-	25962306	NA	NA	NA	1	1	0.0
chr17	42472641	42474938	ENSG00000186566.5_1_1	-	42474637	NA	AATGAA	23	1	1	0.0
chr1	94637296	94639427	ENSG00000137962.7_1_1	-	94638621	NA	NA	NA	1	1	0.0
chr17	15947769	15948346	ENSG00000011295.6_2_1	+	15948255	NA	NA	NA	1	1	0.0
chr13	77618781	77619515	ENSG00000005810.12_1_1	-	77619228	NA	GATAAA	14	2	1	0.0
chr20	45837848	45839408	ENSG00000101040.14_1_1	-	45838174	NA	ATTAAA AAGAAA	15 29	1	1	0.0
chr20	43535076	43537183	ENSG00000166913.8_1_1	+	43536745	NA	NA	NA	4	3	2.5
chr20	43535076	43537183	ENSG00000166913.8_1_1	+	43536958	NA	NA	NA	1	1	0.0
chr17	34050715	34053444	ENSG00000006125.10_1_1	+	34050715	NA	NA	NA	1	1	0.0
chr17	34050715	34053444	ENSG00000006125.10_1_1	+	34052574	NA	NA	NA	1	1	0.0
chr12	112943628	112947727	ENSG00000179295.10_2_2	+	112944633	NA	NA	NA	1	1	0.0
chr12	112943628	112947727	ENSG00000179295.10_2_2	+	112945358	NA	NA	NA	1	1	0.0
chr19	2732514	2732751	ENSG00000141873.5_1_1	-	2732592	NA	NA	NA	1	1	0.0
chr12	76438671	76442211	ENSG00000187109.7_1_1	-	76441273	NA	NA	NA	1	1	0.0
chr19	18685957	18688279	ENSG00000221983.2_1_1	+	18687737	NA	NA	NA	1	1	0.0
chr17	27206342	27207581	ENSG00000132589.8_1_1	-	27206822	NA	NA	NA	1	1	0.0
chr17	27206342	27207581	ENSG00000132589.8_1_1	-	27207545	NA	NA	NA	1	1	0.0
chr5	130726781	130730370	ENSG00000158985.9_1_1	+	130728055	NA	AATAGA	6	1	1	0.0
chr1	67873482	67878892	ENSG00000142864.10_1_1	-	67875075	NA	NA	NA	2	1	0.0
chr1	67873482	67878892	ENSG00000142864.10_1_1	-	67877144	NA	TATAAA AATATA	32 30	1	1	0.0
chr1	67873482	67878892	ENSG00000142864.10_1_1	-	67878863	NA	AGTAAA AATGAA	33 18	3	1	0.0
chr18	33569776	33573116	ENSG00000141425.11_1_1	-	33571447	NA	NA	NA	1	1	0.0
chr14	90871058	90874627	ENSG00000198668.5_1_1	+	90871072	NA	NA	NA	3	1	0.0
chr20	32232449	32237852	ENSG00000078699.15_1_1	+	32237511	NA	NA	NA	1	1	0.0
chr6	33424296	33425335	ENSG00000213588.3_1_1	+	33424296	NA	NA	NA	1	1	0.0
chr8	41478517	41482530	ENSG00000158669.7_2_1	+	41478680	NA	NA	NA	1	1	0.0
chr3	128338806	128339256	ENSG00000163902.6_1_1	-	128339122	NA	NA	NA	2	2	2.0
chr16	83845025	83846604	ENSG00000230989.1_1_2	+	83845207	NA	NA	NA	1	1	0.0
chr7	50657749	50660651	ENSG00000106070.12_1_1	-	50660052	8	NA	NA	1	1	0.0
chr12	46576832	46582755	ENSG00000111371.9_1_1	-	46578432	NA	NA	NA	1	1	0.0
chr12	46576832	46582755	ENSG00000111371.9_1_1	-	46581253	NA	NA	NA	1	1	0.0
chr2	73453071	73454375	ENSG00000135632.7_3_1	+	73453763	NA	NA	NA	1	1	0.0
chr2	73453071	73454375	ENSG00000135632.7_3_1	+	73454296	NA	NA	NA	1	1	0.0
chr11	59341860	59344052	ENSG00000110048.6_1_1	-	59343993	NA	NA	NA	1	1	0.0
chr9	114980704	114986133	ENSG00000119314.11_1_1	-	114983352	NA	NA	NA	1	1	0.0
chr10	76990744	76991216	ENSG00000165637.9_1_1	+	76990988	NA	TTTAAA	20	1	1	0.0
chr6	76624726	76629264	ENSG00000196586.7_1_1	+	76628778	NA	NA	NA	2	1	0.0
chrX	14937928	14940459	ENSG00000130150.6_1_1	+	14938481	NA	NA	NA	1	1	0.0
chr9	27325196	27330587	ENSG00000120162.8_1_1	-	27326041	NA	AATAAA	27	1	1	0.0
chr3	45718548	45727840	ENSG00000144791.5_2_1	+	45721192	NA	NA	NA	1	1	0.0
chr8	126379124	126379372	ENSG00000156831.3_3_1	+	126379292	NA	NA	NA	1	1	0.0
chr5	1816027	1816729	ENSG00000145494.7_1_1	+	1816103	NA	NA	NA	1	1	0.0
chr8	144806092	144808093	ENSG00000180921.6_1_1	-	144806592	NA	NA	NA	1	1	0.0
chr2	10580083	10580852	ENSG00000115758.7_1_1	-	10580574	NA	NA	NA	1	1	0.0
chr2	10580083	10580852	ENSG00000115758.7_1_1	-	10580852	NA	AATAAA	3	1	1	0.0
chr17	7346462	7348266	ENSG00000161958.4_1_1	+	7347576	NA	NA	NA	1	1	0.0
chr6	17615258	17616330	ENSG00000124789.6_1_1	-	17615339	NA	NA	NA	1	1	0.0
chr3	196433137	196434424	ENSG00000174007.7_1_1	-	196434424	NA	AATAAA ATTAAA	10 6	1	1	0.0
chr19	36640738	36641264	ENSG00000126247.4_1_1	+	36640911	NA	NA	NA	1	1	0.0
chr17	79825587	79826754	ENSG00000141522.6_1_1	-	79825664	NA	NA	NA	1	1	0.0
chr11	107975108	107978513	ENSG00000166266.9_2_1	+	107977327	NA	NA	NA	1	1	0.0
chr8	101930793	101932923	ENSG00000164924.11_1_1	-	101932139	NA	NA	NA	1	1	0.0
chr22	40762523	40763018	ENSG00000239900.4_2_1	+	40762523	NA	NA	NA	1	1	0.0
chr14	77973261	77978629	ENSG00000100596.1_1_1	-	77973923	NA	NA	NA	1	1	0.0
chr17	73017097	73017365	ENSG00000167862.4_1_1	+	73017303	NA	NA	NA	1	1	0.0
chr12	131360468	131362233	ENSG00000132341.5_2_1	+	131360481	NA	AATGAA	4	1	1	0.0
chr12	131360468	131362233	ENSG00000132341.5_2_1	+	131360802	-6	NA	NA	1	1	0.0
chr20	48249471	48252851	ENSG00000158470.5_1_1	-	48250048	NA	GATAAA	32	4	3	2.59807621135
chr20	48249471	48252851	ENSG00000158470.5_1_1	-	48250396	NA	NA	NA	1	1	0.0
chr4	57325701	57327544	ENSG00000128050.4_1_1	+	57326258	NA	NA	NA	1	1	0.0
chr4	57325701	57327544	ENSG00000128050.4_1_1	+	57326339	NA	NA	NA	4	1	0.0
chr9	113006080	113006439	ENSG00000136810.8_1_1	-	113006358	NA	TTTAAA	19	2	2	8.0
chr16	58054146	58055532	ENSG00000103005.4_2_1	+	58055102	NA	NA	NA	1	1	0.0
chr6	64290076	64293502	ENSG00000112245.4_1_1	+	64290208	NA	AATGAA	1	1	1	0.0
chr10	126307850	126311813	ENSG00000189319.8_1_1	-	126307931	NA	NA	NA	1	1	0.0
chr10	126307850	126311813	ENSG00000189319.8_1_1	-	126308967	NA	NA	NA	1	1	0.0
chr14	53237821	53241726	ENSG00000198252.6_1_1	+	53241279	NA	NA	NA	1	1	0.0
chr20	4680625	4682246	ENSG00000171867.11_1_1	+	4682189	NA	TATAAA	24	1	1	0.0
chr15	72491359	72491993	ENSG00000067225.10_1_1	-	72491443	-2	NA	NA	1	1	0.0
chr15	72491359	72491993	ENSG00000067225.10_1_1	-	72491688	NA	NA	NA	1	1	0.0
chr15	72491359	72491993	ENSG00000067225.10_1_1	-	72491884	NA	NA	NA	2	2	11.5108644332
chr7	106848282	106850969	ENSG00000164597.7_2_1	-	106850623	NA	NA	NA	1	1	0.0
chr7	105096947	105098239	ENSG00000091127.8_1_1	-	105097911	NA	NA	NA	2	1	0.0
chr3	129033604	129034106	ENSG00000184897.4_1_1	-	129034029	NA	NA	NA	1	1	0.0
chr1	8045111	8045575	ENSG00000116288.8_1_1	+	8045286	NA	NA	NA	1	1	0.0
chr9	35056050	35057116	ENSG00000165280.11_1_1	-	35056920	NA	NA	NA	1	1	0.0
chr1	26142206	26144723	ENSG00000162430.12_1_1	+	26142354	NA	NA	NA	1	1	0.0
chr6	37141864	37143212	ENSG00000137193.8_1_1	+	37142711	NA	AAGAAA	11	1	1	0.0
chr1	201938679	201939799	ENSG00000134375.6_1_1	+	201938902	NA	NA	NA	2	1	0.0
chr1	201938679	201939799	ENSG00000134375.6_1_1	+	201939402	NA	AATATA	10	1	1	0.0
chr1	245014457	245017754	ENSG00000153187.11_1_1	-	245017529	NA	TATAAA AATATA GATAAA	23 21 6	3	3	1.41421356237
chr12	6601139	6601439	ENSG00000111639.3_1_1	-	6601370	NA	NA	NA	1	1	0.0
chrX	118377214	118378439	ENSG00000101856.8_1_1	+	118377816	NA	NA	NA	1	1	0.0
chr3	23963163	23965193	ENSG00000174748.11_3_1	+	23964627	NA	NA	NA	1	1	0.0
chr4	7032116	7034855	ENSG00000132405.14_1_1	+	7032930	NA	AGTAAA	30	1	1	0.0
chr4	7032116	7034855	ENSG00000132405.14_1_1	+	7034256	NA	NA	NA	1	1	0.0
chr1	154179185	154179931	ENSG00000143612.13_1_1	-	154179931	NA	AATAAA AATAAA AATGAA	3 23 8	1	1	0.0
chr19	38874027	38874474	ENSG00000099341.5_1_1	+	38874064	NA	NA	NA	1	1	0.0
chr19	45649828	45650548	ENSG00000104866.5_1_2	+	45650473	NA	NA	NA	1	1	0.0
chr13	30083536	30088619	ENSG00000139514.7_1_1	-	30085190	NA	NA	NA	1	1	0.0
chr18	8638257	8639390	ENSG00000206418.2_1_1	+	8638257	NA	NA	NA	1	1	0.0
chr12	53581371	53584664	ENSG00000139651.7_1_1	+	53584049	NA	NA	NA	1	1	0.0
chr12	53581371	53584664	ENSG00000139651.7_1_1	+	53584511	NA	TTTAAA	3	1	1	0.0
chr11	64789324	64789666	ENSG00000213465.3_1_1	+	64789603	NA	NA	NA	1	1	0.0
chr6	12296297	12297437	ENSG00000078401.6_1_1	+	12297358	NA	AATGAA TTTAAA	32 13	1	1	0.0
chr11	57319118	57319833	ENSG00000156587.11_1_1	-	57319778	NA	NA	NA	1	1	0.0
chr12	56506669	56507703	ENSG00000170515.6_1_1	+	56507239	NA	NA	NA	1	1	0.0
chr6	33171587	33172226	ENSG00000112473.10_1_1	+	33171846	NA	NA	NA	1	1	0.0
chr6	44081183	44081582	ENSG00000180992.5_1_1	-	44081488	NA	NA	NA	1	1	0.0
chr18	9859319	9862563	ENSG00000168461.6_1_1	+	9859556	-28	NA	NA	1	1	0.0
chr18	9859319	9862563	ENSG00000168461.6_1_1	+	9860853	NA	ATTAAA	2	1	1	0.0
chr5	177637621	177638174	ENSG00000197451.6_1_1	+	177637625	NA	NA	NA	1	1	0.0
chr1	109852181	109856667	ENSG00000134243.7_1_1	-	109852267	NA	NA	NA	1	1	0.0
chr19	36728218	36729683	ENSG00000167635.6_1_1	+	36728589	NA	AATAGA	29	2	1	0.0
chr12	110385860	110386630	ENSG00000139436.12_2_1	-	110386196	NA	TTTAAA	5	1	1	0.0
chr20	3912057	3914712	ENSG00000101236.11_1_1	-	3913353	NA	TATAAA	4	1	1	0.0
chr20	3912057	3914712	ENSG00000101236.11_1_1	-	3914029	NA	NA	NA	1	1	0.0
chr1	21069143	21071292	ENSG00000127483.12_1_1	-	21069677	NA	NA	NA	1	1	0.0
chr11	63743789	63744025	ENSG00000176340.3_1_1	+	63743954	NA	NA	NA	2	2	10.0
chr17	79976568	79977083	ENSG00000169689.9_1_1	-	79976646	NA	NA	NA	1	1	0.0
chr14	97031384	97033435	ENSG00000090060.11_1_1	+	97032991	NA	AGTAAA	34	1	1	0.0
chr3	9935058	9936043	ENSG00000171135.9_1_1	+	9935461	NA	NA	NA	1	1	0.0
chr17	57771210	57773681	ENSG00000141367.5_1_1	+	57771486	NA	TTTAAA	28	1	1	0.0
chr10	855473	858868	ENSG00000107929.9_1_1	-	856797	NA	TTTAAA	14	1	1	0.0
chr6	30695475	30695895	ENSG00000137312.10_1_1	-	30695673	NA	NA	NA	1	1	0.0
chr9	127908841	127911954	ENSG00000119414.7_1_1	-	127910764	NA	NA	NA	1	1	0.0
chr16	57286176	57287557	ENSG00000102931.2_1_1	+	57286264	NA	NA	NA	2	2	3.53553390593
chr19	2273104	2273497	ENSG00000104904.4_1_1	+	2273217	NA	NA	NA	1	1	0.0
chr16	57494533	57495188	ENSG00000088682.8_1_1	+	57494785	NA	NA	NA	1	1	0.0
chr19	16628699	16629972	ENSG00000085872.8_1_1	-	16628979	NA	NA	NA	1	1	0.0
chr19	16628699	16629972	ENSG00000085872.8_1_1	-	16629772	5	NA	NA	2	1	0.0
chr16	87439841	87443888	ENSG00000140948.6_1_1	-	87440782	NA	NA	NA	1	1	0.0
chr19	56185431	56186091	ENSG00000063244.6_1_1	+	56185670	NA	NA	NA	2	2	7.0
chr20	30252244	30253754	ENSG00000171552.8_1_1	-	30253592	NA	NA	NA	1	1	0.0
chr3	195961228	195965561	ENSG00000161217.6_1_1	-	195961761	NA	NA	NA	1	1	0.0
chr12	104166077	104171609	ENSG00000111696.7_1_1	-	104166621	NA	NA	NA	1	1	0.0
chr17	1421276	1423832	ENSG00000174238.7_1_1	-	1421972	NA	NA	NA	1	1	0.0
chr5	134363413	134364471	ENSG00000069011.9_1_1	-	134363484	NA	NA	NA	1	1	0.0
chr5	134363413	134364471	ENSG00000069011.9_1_1	-	134364309	NA	NA	NA	2	2	1.0
chrX	123041028	123047839	ENSG00000101966.8_1_1	+	123047266	NA	NA	NA	1	1	0.0
chrX	123041028	123047839	ENSG00000101966.8_1_1	+	123047561	NA	NA	NA	1	1	0.0
chr6	52866066	52869949	ENSG00000112144.11_1_1	-	52868203	NA	NA	NA	1	1	0.0
chr19	13883092	13885106	ENSG00000037757.8_1_1	+	13884404	NA	NA	NA	1	1	0.0
chr1	86115095	86119743	ENSG00000117174.6_1_1	-	86118682	NA	NA	NA	1	1	0.0
chr1	115259523	115260792	ENSG00000009307.11_1_1	-	115260002	NA	NA	NA	1	1	0.0
chr1	115259523	115260792	ENSG00000009307.11_1_1	-	115260350	NA	NA	NA	1	1	0.0
chr1	115259523	115260792	ENSG00000009307.11_1_1	-	115260697	NA	NA	NA	2	1	0.0
chr16	75476941	75481458	ENSG00000166822.6_1_1	-	75478134	NA	TTTAAA	9	1	1	0.0
chr16	75476941	75481458	ENSG00000166822.6_1_1	-	75479436	NA	NA	NA	4	2	3.90512483795
chr12	112247376	112247792	ENSG00000111275.5_1_1	+	112247712	NA	AAGAAA	12	1	1	0.0
chr12	56622994	56623648	ENSG00000139579.6_1_1	+	56623026	NA	NA	NA	1	1	0.0
chr11	57093448	57093883	ENSG00000149136.3_1_1	-	57093636	NA	NA	NA	2	1	0.0
chr10	32304436	32304459	ENSG00000170759.9_1_2	-	32304459	NA	NA	NA	1	1	0.0
chr10	32297927	32300444	ENSG00000170759.9_1_1	-	32300430	NA	AATAAA TTTAAA	15 11	1	1	0.0
chr14	74433182	74433633	ENSG00000187097.7_1_1	-	74433251	NA	NA	NA	1	1	0.0
chr14	70791787	70793052	ENSG00000133983.8_1_1	-	70793052	NA	AATAAA AGTAAA	8 15	1	1	0.0
chr17	45759769	45761008	ENSG00000108424.4_1_2	+	45760499	NA	NA	NA	1	1	0.0
chr16	2261592	2263731	ENSG00000184207.6_1_1	-	2263731	NA	ACTAAA	31	1	1	0.0
chr1	225589193	225591007	ENSG00000143815.10_1_1	-	225590163	NA	TTTAAA	23	1	1	0.0
chr5	54552062	54552318	ENSG00000067248.5_1_1	-	54552318	NA	AATAAA	7	1	1	0.0
chr18	29709147	29711534	ENSG00000134758.8_1_1	+	29710263	NA	NA	NA	1	1	0.0
chr1	43308900	43310670	ENSG00000164010.9_1_1	+	43309773	NA	NA	NA	1	1	0.0
chr12	2912421	2913134	ENSG00000004478.5_2_1	+	2912607	NA	NA	NA	1	1	0.0
chr1	205055259	205057917	ENSG00000117222.9_1_1	-	205056158	NA	AGTAAA	1	1	1	0.0
chr3	194788997	194790446	ENSG00000173950.10_1_1	-	194789565	NA	NA	NA	1	1	0.0
chr17	56078273	56082769	ENSG00000136450.5_1_1	-	56079123	NA	TTTAAA	7	1	1	0.0
chr17	56078273	56082769	ENSG00000136450.5_1_1	-	56080500	NA	TATAAA	9	3	1	0.0
chr17	1367469	1369022	ENSG00000197879.7_1_1	-	1368394	NA	NA	NA	1	1	0.0
chr17	46652858	46654086	ENSG00000182742.4_1_1	-	46653898	NA	NA	NA	1	1	0.0
chr9	130697367	130698003	ENSG00000136908.13_1_1	-	130697739	NA	NA	NA	1	1	0.0
chr22	22890112	22890491	ENSG00000185686.12_1_1	-	22890448	NA	NA	NA	1	1	0.0
chr17	40717983	40718305	ENSG00000068120.8_2_1	+	40718238	NA	NA	NA	1	1	0.0
chr15	67482871	67487543	ENSG00000166949.9_1_1	+	67485847	NA	NA	NA	1	1	0.0
chr17	43100699	43101803	ENSG00000172992.6_1_1	-	43100766	NA	NA	NA	1	1	0.0
chr1	8921050	8921421	ENSG00000074800.8_1_1	-	8921120	NA	NA	NA	4	4	5.52268050859
chr7	5105229	5109129	ENSG00000146587.12_1_1	+	5106080	NA	NA	NA	1	1	0.0
chr10	102120687	102124601	ENSG00000099194.4_1_1	+	102122919	NA	NA	NA	4	1	0.0
chr10	72643256	72643709	ENSG00000166228.4_1_1	-	72643321	NA	NA	NA	1	1	0.0
chr6	35541351	35543614	ENSG00000096060.8_1_1	-	35543301	NA	NA	NA	1	1	0.0
chr17	66526587	66528918	ENSG00000108946.7_1_1	+	66526587	NA	NA	NA	1	1	0.0
chr5	154193653	154197177	ENSG00000155506.12_5_1	+	154194695	NA	NA	NA	2	2	1.0
chr5	154193653	154197177	ENSG00000155506.12_5_1	+	154195201	NA	NA	NA	1	1	0.0
chr6	30460525	30461992	ENSG00000204592.5_1_2	+	30460708	NA	NA	NA	1	1	0.0
chr1	236645946	236648036	ENSG00000186197.7_1_1	+	236646694	NA	AATAAA	17	2	2	0.707106781187
chr1	236645946	236648036	ENSG00000186197.7_1_1	+	236647321	NA	NA	NA	1	1	0.0
chr1	236645946	236648036	ENSG00000186197.7_1_1	+	236647679	NA	NA	NA	1	1	0.0
chr2	39208526	39212967	ENSG00000115904.7_1_1	-	39212637	NA	NA	NA	1	1	0.0
chr11	102267052	102269600	ENSG00000152558.10_1_1	-	102267827	NA	ATTAAA TTTAAA	30 9	1	1	0.0
chr1	19542147	19545799	ENSG00000127463.8_1_1	-	19542253	NA	NA	NA	5	1	0.0
chr22	39126706	39129602	ENSG00000100226.11_2_1	+	39127318	NA	NA	NA	1	1	0.0
chr22	39126706	39129602	ENSG00000100226.11_2_1	+	39128666	NA	NA	NA	1	1	0.0
chr10	99433496	99436201	ENSG00000155252.10_1_1	+	99435265	NA	NA	NA	1	1	0.0
chr6	37298945	37300756	ENSG00000065491.8_1_1	+	37300192	NA	NA	NA	1	1	0.0
chr7	92234224	92244456	ENSG00000105810.5_1_1	-	92236025	NA	NA	NA	3	2	0.57735026919
chr7	92234224	92244456	ENSG00000105810.5_1_1	-	92238686	NA	AAGAAA	19	1	1	0.0
chr19	13084445	13085577	ENSG00000179284.3_1_1	+	13085273	NA	NA	NA	2	1	0.0
chr10	35858095	35860862	ENSG00000108100.12_1_1	+	35858679	NA	NA	NA	1	1	0.0
chr17	7143322	7144175	ENSG00000170296.4_1_1	-	7143786	NA	NA	NA	1	1	0.0
chr18	3255913	3256244	ENSG00000101608.5_1_1	+	3256064	NA	NA	NA	1	1	0.0
chr18	3255913	3256244	ENSG00000101608.5_1_1	+	3256177	NA	AATATA	27	1	1	0.0
chr14	53241901	53245031	ENSG00000100522.3_1_1	-	53241974	NA	NA	NA	1	1	0.0
chr14	53241901	53245031	ENSG00000100522.3_1_1	-	53242806	NA	CATAAA	29	1	1	0.0
chr19	14198641	14199231	ENSG00000141858.7_1_1	-	14198724	NA	NA	NA	1	1	0.0
chr3	100042509	100044105	ENSG00000036054.8_1_1	+	100043680	NA	NA	NA	1	1	0.0
chr10	103922023	103923637	ENSG00000166197.11_1_1	+	103922943	NA	AATACA	2	2	1	0.0
chr12	93793152	93797034	ENSG00000173598.8_1_1	+	93796006	NA	NA	NA	1	1	0.0
chr9	134133452	134136211	ENSG00000126882.8_1_1	-	134136014	NA	NA	NA	1	1	0.0
chr1	38268605	38269599	ENSG00000196449.3_1_1	-	38269128	NA	NA	NA	1	1	0.0
chr9	128125022	128129496	ENSG00000165219.14_3_1	+	128125457	NA	NA	NA	1	1	0.0
chr22	39884951	39888209	ENSG00000128268.11_1_1	+	39886024	NA	NA	NA	1	1	0.0
chr6	38643708	38645073	ENSG00000124767.5_1_1	-	38643777	NA	AAGAAA	4	1	1	0.0
chr1	153617742	153618792	ENSG00000160679.8_2_1	+	153618258	NA	TTTAAA	6	1	1	0.0
chr1	110564299	110566367	ENSG00000168710.13_1_1	+	110566296	NA	NA	NA	1	1	0.0
chr7	127732107	127732669	ENSG00000197157.5_1_1	+	127732341	NA	NA	NA	1	1	0.0
chr19	10596785	10597330	ENSG00000079999.8_1_1	-	10596867	NA	ACTAAA	30	1	1	0.0
chr1	226170392	226173005	ENSG00000143751.7_1_1	-	226171720	NA	NA	NA	1	1	0.0
chr1	31404342	31406060	ENSG00000134644.10_1_1	-	31405665	-26	NA	NA	1	1	0.0
chr20	1918211	1920553	ENSG00000198053.7_1_1	+	1920026	NA	NA	NA	1	1	0.0
chr9	131909740	131911235	ENSG00000119383.15_5_1	+	131909740	NA	NA	NA	1	1	0.0
chr14	102547062	102548051	ENSG00000080824.10_1_1	-	102547454	NA	NA	NA	2	2	0.707106781187
chr5	78981093	78982481	ENSG00000164329.9_1_1	+	78982092	5	AATAAA AATAAA TATAAA	15 30 26	1	1	0.0
chr1	113212751	113214251	ENSG00000116489.8_1_1	+	113212855	NA	TATAAA	13	1	1	0.0
chr12	58213701	58217387	ENSG00000175215.4_1_1	-	58215893	NA	NA	NA	1	1	0.0
chr7	138982579	138992991	ENSG00000157741.9_2_1	+	138987495	NA	NA	NA	1	1	0.0
chr7	138982579	138992991	ENSG00000157741.9_2_1	+	138989913	NA	NA	NA	1	1	0.0
chr7	138982579	138992991	ENSG00000157741.9_2_1	+	138992170	NA	NA	NA	1	1	0.0
chr12	24964284	24970944	ENSG00000060982.10_1_1	-	24969588	NA	NA	NA	1	1	0.0
chr17	42396982	42397371	ENSG00000013306.10_1_1	-	42397054	NA	NA	NA	1	1	0.0
chr6	30692171	30693213	ENSG00000196230.7_1_1	+	30692870	NA	NA	NA	12	4	2.70801280155
chr12	123741575	123742516	ENSG00000130921.3_1_1	+	123742185	NA	NA	NA	2	1	0.0
chr1	41477329	41478245	ENSG00000171793.8_2_2	+	41477573	NA	NA	NA	1	1	0.0
chr1	145441215	145442645	ENSG00000117289.7_1_1	+	145441677	NA	NA	NA	1	1	0.0
chr1	19619732	19621144	ENSG00000203345.2_1_1	-	19620424	NA	NA	NA	1	1	0.0
chr8	48889335	48890730	ENSG00000104738.10_2_1	+	48889773	NA	NA	NA	1	1	0.0
chr10	101370271	101370608	ENSG00000155287.5_1_1	-	101370348	NA	NA	NA	1	1	0.0
chr21	38573872	38575423	ENSG00000182670.9_2_1	+	38575127	NA	NA	NA	1	1	0.0
chr3	52526495	52527097	ENSG00000010322.10_3_1	+	52526605	NA	NA	NA	1	1	0.0
chr8	57870481	57876354	ENSG00000104331.4_1_1	-	57870976	NA	NA	NA	1	1	0.0
chr9	100883246	100887058	ENSG00000106789.8_1_1	-	100886364	NA	NA	NA	1	1	0.0
chr12	107371058	107371337	ENSG00000120832.4_1_1	-	107371337	NA	ATTAAA	7	1	1	0.0
chrX	70321931	70323395	ENSG00000184481.11_1_1	+	70322389	NA	NA	NA	1	1	0.0
chr19	42702741	42703592	ENSG00000160570.8_1_1	-	42703592	NA	NA	NA	1	1	0.0
chr19	48885816	48886552	ENSG00000105438.3_1_1	-	48886399	NA	NA	NA	1	1	0.0
chr1	15755217	15756849	ENSG00000142634.7_1_1	+	15756756	NA	NA	NA	1	1	0.0
chr7	157208789	157210143	ENSG00000105993.8_3_1	+	157208980	NA	NA	NA	1	1	0.0
chr3	17199888	17202457	ENSG00000131374.9_1_1	-	17200170	NA	NA	NA	3	1	0.0
chr9	97861325	97863991	ENSG00000158169.6_1_1	-	97861686	NA	TTTAAA	28	1	1	0.0
chr1	154897199	154897607	ENSG00000163344.5_1_1	-	154897422	NA	NA	NA	1	1	0.0
chr15	75661709	75664322	ENSG00000169375.10_1_1	-	75662939	NA	NA	NA	1	1	0.0
chr15	40327880	40328536	ENSG00000140319.5_1_1	-	40328300	NA	NA	NA	1	1	0.0
chr15	90626266	90627500	ENSG00000182054.4_1_1	-	90627267	NA	NA	NA	1	1	0.0
chr17	2585093	2588919	ENSG00000007168.5_1_1	+	2585751	NA	AAGAAA	17	5	2	0.4472135955
chr19	4360359	4361599	ENSG00000141985.4_1_1	-	4361341	29	NA	NA	1	1	0.0
chr1	211546041	211548298	ENSG00000082512.10_1_1	+	211548143	NA	TTTAAA	7	1	1	0.0
chr11	119170488	119177661	ENSG00000110395.3_1_1	+	119175730	NA	NA	NA	1	1	0.0
chr7	6442074	6443618	ENSG00000136238.13_1_1	+	6443529	NA	TTTAAA	3	2	1	0.0
chr1	12267074	12269295	ENSG00000028137.11_1_1	+	12268056	NA	NA	NA	1	1	0.0
chr1	12267074	12269295	ENSG00000028137.11_1_1	+	12268866	NA	NA	NA	1	1	0.0
chr8	98736895	98741008	ENSG00000147649.5_2_1	+	98740934	NA	NA	NA	2	2	4.52769256907
chr1	28607310	28609012	ENSG00000130766.4_1_1	+	28607903	NA	NA	NA	1	1	0.0
chr1	36067174	36068870	ENSG00000126067.7_1_1	-	36068349	NA	NA	NA	3	1	0.0
chr13	115070389	115071293	ENSG00000169062.8_1_1	+	115071222	NA	NA	NA	1	1	0.0
chr18	19444624	19450928	ENSG00000101752.6_1_1	+	19445812	NA	TATAAA	31	17	8	3.34312287962
chr3	44399753	44401304	ENSG00000179152.13_1_1	+	44400027	NA	NA	NA	1	1	0.0
chr3	44399753	44401304	ENSG00000179152.13_1_1	+	44400640	NA	NA	NA	2	1	0.0
chr3	183901401	183901889	ENSG00000161203.8_2_1	+	183901401	NA	NA	NA	1	1	0.0
chr3	183901401	183901889	ENSG00000161203.8_2_1	+	183901826	NA	NA	NA	2	2	9.51314879522
chr1	151732108	151732528	ENSG00000143436.6_1_1	-	151732193	NA	NA	NA	1	1	0.0
chr20	334276	335522	ENSG00000125841.7_1_1	+	334963	NA	NA	NA	1	1	0.0
chr10	112044742	112047133	ENSG00000119950.14_1_1	+	112045232	NA	ATTAAA	32	1	1	0.0
chr17	73314146	73316451	ENSG00000177885.8_1_1	-	73315597	NA	NA	NA	1	1	0.0
chr19	1597143	1598214	ENSG00000127540.4_1_1	-	1598112	NA	NA	NA	1	1	0.0
chr19	1597143	1598214	ENSG00000127540.4_1_1	-	1598191	NA	AATAAA TATAAA AATGAA AATGAA	10 26 2 16	1	1	0.0
chr19	16685707	16686840	ENSG00000105085.4_1_1	-	16685805	NA	NA	NA	1	1	0.0
chr1	6245069	6246734	ENSG00000116251.5_1_1	-	6246021	NA	NA	NA	1	1	0.0
chr5	159828637	159830294	ENSG00000164609.5_1_1	-	159829066	NA	NA	NA	5	1	0.0
chr22	22108778	22118529	ENSG00000100030.9_1_1	-	22118076	NA	NA	NA	1	1	0.0
chr22	22108778	22118529	ENSG00000100030.9_1_1	-	22118442	NA	AGTAAA	13	2	2	1.0
chr4	67760	68402	ENSG00000197701.7_1_1	+	67766	NA	NA	NA	1	1	0.0
chr1	27730719	27734685	ENSG00000158195.6_1_1	-	27733111	NA	NA	NA	1	1	0.0
chr1	27730719	27734685	ENSG00000158195.6_1_1	-	27734226	NA	NA	NA	1	1	0.0
chr1	173900341	173907861	ENSG00000135870.7_1_1	-	173901329	NA	TTTAAA	10	2	1	0.0
chr1	173900341	173907861	ENSG00000135870.7_1_1	-	173903400	NA	NA	NA	1	1	0.0
chr17	72205965	72206686	ENSG00000172809.7_1_1	+	72205965	NA	NA	NA	1	1	0.0
chr22	18074891	18075442	ENSG00000131100.8_1_1	-	18075442	NA	NA	NA	1	1	0.0
chr1	33238485	33240581	ENSG00000162522.6_1_1	+	33238681	NA	NA	NA	1	1	0.0
chr17	79523904	79526287	ENSG00000182446.7_1_1	-	79524349	NA	NA	NA	1	1	0.0
chr1	211916788	211923243	ENSG00000123684.8_1_1	-	211921161	NA	TTTAAA	20	1	1	0.0
chr19	18306862	18307562	ENSG00000254858.2_1_1	+	18307020	NA	NA	NA	1	1	0.0
chr7	129770583	129773606	ENSG00000128607.8_1_1	+	129770905	NA	NA	NA	3	1	0.0
chr10	96369609	96373672	ENSG00000119969.10_4_2	+	96372612	NA	NA	NA	1	1	0.0
chr15	49170934	49172200	ENSG00000255302.1_1_1	+	49171062	NA	NA	NA	1	1	0.0
chr2	228221830	228222560	ENSG00000168958.15_1_1	+	228221830	NA	NA	NA	4	1	0.0
chr6	26124850	26124977	ENSG00000180573.7_1_1	+	26124906	NA	NA	NA	1	1	0.0
chr11	43876795	43878170	ENSG00000149084.7_2_1	+	43877887	NA	AAGAAA	6	1	1	0.0
chr1	110134966	110136985	ENSG00000065135.7_1_2	+	110135745	NA	GATAAA	0	1	1	0.0
chr5	139929741	139930287	ENSG00000213523.4_1_1	-	139930146	NA	NA	NA	1	1	0.0
chr19	53115609	53116269	ENSG00000167766.11_1_1	-	53115686	NA	NA	NA	1	1	0.0
chr1	235272640	235275381	ENSG00000173726.6_1_1	-	235273025	NA	NA	NA	1	1	0.0
chr6	34555054	34558344	ENSG00000196821.5_1_1	-	34557296	NA	NA	NA	1	1	0.0
chr1	40887770	40889008	ENSG00000084070.6_1_1	+	40887770	NA	NA	NA	1	1	0.0
chr15	58245611	58247397	ENSG00000128918.8_1_1	-	58245698	NA	AATACA	33	1	1	0.0
chr22	19833650	19838692	ENSG00000215012.4_1_1	-	19834106	NA	NA	NA	1	1	0.0
chr22	19833650	19838692	ENSG00000215012.4_1_1	-	19838482	NA	AAGAAA	12	1	1	0.0
chr6	35289184	35289558	ENSG00000023892.8_1_1	+	35289482	NA	NA	NA	1	1	0.0
chr17	56566882	56569026	ENSG00000108389.4_1_1	-	56567379	NA	NA	NA	1	1	0.0
chr3	196555273	196559528	ENSG00000180370.5_1_1	+	196556034	NA	ACTAAA	11	1	1	0.0
chr12	58114689	58115348	ENSG00000135506.10_1_1	+	58114718	NA	NA	NA	1	1	0.0
chr4	109546365	109546409	ENSG00000109475.12_1_1	+	109546365	NA	NA	NA	1	1	0.0
chr19	41313766	41314346	ENSG00000171570.5_1_1	+	41313832	NA	NA	NA	1	1	0.0
chr12	53434004	53436002	ENSG00000063046.11_1_1	+	53435277	NA	NA	NA	2	1	0.0
chr6	24533937	24537445	ENSG00000112294.8_1_1	+	24537375	NA	NA	NA	1	1	0.0
chr19	16212153	16213823	ENSG00000167460.8_1_1	+	16212478	NA	NA	NA	1	1	0.0
chr1	181024398	181025699	ENSG00000153029.9_2_1	+	181025212	NA	NA	NA	1	1	0.0
chr2	70887316	70890559	ENSG00000075340.15_1_1	-	70889544	NA	NA	NA	2	1	0.0
chr10	74766964	74767982	ENSG00000122884.7_1_1	-	74767392	NA	NA	NA	2	1	0.0
chr17	40465331	40467765	ENSG00000168610.9_1_1	-	40466379	NA	NA	NA	1	1	0.0
chr17	40465331	40467765	ENSG00000168610.9_1_1	-	40466937	NA	NA	NA	1	1	0.0
chr17	40465331	40467765	ENSG00000168610.9_1_1	-	40467289	NA	NA	NA	2	1	0.0
chr16	8985940	8987857	ENSG00000187555.8_1_1	-	8987045	NA	AGTAAA AATAGA	8 13	1	1	0.0
chr11	404566	404918	ENSG00000184363.5_1_1	+	404848	NA	NA	NA	1	1	0.0
chr19	11241989	11244516	ENSG00000130164.5_1_1	+	11242224	-24	NA	NA	1	1	0.0
chr19	11241989	11244516	ENSG00000130164.5_1_1	+	11243904	NA	AATAAA TATAAA AATACA	27 19 11	1	1	0.0
chr17	1800466	1802858	ENSG00000132383.6_1_1	+	1800568	NA	NA	NA	1	1	0.0
chr9	131456940	131458689	ENSG00000119335.11_1_1	+	131458013	NA	NA	NA	1	1	0.0
chr11	47487485	47493654	ENSG00000149187.12_1_1	-	47488567	NA	NA	NA	1	1	0.0
chr11	47487485	47493654	ENSG00000149187.12_1_1	-	47491700	NA	TTTAAA TTTAAA	2 27	1	1	0.0
chrX	153212993	153214800	ENSG00000172534.9_1_1	-	153214248	NA	NA	NA	1	1	0.0
chrX	153212993	153214800	ENSG00000172534.9_1_1	-	153214599	NA	NA	NA	1	1	0.0
chr12	113629619	113630129	ENSG00000139405.7_1_1	+	113629923	-33	NA	NA	1	1	0.0
chr19	13054724	13055314	ENSG00000179218.6_1_1	+	13054971	NA	NA	NA	1	1	0.0
chr1	229456747	229460984	ENSG00000154429.6_1_1	-	229460243	NA	TTTAAA	6	11	5	1.41421356237
chr18	34376024	34376770	ENSG00000134779.8_1_1	-	34376740	NA	NA	NA	1	1	0.0
chr19	3052897	3053819	ENSG00000104964.9_1_1	-	3053788	NA	NA	NA	1	1	0.0
chr15	91504996	91506363	ENSG00000166965.7_1_1	+	91505806	NA	NA	NA	1	1	0.0
chr17	79910377	79910839	ENSG00000185269.7_1_1	-	79910448	NA	NA	NA	1	1	0.0
chr16	4930130	4932371	ENSG00000118900.7_1_1	+	4931832	NA	NA	NA	1	1	0.0
chr16	18816164	18820893	ENSG00000157106.10_1_1	-	18819144	NA	NA	NA	1	1	0.0
chr16	18816164	18820893	ENSG00000157106.10_1_1	-	18819332	NA	NA	NA	1	1	0.0
chr16	70405886	70407294	ENSG00000168872.8_1_1	+	70406906	NA	NA	NA	1	1	0.0
chr20	61430992	61431955	ENSG00000101189.5_1_1	+	61431324	NA	NA	NA	1	1	0.0
chr6	143508527	143509671	ENSG00000146416.10_2_1	+	143509607	NA	NA	NA	1	1	0.0
chr17	54940149	54946044	ENSG00000153933.4_1_1	+	54942058	NA	TATAAA AATACA	26 30	1	1	0.0
chr16	18792606	18794333	ENSG00000134419.9_1_1	-	18794333	NA	AATAAA	7	2	1	0.0
chr17	1247555	1248743	ENSG00000108953.9_1_1	-	1248294	NA	NA	NA	1	1	0.0
chr17	1247555	1248743	ENSG00000108953.9_1_1	-	1248654	NA	NA	NA	3	1	0.0
chr15	44816369	44821246	ENSG00000137770.8_1_1	+	44816590	NA	AATACA	1	1	1	0.0
chr15	44816369	44821246	ENSG00000137770.8_1_1	+	44818161	NA	ATTAAA	21	1	1	0.0
chr15	44816369	44821246	ENSG00000137770.8_1_1	+	44820929	NA	NA	NA	1	1	0.0
chr19	46893600	46894119	ENSG00000011485.7_1_1	+	46894037	NA	NA	NA	1	1	0.0
chrX	152037657	152038283	ENSG00000147383.6_1_1	+	152037691	NA	NA	NA	1	1	0.0
chr5	149932891	149937783	ENSG00000070614.9_1_1	+	149937704	NA	NA	NA	1	1	0.0
chr7	128505629	128505908	ENSG00000128524.4_1_1	+	128505629	NA	NA	NA	1	1	0.0
chr8	21862596	21864106	ENSG00000130227.11_1_1	+	21863270	NA	NA	NA	1	1	0.0
chr20	30780295	30784257	ENSG00000126003.6_1_1	-	30781645	NA	NA	NA	1	1	0.0
chr1	59246454	59247749	ENSG00000177606.5_1_1	-	59247727	NA	AATAAA	32	1	1	0.0
chrX	71491881	71492523	ENSG00000198034.6_1_1	-	71492514	NA	CATAAA	13	3	3	2.88675134595
chr5	34830867	34832742	ENSG00000039560.9_4_1	+	34832060	NA	CATAAA	3	1	1	0.0
chr1	10516568	10521549	ENSG00000160049.6_1_1	-	10518658	NA	TATAAA	29	1	1	0.0
chr1	10516568	10521549	ENSG00000160049.6_1_1	-	10519854	NA	NA	NA	1	1	0.0
chr19	4838335	4839206	ENSG00000105355.3_1_1	-	4838902	NA	NA	NA	1	1	0.0
chr10	114575139	114578513	ENSG00000151532.9_2_1	+	114575499	NA	NA	NA	1	1	0.0
chrX	15574267	15574662	ENSG00000102010.9_1_1	+	15574576	NA	NA	NA	1	1	0.0
chr11	43515451	43516493	ENSG00000052841.9_3_1	+	43515451	NA	NA	NA	1	1	0.0
chr7	44421958	44425612	ENSG00000015676.12_1_1	-	44423918	NA	NA	NA	1	1	0.0
chr1	159887886	159888592	ENSG00000158710.10_1_1	-	159887968	NA	AATATA	1	1	1	0.0
chr1	159887886	159888592	ENSG00000158710.10_1_1	-	159888435	NA	NA	NA	2	2	18.5067555233
chr1	159887886	159888592	ENSG00000158710.10_1_1	-	159888592	NA	AATAAA	2	1	1	0.0
chr10	70742565	70744839	ENSG00000165732.7_1_1	+	70743406	NA	NA	NA	2	1	0.0
chr10	70742565	70744839	ENSG00000165732.7_1_1	+	70743886	NA	NA	NA	1	1	0.0
chr10	103909783	103910092	ENSG00000148840.6_1_1	+	103909866	NA	NA	NA	1	1	0.0
chr9	37861502	37867673	ENSG00000122741.11_1_1	+	37861540	NA	NA	NA	1	1	0.0
chr8	29963375	29966050	ENSG00000104660.13_1_1	+	29964689	NA	TATAAA	33	1	1	0.0
chr20	44512686	44513915	ENSG00000168612.4_1_1	+	44513580	NA	NA	NA	1	1	0.0
chr5	10279378	10280567	ENSG00000164237.4_1_1	-	10279729	NA	AATACA	29	2	1	0.0
chr12	8071815	8074011	ENSG00000059804.10_1_1	-	8072088	NA	NA	NA	4	2	4.35889894354
chr12	8071815	8074011	ENSG00000059804.10_1_1	-	8072987	NA	NA	NA	1	1	0.0
chr2	169626169	169631654	ENSG00000172292.9_1_1	+	169631094	NA	NA	NA	1	1	0.0
chr12	64841908	64844917	ENSG00000184575.7_1_1	+	64842919	NA	NA	NA	1	1	0.0
chr12	64841908	64844917	ENSG00000184575.7_1_1	+	64843888	NA	CATAAA	9	1	1	0.0
chr11	118964553	118965675	ENSG00000188486.3_1_1	-	118964966	NA	NA	NA	1	1	0.0
chr3	52288426	52291508	ENSG00000164091.7_1_1	-	52290539	NA	NA	NA	1	1	0.0
chr10	62553730	62554620	ENSG00000170312.10_1_1	+	62554558	NA	NA	NA	1	1	0.0
chr16	2757325	2759041	ENSG00000167977.3_1_1	+	2757983	NA	NA	NA	1	1	0.0
chr16	2757325	2759041	ENSG00000167977.3_1_1	+	2758224	NA	NA	NA	1	1	0.0
chr16	69743293	69744881	ENSG00000181019.7_1_1	-	69744815	NA	NA	NA	1	1	0.0
chr12	57449418	57453664	ENSG00000166881.4_1_1	-	57452828	NA	NA	NA	1	1	0.0
chr9	140174410	140177103	ENSG00000198113.2_1_1	+	140174949	NA	NA	NA	1	1	0.0
chr20	46282158	46285631	ENSG00000124151.11_2_1	+	46284536	30	AATAAA ATTAAA TTTAAA	29 12 0	1	1	0.0
chr14	69925307	69929117	ENSG00000029364.6_1_1	+	69927175	NA	NA	NA	1	1	0.0
chr1	183595341	183596669	ENSG00000162704.10_1_1	-	183596313	NA	NA	NA	1	1	0.0
chr10	61548510	61552677	ENSG00000108091.10_1_1	-	61550387	NA	NA	NA	1	1	0.0
chr8	56922666	56923949	ENSG00000254087.2_1_1	+	56923077	NA	TATAAA ACTAAA	28 16	2	2	1.0
chr7	102975678	102978159	ENSG00000105821.9_2_1	-	102976053	NA	NA	NA	1	1	0.0
chr2	23971523	23974918	ENSG00000119778.9_1_1	-	23972499	NA	NA	NA	3	1	0.0
chr15	23299914	23300167	ENSG00000140181.9_1_8	-	23300166	NA	NA	NA	1	1	0.0
chr9	139567584	139568206	ENSG00000169692.8_1_1	-	139568206	NA	TATAAA	6	1	1	0.0
chr11	35827932	35829785	ENSG00000166326.5_1_1	+	35829316	NA	NA	NA	1	1	0.0
chr16	74339628	74344215	ENSG00000103035.4_1_1	+	74339741	NA	NA	NA	1	1	0.0
chr4	128838949	128841787	ENSG00000164073.5_1_1	-	128840480	NA	AATAAA	7	1	1	0.0
chr16	74655286	74657828	ENSG00000168411.7_1_1	-	74656059	NA	NA	NA	1	1	0.0
chr16	74655286	74657828	ENSG00000168411.7_1_1	-	74657828	NA	AATAAA	10	1	1	0.0
chr22	22273782	22277467	ENSG00000100034.8_1_1	-	22274189	NA	NA	NA	1	1	0.0
chr6	13287307	13288085	ENSG00000112137.11_3_1	+	13287601	NA	NA	NA	1	1	0.0
chr11	20404748	20405339	ENSG00000109854.9_2_1	+	20405288	-38	AATACA AATAGA	31 3	1	1	0.0
chr1	202696515	202698166	ENSG00000117139.10_1_1	-	202697163	NA	NA	NA	1	1	0.0
chr12	121157832	121161453	ENSG00000175970.6_1_1	+	121159647	NA	NA	NA	1	1	0.0
chr9	77561486	77562966	ENSG00000135045.6_1_1	-	77561566	NA	NA	NA	1	1	0.0
chr19	54377749	54379701	ENSG00000179820.10_1_1	+	54377749	NA	NA	NA	1	1	0.0
chr14	100800114	100801214	ENSG00000140105.10_1_1	-	100801214	NA	AATAAA AGTAAA	7 3	1	1	0.0
chr21	43305210	43309235	ENSG00000157617.12_1_1	-	43306375	NA	NA	NA	1	1	0.0
chr17	47126803	47133022	ENSG00000159217.5_1_1	+	47128044	NA	NA	NA	1	1	0.0
chr4	174252835	174253233	ENSG00000164104.7_1_1	-	174253143	NA	NA	NA	1	1	0.0
chr4	38698881	38702673	ENSG00000109787.8_2_1	+	38699093	NA	NA	NA	1	1	0.0
chrX	109416676	109421026	ENSG00000157600.6_1_1	+	109420031	NA	NA	NA	4	1	0.0
chr6	28195830	28197018	ENSG00000137185.7_1_1	+	28196003	NA	NA	NA	1	1	0.0
chr6	28195830	28197018	ENSG00000137185.7_1_1	+	28196708	NA	NA	NA	1	1	0.0
chr1	155110754	155111339	ENSG00000169241.12_1_1	+	155111274	NA	NA	NA	1	1	0.0
chr8	26513219	26515704	ENSG00000092964.10_1_1	+	26515029	NA	NA	NA	1	1	0.0
chr17	76170149	76170842	ENSG00000167900.5_1_1	-	76170232	NA	NA	NA	1	1	0.0
chr7	99667586	99668768	ENSG00000166526.12_2_1	-	99667862	NA	ACTAAA	20	1	1	0.0
chr19	2100982	2102174	ENSG00000065000.9_1_1	-	2101384	NA	NA	NA	1	1	0.0
chr19	8023447	8028369	ENSG00000066044.8_1_1	-	8027228	NA	NA	NA	1	1	0.0
chr2	242291381	242293452	ENSG00000168385.12_3_2	+	242291593	32	NA	NA	1	1	0.0
chr17	27082985	27085290	ENSG00000173065.8_1_1	-	27084292	NA	NA	NA	1	1	0.0
chr6	57048985	57049745	ENSG00000112208.8_1_1	+	57049693	NA	TTTAAA	33	1	1	0.0
chr20	33095596	33099208	ENSG00000078747.7_1_1	+	33096681	NA	AATAGA	33	1	1	0.0
chr4	99363265	99365022	ENSG00000138698.9_2_1	+	99364328	NA	AAGAAA ACTAAA	21 17	1	1	0.0
chr3	197508777	197511327	ENSG00000122068.6_2_1	+	197510081	NA	NA	NA	1	1	0.0
chr19	13063860	13064458	ENSG00000179262.3_1_1	+	13064399	NA	NA	NA	1	1	0.0
chr5	167975489	167984578	ENSG00000120137.6_1_1	-	167976483	NA	AATAGA	10	2	1	0.0
chr5	158711936	158713054	ENSG00000164332.6_1_1	+	158712348	NA	NA	NA	1	1	0.0
chr19	582749	583502	ENSG00000172270.10_1_2	+	583184	NA	NA	NA	1	1	0.0
chr3	191109546	191116469	ENSG00000152492.9_1_1	+	191110489	NA	ATTAAA	8	1	1	0.0
chr2	170606239	170608408	ENSG00000213160.4_1_1	+	170606928	NA	NA	NA	2	2	0.707106781187
chr22	21304130	21308047	ENSG00000099942.8_1_1	+	21304579	NA	NA	NA	1	1	0.0
chr22	21304130	21308047	ENSG00000099942.8_1_1	+	21306065	NA	NA	NA	1	1	0.0
chr22	21304130	21308047	ENSG00000099942.8_1_1	+	21306667	NA	NA	NA	1	1	0.0
chrX	53401059	53407026	ENSG00000072501.11_1_1	-	53406719	NA	NA	NA	2	1	0.0
chr15	89738651	89745601	ENSG00000140526.10_1_1	+	89740822	NA	NA	NA	1	1	0.0
chr15	89738651	89745601	ENSG00000140526.10_1_1	+	89742765	NA	NA	NA	1	1	0.0
chr7	73609635	73611441	ENSG00000106682.10_1_1	+	73610507	NA	NA	NA	1	1	0.0
chr1	26449065	26452044	ENSG00000175087.5_1_1	+	26449616	NA	AATAAA	31	1	1	0.0
chr22	39214446	39218616	ENSG00000221890.2_1_1	-	39217366	NA	NA	NA	1	1	0.0
chrX	24094899	24096098	ENSG00000130741.5_2_1	+	24095147	NA	NA	NA	1	1	0.0
chr1	228285711	228286922	ENSG00000143761.8_1_1	+	228285729	NA	NA	NA	1	1	0.0
chr6	26285261	26285418	ENSG00000158406.2_1_2	-	26285418	NA	NA	NA	1	1	0.0
chr14	69846829	69847257	ENSG00000100632.5_1_1	-	69846918	NA	NA	NA	1	1	0.0
chr6	157712651	157713935	ENSG00000215712.4_1_1	-	157713568	NA	NA	NA	1	1	0.0
chr16	28975181	28978428	ENSG00000176953.5_1_1	+	28977310	NA	NA	NA	1	1	0.0
chr9	123578320	123580186	ENSG00000095261.8_2_1	-	123578652	NA	NA	NA	1	1	0.0
chr9	123578320	123580186	ENSG00000095261.8_2_1	-	123579866	NA	AATAAA AATATA	30 21	1	1	0.0
chr4	89647095	89649686	ENSG00000138640.10_1_1	-	89647866	NA	TTTAAA	14	1	1	0.0
chr12	48362009	48362670	ENSG00000134291.6_1_1	+	48362214	NA	NA	NA	1	1	0.0
chr4	773984	774821	ENSG00000255620.1_1_1	-	774053	NA	NA	NA	1	1	0.0
chr6	32152499	32154161	ENSG00000204304.4_1_1	-	32153315	NA	NA	NA	1	1	0.0
chrX	70519923	70521028	ENSG00000147140.10_1_1	+	70520955	NA	NA	NA	2	2	7.0
chr2	85280529	85282570	ENSG00000176407.12_1_1	+	85280837	NA	AATGAA	33	1	1	0.0
chr17	17968554	17971728	ENSG00000141034.4_2_1	+	17970261	NA	NA	NA	1	1	0.0
chr19	2734516	2736940	ENSG00000141873.5_2_1	-	2735820	NA	NA	NA	1	1	0.0
chr11	117038412	117041771	ENSG00000168092.8_1_1	+	117039764	NA	NA	NA	1	1	0.0
chr8	110576785	110578235	ENSG00000147654.10_1_1	+	110576908	NA	AATACA	27	2	1	0.0
chr5	140078134	140078899	ENSG00000112855.9_2_1	+	140078348	-31	NA	NA	1	1	0.0
chr5	10433793	10435501	ENSG00000145495.8_2_1	+	10435318	NA	AATAAA	31	3	1	0.0
chr6	7281365	7290099	ENSG00000124783.8_2_1	-	7282374	NA	TTTAAA	1	1	1	0.0
chr6	7281365	7290099	ENSG00000124783.8_2_1	-	7283262	NA	NA	NA	1	1	0.0
chr6	7281365	7290099	ENSG00000124783.8_2_1	-	7288806	NA	NA	NA	1	1	0.0
chr4	166263095	166264322	ENSG00000052802.8_2_1	+	166263462	NA	TTTAAA	16	1	1	0.0
chr4	166263095	166264322	ENSG00000052802.8_2_1	+	166263540	NA	NA	NA	1	1	0.0
chr2	188328946	188331665	ENSG00000003436.10_1_1	-	188330562	NA	NA	NA	1	1	0.0
chr5	145890202	145891534	ENSG00000113649.6_1_1	+	145890488	NA	NA	NA	1	1	0.0
chr12	4409172	4414526	ENSG00000118971.3_1_1	+	4409738	NA	NA	NA	4	1	0.0
chr2	200134212	200136936	ENSG00000119042.11_1_1	-	200134479	NA	ACTAAA	15	1	1	0.0
chr12	42475639	42481590	ENSG00000151233.5_1_1	-	42481590	NA	AATAAA	10	1	1	0.0
chr16	30081530	30081751	ENSG00000149925.10_1_1	+	30081675	NA	NA	NA	2	2	5.0
chr9	86274867	86276704	ENSG00000135018.9_1_1	-	86275131	NA	TTTAAA	15	1	1	0.0
chr9	130628748	130630289	ENSG00000106992.12_1_1	-	130630189	NA	AATGAA	18	1	1	0.0
chr3	16299474	16302273	ENSG00000154813.5_1_1	-	16301962	NA	NA	NA	1	1	0.0
chr1	32799422	32800200	ENSG00000175130.6_1_1	-	32799510	NA	NA	NA	1	1	0.0
chr1	32799422	32800200	ENSG00000175130.6_1_1	-	32799932	NA	TATAAA	24	1	1	0.0
chr1	32799422	32800200	ENSG00000175130.6_1_1	-	32800200	NA	AATAAA	4	1	1	0.0
chr1	9988986	9990459	ENSG00000162441.6_1_1	-	9990404	NA	NA	NA	1	1	0.0
chr1	28661478	28662486	ENSG00000130772.9_1_1	+	28662406	NA	NA	NA	1	1	0.0
chr17	63005396	63010377	ENSG00000120063.4_1_1	-	63010004	NA	TATAAA	30	1	1	0.0
chr1	21543729	21546450	ENSG00000117298.10_1_1	-	21545163	NA	NA	NA	1	1	0.0
chr15	89441903	89442628	ENSG00000140545.8_1_1	-	89441987	NA	TTTAAA	26	1	1	0.0
chr11	94862740	94865819	ENSG00000149218.4_1_1	+	94865107	NA	AATAAA	5	1	1	0.0
chr16	19513004	19514794	ENSG00000006007.6_1_1	-	19513761	NA	AAGAAA	0	2	2	1.0
chr14	23567287	23569681	ENSG00000179933.3_1_1	+	23567815	NA	AATAAA	13	2	1	0.0
chr3	49199957	49200240	ENSG00000177352.9_1_1	-	49200040	NA	NA	NA	1	1	0.0
chr1	115312089	115316894	ENSG00000052723.7_1_1	-	115312998	NA	NA	NA	1	1	0.0
chr9	123940404	123943676	ENSG00000119396.6_1_1	-	123943627	NA	NA	NA	1	1	0.0
chr1	166825736	166826806	ENSG00000152382.5_1_1	-	166826486	NA	NA	NA	1	1	0.0
chr1	52552427	52556398	ENSG00000134717.13_3_1	+	52553881	NA	NA	NA	1	1	0.0
chr1	154184199	154184794	ENSG00000143612.13_2_1	-	154184785	NA	AATAAA	6	1	1	0.0
chr11	3379146	3380350	ENSG00000005801.11_2_1	-	3379667	NA	AATATA	6	1	1	0.0
chr4	77968300	77969374	ENSG00000118816.5_1_1	-	77969234	NA	AATAGA	22	1	1	0.0
chr17	43340477	43342005	ENSG00000006062.8_1_1	-	43340977	NA	NA	NA	1	1	0.0
chr6	36569763	36571219	ENSG00000112081.10_2_1	+	36570032	NA	NA	NA	1	1	0.0
chr6	36569763	36571219	ENSG00000112081.10_2_1	+	36570136	NA	AATACA	1	1	1	0.0
chr5	37288228	37292004	ENSG00000113569.10_1_1	-	37291429	NA	NA	NA	1	1	0.0
chr12	51323930	51326310	ENSG00000185432.8_1_1	+	51324497	NA	NA	NA	1	1	0.0
chr8	37635619	37637293	ENSG00000147471.6_2_1	+	37636251	NA	NA	NA	1	1	0.0
chr8	30535572	30537039	ENSG00000104687.8_1_1	-	30536738	NA	NA	NA	2	2	0.707106781187
chr2	47128998	47132604	ENSG00000180398.7_1_1	-	47131212	NA	NA	NA	1	1	0.0
chr2	47128998	47132604	ENSG00000180398.7_1_1	-	47132278	NA	NA	NA	3	2	7.07106781187
chr16	11444644	11445629	ENSG00000175643.6_1_1	+	11445021	NA	NA	NA	1	1	0.0
chr17	74559251	74561440	ENSG00000163597.8_1_1	+	74559502	NA	NA	NA	1	1	0.0
chr1	1716714	1718492	ENSG00000078369.9_1_1	-	1717030	NA	AATAAA	3	1	1	0.0
chr1	1716714	1718492	ENSG00000078369.9_1_1	-	1717072	NA	NA	NA	1	1	0.0
chr22	38686686	38687944	ENSG00000213923.5_1_1	-	38687944	9	AATAAA GATAAA	6 20	1	1	0.0
chr20	3143252	3145102	ENSG00000088899.10_1_1	-	3144593	NA	NA	NA	1	1	0.0
chr17	73232684	73234362	ENSG00000125447.11_1_1	-	73233247	NA	NA	NA	1	1	0.0
chr12	53805021	53810231	ENSG00000185591.4_1_1	+	53809373	NA	AAGAAA	27	1	1	0.0
chr9	34086511	34088350	ENSG00000198876.7_1_1	-	34087597	NA	NA	NA	1	1	0.0
chr16	11961976	11966978	ENSG00000103342.7_1_1	-	11965491	NA	NA	NA	1	1	0.0
chr16	11961976	11966978	ENSG00000103342.7_1_1	-	11966592	NA	NA	NA	2	2	2.0
chr7	106800024	106802266	ENSG00000005249.6_1_1	+	106800847	NA	TTTAAA	29	1	1	0.0
chr7	92085873	92088160	ENSG00000157259.6_1_1	+	92087046	NA	AATAAA	11	1	1	0.0
chr19	18390552	18391253	ENSG00000130522.3_1_1	-	18390642	NA	NA	NA	1	1	0.0
chr13	46700050	46701728	ENSG00000136167.8_1_1	-	46700871	27	NA	NA	1	1	0.0
chr13	46700050	46701728	ENSG00000136167.8_1_1	-	46700943	NA	NA	NA	1	1	0.0
chr13	46700050	46701728	ENSG00000136167.8_1_1	-	46701383	NA	NA	NA	1	1	0.0
chr1	7839702	7841502	ENSG00000049245.8_1_1	+	7841155	NA	TATAAA	33	1	1	0.0
chrX	119389286	119392261	ENSG00000177485.4_1_1	+	119391931	NA	AATATA TTTAAA	2 9	1	1	0.0
chr2	96916301	96919548	ENSG00000135956.3_1_1	-	96917492	NA	NA	NA	1	1	0.0
chr1	32508222	32509493	ENSG00000121774.11_1_1	+	32508481	NA	NA	NA	1	1	0.0
chr17	79860766	79862711	ENSG00000185813.3_1_1	-	79862106	NA	NA	NA	1	1	0.0
chr17	79860766	79862711	ENSG00000185813.3_1_1	-	79862539	NA	NA	NA	1	1	0.0
chr19	2351610	2351655	ENSG00000005206.9_1_1	+	2351610	NA	NA	NA	1	1	0.0
chr1	150618690	150620799	ENSG00000143457.5_1_1	-	150619993	NA	NA	NA	1	1	0.0
chr10	99192278	99193208	ENSG00000171314.6_1_1	+	99192396	NA	NA	NA	1	1	0.0
chr10	99192278	99193208	ENSG00000171314.6_1_1	+	99192850	NA	ATTAAA	33	2	2	12.5099960032
chr9	139687281	139687719	ENSG00000244187.2_1_1	+	139687644	NA	NA	NA	1	1	0.0
chr2	223806369	223809367	ENSG00000123983.9_1_1	+	223806880	NA	NA	NA	1	1	0.0
chr12	118587595	118588804	ENSG00000135090.8_1_1	-	118588804	NA	AATAAA	11	1	1	0.0
chr19	39888336	39891211	ENSG00000063322.6_1_1	+	39889943	NA	NA	NA	1	1	0.0
chr19	39888336	39891211	ENSG00000063322.6_1_1	+	39890109	NA	NA	NA	1	1	0.0
chr9	26907597	26907826	ENSG00000137055.10_2_1	-	26907685	NA	ATTAAA AATGAA	28 32	1	1	0.0
chr17	8062456	8064175	ENSG00000220205.3_1_1	-	8063187	NA	NA	NA	1	1	0.0
chr6	87971516	87973924	ENSG00000188994.8_3_1	+	87971590	NA	TTTAAA	7	2	2	0.707106781187
chr1	65897599	65901700	ENSG00000213625.4_1_1	+	65898196	NA	AGTAAA	12	1	1	0.0
chr17	40852283	40854552	ENSG00000108799.6_1_1	-	40852665	NA	NA	NA	1	1	0.0
chrX	152960666	152962058	ENSG00000130821.10_1_1	+	152961578	NA	NA	NA	1	1	0.0
chr6	31847525	31847863	ENSG00000204371.6_1_1	-	31847583	NA	NA	NA	1	1	0.0
chr11	65622261	65622809	ENSG00000172757.7_1_1	-	65622345	NA	NA	NA	2	2	6.0
chr3	185764086	185766430	ENSG00000244405.3_1_1	-	185765647	NA	NA	NA	5	2	1.3416407865
chr1	54692294	54692806	ENSG00000157216.10_1_1	-	54692393	NA	NA	NA	1	1	0.0
