chrm	beg	end	utr_ID	strand	polyA_coordinate	annotated_polyA_distance	nearby_PAS	PAS_distance	number_supporting_reads	number_unique_supporting_reads	unique_reads_spread
chr17	73163814	73164436	ENSG00000188612.6_1_1	-	73164207	NA	CATAAA	34	1	1	0.0
chr3	152881031	152886275	ENSG00000181467.2_1_1	+	152881355	NA	NA	NA	1	1	0.0
chr1	226170392	226173005	ENSG00000143751.7_1_1	-	226172965	NA	AAGAAA TTTAAA TTTAAA	24 1 20	1	1	0.0
chr10	74034943	74035804	ENSG00000168209.3_1_1	+	74035308	NA	NA	NA	1	1	0.0
chr18	9954205	9960028	ENSG00000101558.8_1_1	+	9954304	NA	NA	NA	1	1	0.0
chr20	32868063	32868842	ENSG00000101444.7_1_1	-	32868630	NA	AATAGA	23	1	1	0.0
chr4	57325701	57327544	ENSG00000128050.4_1_1	+	57326115	NA	NA	NA	1	1	0.0
chr19	896492	897439	ENSG00000198858.4_1_1	-	897401	NA	NA	NA	1	1	0.0
chr1	19400989	19401328	ENSG00000127481.9_1_1	-	19401123	NA	NA	NA	1	1	0.0
chr1	223962556	223963730	ENSG00000162909.11_1_1	+	223963012	NA	TTTAAA	8	1	1	0.0
chr12	74932183	74935233	ENSG00000253719.2_1_1	+	74933924	NA	NA	NA	1	1	0.0
chr22	36883226	36886057	ENSG00000100350.10_1_1	-	36884085	NA	NA	NA	1	1	0.0
chr4	146054790	146058584	ENSG00000164164.11_1_1	-	146057559	NA	NA	NA	1	1	0.0
chr10	102120687	102124601	ENSG00000099194.4_1_1	+	102122719	NA	NA	NA	1	1	0.0
chr12	8926377	8929797	ENSG00000166532.10_1_1	+	8927234	NA	NA	NA	1	1	0.0
chr2	55199314	55200294	ENSG00000115310.13_1_1	-	55199975	26	NA	NA	1	1	0.0
chr5	111498307	111500689	ENSG00000129595.7_1_1	-	111500487	NA	NA	NA	1	1	0.0
chr17	79876138	79880483	ENSG00000197063.5_1_1	-	79879149	NA	NA	NA	1	1	0.0
chr14	74181814	74186006	ENSG00000156030.8_1_1	-	74185234	NA	NA	NA	1	1	0.0
chr6	31765162	31765536	ENSG00000204392.5_1_1	-	31765367	NA	NA	NA	1	1	0.0
chr13	100215009	100215655	ENSG00000125304.6_1_1	+	100215010	NA	NA	NA	1	1	0.0
chr6	34255986	34256532	ENSG00000112664.4_1_1	-	34256095	NA	NA	NA	1	1	0.0
chr4	166263095	166264322	ENSG00000052802.8_2_1	+	166263592	NA	NA	NA	1	1	0.0
chr2	105880860	105883842	ENSG00000135966.7_1_1	-	105883474	NA	NA	NA	1	1	0.0
chr12	53805021	53810231	ENSG00000185591.4_1_1	+	53810195	-24	NA	NA	1	1	0.0
chr19	13249217	13251965	ENSG00000160877.4_1_1	+	13251439	NA	NA	NA	1	1	0.0
