chrm	beg	end	utr_ID	strand	polyA_coordinate	annotated_polyA_distance	nearby_PAS	PAS_distance	number_supporting_reads	number_unique_supporting_reads	unique_reads_spread
chr16	29708729	29709335	ENSG00000103485.10_1_1	+	29708844	NA	NA	NA	1	1	0.0
chr15	79189406	79190485	ENSG00000185787.9_1_1	+	79189661	NA	NA	NA	1	1	0.0
chr19	16301763	16302865	ENSG00000105058.6_1_1	+	16302296	NA	NA	NA	1	1	0.0
chr5	149431752	149432396	ENSG00000113716.8_2_1	+	149431917	NA	NA	NA	1	1	0.0
chr19	10943104	10943673	ENSG00000099203.1_1_1	-	10943476	NA	NA	NA	1	1	0.0
chr19	10943104	10943673	ENSG00000099203.1_1_1	-	10943644	NA	NA	NA	1	1	0.0
chr18	72907052	72913373	ENSG00000180011.5_1_1	-	72911532	NA	NA	NA	1	1	0.0
chr4	69176094	69179819	ENSG00000083896.7_1_1	-	69179426	NA	NA	NA	1	1	0.0
chr19	19616280	19619750	ENSG00000167491.10_1_1	+	19617790	NA	AATAAA	15	1	1	0.0
chr16	69775759	69776237	ENSG00000141101.6_1_1	-	69775919	NA	NA	NA	1	1	0.0
chr2	85551497	85552004	ENSG00000152291.9_2_1	-	85551696	NA	NA	NA	2	2	1.58113883008
chr16	85007776	85009951	ENSG00000153786.7_1_1	-	85008446	NA	NA	NA	1	1	0.0
chr17	61909430	61910300	ENSG00000108604.10_1_1	-	61909644	NA	NA	NA	1	1	0.0
chr15	65871084	65871748	ENSG00000138614.8_1_1	-	65871650	NA	TTTAAA	19	2	1	0.0
chr4	17802267	17805116	ENSG00000163257.6_1_1	-	17804577	NA	NA	NA	2	1	0.0
chr15	52201004	52204345	ENSG00000138594.7_1_1	+	52203261	NA	NA	NA	2	2	0.707106781187
chr3	32522793	32525454	ENSG00000091317.7_1_1	-	32524164	NA	NA	NA	2	1	0.0
chr17	42153408	42153721	ENSG00000141349.3_1_1	+	42153503	NA	NA	NA	1	1	0.0
chr17	26521659	26523417	ENSG00000087095.7_1_1	+	26522909	NA	AATAAA ATTAAA	31 25	2	2	1.0
chr16	87436700	87438395	ENSG00000140941.6_1_1	+	87437199	NA	NA	NA	1	1	0.0
chr2	202028693	202029043	ENSG00000003402.12_5_1	+	202029043	33	NA	NA	1	1	0.0
chr1	33240829	33241584	ENSG00000134684.6_1_1	-	33241581	NA	AATAAA CATAAA	12 2	1	1	0.0
chr11	61567087	61569885	ENSG00000149485.10_1_1	-	61567718	NA	NA	NA	4	1	0.0
chr11	61567087	61569885	ENSG00000149485.10_1_1	-	61569663	NA	TATAAA	13	1	1	0.0
chr17	62224785	62226331	ENSG00000136478.2_1_1	-	62226203	NA	ACTAAA	18	1	1	0.0
chr9	96326819	96328407	ENSG00000048828.11_3_1	+	96327995	NA	NA	NA	1	1	0.0
chr1	160964990	160968663	ENSG00000158769.11_1_1	-	160966324	NA	NA	NA	1	1	0.0
chr1	160964990	160968663	ENSG00000158769.11_1_1	-	160966485	NA	NA	NA	1	1	0.0
chr1	160964990	160968663	ENSG00000158769.11_1_1	-	160968497	NA	NA	NA	1	1	0.0
chr6	44201262	44201898	ENSG00000112759.11_1_1	+	44201783	NA	NA	NA	1	1	0.0
chr7	152343578	152345729	ENSG00000196584.2_1_1	-	152345438	NA	CATAAA	29	2	2	1.0
chr1	109177769	109181959	ENSG00000162636.10_1_1	+	109181878	NA	NA	NA	1	1	0.0
chr1	109177769	109181959	ENSG00000162636.10_1_1	+	109181938	-9	AATAAA	25	2	1	0.0
chr16	23474852	23478913	ENSG00000103365.8_1_1	-	23478668	NA	NA	NA	1	1	0.0
chr17	20902895	20906346	ENSG00000124422.6_1_1	-	20904388	NA	CATAAA	23	1	1	0.0
chr6	118781924	118786570	ENSG00000111860.9_1_1	-	118782132	NA	AAGAAA	16	1	1	0.0
chr17	30807770	30809408	ENSG00000108671.4_1_2	+	30808315	NA	NA	NA	1	1	0.0
chr17	30807770	30809408	ENSG00000108671.4_1_2	+	30808902	NA	NA	NA	1	1	0.0
chr14	35550431	35552599	ENSG00000151327.6_1_1	+	35552221	NA	NA	NA	1	1	0.0
chr5	112349178	112356677	ENSG00000172795.11_2_1	+	112351134	NA	NA	NA	1	1	0.0
chr2	29022166	29025816	ENSG00000213639.5_2_1	+	29023149	NA	NA	NA	22	10	4.78159349628
chr17	78367295	78370096	ENSG00000173821.12_2_1	+	78367665	NA	NA	NA	1	1	0.0
chr17	79801026	79801890	ENSG00000185624.5_1_1	-	79801151	NA	NA	NA	1	1	0.0
chr19	2813271	2813598	ENSG00000172009.9_1_1	+	2813320	NA	NA	NA	1	1	0.0
chr19	19221682	19223714	ENSG00000181035.8_1_1	+	19222968	NA	NA	NA	2	1	0.0
chr15	91425105	91426698	ENSG00000140564.4_1_1	+	91426079	NA	NA	NA	1	1	0.0
chr5	122165340	122165813	ENSG00000205302.2_2_1	+	122165538	NA	NA	NA	1	1	0.0
chr6	17759403	17761090	ENSG00000137177.12_1_1	-	17760745	NA	TATAAA	16	1	1	0.0
chr16	15130129	15131553	ENSG00000179889.12_2_1	+	15131047	NA	NA	NA	1	1	0.0
chr17	79528797	79532348	ENSG00000182446.7_2_1	-	79530359	NA	NA	NA	1	1	0.0
chr16	56878518	56878872	ENSG00000102900.6_1_1	+	56878605	NA	NA	NA	1	1	0.0
chr14	50360979	50361500	ENSG00000165527.5_1_1	+	50361235	NA	NA	NA	6	3	5.22812904712
chr1	26646790	26647024	ENSG00000169442.4_1_1	+	26646830	NA	NA	NA	2	2	7.0
chr6	7609103	7612101	ENSG00000168566.9_1_1	+	7612080	-9	AATAAA CATAAA	30 21	1	1	0.0
chr12	124081273	124083126	ENSG00000086598.4_1_1	+	124082197	NA	NA	NA	4	3	0.866025403784
chr12	124081273	124083126	ENSG00000086598.4_1_1	+	124082226	NA	NA	NA	2	2	3.0
chr12	124081273	124083126	ENSG00000086598.4_1_1	+	124082457	NA	NA	NA	2	1	0.0
chr3	38294379	38296989	ENSG00000172939.4_2_1	+	38294587	NA	AAGAAA	5	1	1	0.0
chr3	38294379	38296989	ENSG00000172939.4_2_1	+	38295115	NA	NA	NA	1	1	0.0
chr17	47004493	47006428	ENSG00000159202.11_2_1	+	47005537	NA	NA	NA	1	1	0.0
chr17	47004493	47006428	ENSG00000159202.11_2_1	+	47005580	NA	NA	NA	2	2	0.707106781187
chr17	47004493	47006428	ENSG00000159202.11_2_1	+	47005697	NA	NA	NA	1	1	0.0
chr3	152881031	152886275	ENSG00000181467.2_1_1	+	152881371	NA	NA	NA	7	2	0.845154254729
chr4	3508092	3514703	ENSG00000163956.6_1_1	-	3514494	NA	NA	NA	1	1	0.0
chr11	57583777	57587028	ENSG00000198561.8_2_1	+	57585911	-4	AATAAA TATAAA	26 22	1	1	0.0
chr1	185265509	185267169	ENSG00000116679.11_1_1	-	185266380	NA	AGTAAA	6	1	1	0.0
chr22	19163084	19163645	ENSG00000100075.5_1_1	-	19163270	NA	NA	NA	1	1	0.0
chr22	19163084	19163645	ENSG00000100075.5_1_1	-	19163441	NA	NA	NA	1	1	0.0
chr19	11663847	11664563	ENSG00000130165.5_1_1	-	11664304	NA	NA	NA	1	1	0.0
chr5	56189504	56191989	ENSG00000095015.5_1_1	+	56191258	NA	NA	NA	1	1	0.0
chr2	3192685	3193107	ENSG00000032389.8_1_1	-	3192837	NA	NA	NA	1	1	0.0
chr2	3192685	3193107	ENSG00000032389.8_1_1	-	3192993	NA	TTTAAA	17	1	1	0.0
chr13	45603373	45606242	ENSG00000133114.12_1_2	+	45604277	NA	TTTAAA	14	1	1	0.0
chr1	36385205	36389910	ENSG00000092847.5_1_1	+	36386036	NA	NA	NA	1	1	0.0
chr1	36385205	36389910	ENSG00000092847.5_1_1	+	36386997	NA	NA	NA	2	1	0.0
chr12	46751961	46754896	ENSG00000134294.8_1_1	-	46753692	NA	ATTAAA	13	2	1	0.0
chr6	157529022	157530411	ENSG00000049618.14_2_1	+	157529915	NA	NA	NA	2	2	0.707106781187
chr8	20077910	20079222	ENSG00000147416.4_3_1	+	20078105	NA	TTTAAA	6	1	1	0.0
chr3	45123759	45127132	ENSG00000163814.3_1_1	-	45125174	NA	NA	NA	1	1	0.0
chr19	2071026	2073396	ENSG00000172081.8_1_1	-	2072684	NA	NA	NA	1	1	0.0
chr3	40574578	40579197	ENSG00000172888.7_1_1	+	40577814	NA	NA	NA	1	1	0.0
chr11	27516112	27520198	ENSG00000148943.7_1_1	-	27517228	NA	ACTAAA	32	17	7	2.71163072273
chr18	47918614	47920553	ENSG00000154839.4_1_1	+	47919172	NA	NA	NA	14	6	2.12132034356
chr1	110943860	110944147	ENSG00000134248.8_1_1	-	110944046	NA	NA	NA	1	1	0.0
chr8	22277208	22280264	ENSG00000104635.8_1_1	+	22277567	NA	NA	NA	1	1	0.0
chr10	74034943	74035804	ENSG00000168209.3_1_1	+	74035550	NA	NA	NA	1	1	0.0
chr8	130853705	130854390	ENSG00000153310.12_1_1	-	130854010	NA	TTTAAA ACTAAA	30 20	1	1	0.0
chr6	21231267	21232645	ENSG00000145996.7_1_1	+	21231903	NA	NA	NA	1	1	0.0
chr6	21231267	21232645	ENSG00000145996.7_1_1	+	21232310	NA	NA	NA	1	1	0.0
chr17	44107323	44108844	ENSG00000120071.7_1_1	-	44108264	NA	NA	NA	1	1	0.0
chr14	75598162	75601590	ENSG00000170348.3_1_1	-	75599033	NA	NA	NA	3	3	1.82574185835
chr1	204372504	204375222	ENSG00000158615.7_1_1	-	204373557	NA	NA	NA	2	2	0.707106781187
chr19	51300951	51301354	ENSG00000167747.8_1_1	-	51301207	NA	NA	NA	1	1	0.0
chr9	130551819	130553076	ENSG00000136807.6_1_1	+	130551933	NA	NA	NA	1	1	0.0
chr9	130551819	130553076	ENSG00000136807.6_1_1	+	130552432	NA	NA	NA	2	1	0.0
chr4	1205225	1206030	ENSG00000159692.11_1_1	-	1205606	NA	NA	NA	1	1	0.0
chr8	8993754	8998306	ENSG00000173281.4_1_1	-	8995694	NA	NA	NA	1	1	0.0
chr2	183960383	183964743	ENSG00000162999.8_1_1	+	183961375	NA	NA	NA	1	1	0.0
chr2	183960383	183964743	ENSG00000162999.8_1_1	+	183961826	NA	NA	NA	2	1	0.0
chr22	19430662	19431790	ENSG00000242259.3_2_1	-	19431574	NA	TTTAAA	0	1	1	0.0
chr13	42893361	42897406	ENSG00000023516.7_1_1	+	42893918	NA	NA	NA	26	1	0.0
chr6	97590026	97594684	ENSG00000146263.7_1_1	-	97591726	NA	NA	NA	1	1	0.0
chr6	97590026	97594684	ENSG00000146263.7_1_1	-	97591941	NA	NA	NA	1	1	0.0
chr4	110966991	110972496	ENSG00000170522.5_1_1	-	110972055	NA	NA	NA	1	1	0.0
chr20	37667183	37668376	ENSG00000101452.8_1_1	+	37668102	NA	NA	NA	1	1	0.0
chr10	30598719	30602540	ENSG00000107951.7_1_1	-	30599774	NA	NA	NA	1	1	0.0
chr5	141380223	141381596	ENSG00000113552.11_1_1	-	141380526	NA	TTTAAA	0	1	1	0.0
chr15	73852344	73853389	ENSG00000156642.11_1_1	-	73853096	NA	NA	NA	7	4	1.41421356237
chr16	48385710	48389425	ENSG00000102910.5_2_1	+	48387983	NA	NA	NA	3	1	0.0
chr2	10269510	10271555	ENSG00000171848.7_2_1	+	10271419	NA	NA	NA	1	1	0.0
chr6	31477683	31478911	ENSG00000204516.5_1_1	+	31478188	NA	NA	NA	1	1	0.0
chr12	125509973	125515694	ENSG00000184992.9_1_1	+	125513126	NA	NA	NA	3	1	0.0
chr17	79003491	79004720	ENSG00000226137.2_1_1	-	79004578	NA	NA	NA	1	1	0.0
chr18	9954205	9960028	ENSG00000101558.8_1_1	+	9954228	NA	NA	NA	1	1	0.0
chr18	9954205	9960028	ENSG00000101558.8_1_1	+	9954303	NA	NA	NA	47	9	2.10874571977
chr19	37034507	37037770	ENSG00000186020.7_1_1	-	37035904	NA	NA	NA	1	1	0.0
chr19	37034507	37037770	ENSG00000186020.7_1_1	-	37037154	NA	AATGAA	14	1	1	0.0
chr3	37027346	37032747	ENSG00000178567.5_1_1	-	37032157	NA	NA	NA	2	1	0.0
chr7	48002874	48004955	ENSG00000136273.7_1_1	-	48003914	-2	NA	NA	1	1	0.0
chr1	53287298	53293024	ENSG00000162378.8_2_1	+	53289257	NA	NA	NA	1	1	0.0
chr1	53287298	53293024	ENSG00000162378.8_2_1	+	53289747	NA	NA	NA	1	1	0.0
chr12	105151578	105155790	ENSG00000171310.5_1_1	+	105155294	NA	NA	NA	1	1	0.0
chrX	62567096	62569951	ENSG00000186767.5_1_1	-	62567785	NA	NA	NA	1	1	0.0
chrX	62567096	62569951	ENSG00000186767.5_1_1	-	62568767	NA	NA	NA	5	1	0.0
chrX	62567096	62569951	ENSG00000186767.5_1_1	-	62569213	NA	NA	NA	4	2	0.5
chr17	5286949	5289139	ENSG00000029725.10_1_2	+	5287134	NA	NA	NA	4	1	0.0
chr17	7215140	7215792	ENSG00000132507.12_1_2	+	7215237	NA	NA	NA	1	1	0.0
chr17	7215140	7215792	ENSG00000132507.12_1_2	+	7215503	NA	NA	NA	3	3	10.6144555521
chr17	7215140	7215792	ENSG00000132507.12_1_2	+	7215543	NA	NA	NA	1	1	0.0
chr8	38068008	38070829	ENSG00000156735.6_2_1	+	38068792	NA	NA	NA	3	2	0.816496580928
chr1	24113863	24114732	ENSG00000057757.5_1_1	+	24114220	NA	NA	NA	1	1	0.0
chr17	72766677	72767865	ENSG00000109065.6_1_1	-	72767380	NA	GATAAA	12	1	1	0.0
chr1	36769615	36770968	ENSG00000054118.9_1_1	+	36770367	NA	NA	NA	1	1	0.0
chr1	36769615	36770968	ENSG00000054118.9_1_1	+	36770820	NA	NA	NA	1	1	0.0
chr1	247460703	247463823	ENSG00000162714.7_1_1	-	247461560	NA	TTTAAA	26	1	1	0.0
chr1	247460703	247463823	ENSG00000162714.7_1_1	-	247463540	NA	NA	NA	1	1	0.0
chr22	41368489	41369323	ENSG00000100387.8_1_1	+	41368669	NA	AATAAA	14	5	3	1.09544511501
chr15	41672381	41673255	ENSG00000137804.6_1_1	+	41672500	NA	NA	NA	2	2	8.0
chr16	69730262	69738579	ENSG00000102908.14_1_2	+	69731914	NA	NA	NA	4	2	1.0
chr16	69730262	69738579	ENSG00000102908.14_1_2	+	69734214	NA	NA	NA	1	1	0.0
chr16	69730262	69738579	ENSG00000102908.14_1_2	+	69734931	NA	NA	NA	1	1	0.0
chr18	60243809	60245803	ENSG00000141664.4_1_1	+	60245055	NA	ACTAAA	8	1	1	0.0
chrX	129506921	129507345	ENSG00000102078.11_2_1	+	129506956	NA	NA	NA	5	1	0.0
chr16	89629447	89630960	ENSG00000167526.8_1_1	+	89629801	NA	NA	NA	1	1	0.0
chrX	77381324	77384803	ENSG00000102144.7_1_1	+	77382042	NA	NA	NA	1	1	0.0
chrX	77381324	77384803	ENSG00000102144.7_1_1	+	77382216	NA	NA	NA	1	1	0.0
chr16	47733274	47735444	ENSG00000102893.9_1_1	+	47733404	NA	NA	NA	1	1	0.0
chr1	17733245	17735588	ENSG00000179051.9_1_1	-	17734460	NA	NA	NA	1	1	0.0
chr2	26611968	26618769	ENSG00000138018.13_1_1	+	26618595	NA	NA	NA	1	1	0.0
chr5	149779372	149779880	ENSG00000070814.11_3_2	+	149779846	-14	AATAAA	26	1	1	0.0
chr1	155305048	155307453	ENSG00000116539.5_1_1	-	155306084	NA	NA	NA	1	1	0.0
chr1	93602581	93604648	ENSG00000143033.11_2_1	+	93603340	NA	NA	NA	1	1	0.0
chr1	59120400	59125671	ENSG00000162601.5_1_1	-	59122886	NA	NA	NA	1	1	0.0
chr8	104080972	104085289	ENSG00000155097.7_1_1	+	104081128	NA	NA	NA	1	1	0.0
chr12	109038880	109041181	ENSG00000110880.5_1_1	-	109038962	NA	NA	NA	2	1	0.0
chr7	44617482	44619080	ENSG00000158604.9_1_1	-	44618420	NA	NA	NA	1	1	0.0
chrX	48770448	48771410	ENSG00000102096.9_1_1	-	48770788	NA	NA	NA	2	2	8.0
chr6	150569953	150571503	ENSG00000198729.4_1_1	+	150571123	NA	NA	NA	1	1	0.0
chr19	13264669	13265726	ENSG00000160888.5_1_1	+	13265184	NA	NA	NA	1	1	0.0
chr19	13264669	13265726	ENSG00000160888.5_1_1	+	13265508	NA	NA	NA	1	1	0.0
chr3	135867753	135869991	ENSG00000174579.3_1_1	-	135868376	NA	AGTAAA AAGAAA TTTAAA	28 11 21	1	1	0.0
chr6	2887489	2890399	ENSG00000170542.5_1_1	-	2889882	NA	NA	NA	5	3	2.96647939484
chr17	40125939	40127204	ENSG00000173786.9_1_1	+	40126088	NA	TTTAAA	20	1	1	0.0
chr1	26603781	26605309	ENSG00000130695.8_1_1	+	26604951	NA	NA	NA	1	1	0.0
chr1	26603781	26605309	ENSG00000130695.8_1_1	+	26605175	NA	NA	NA	1	1	0.0
chr12	80167332	80169711	ENSG00000058272.9_1_1	-	80169441	NA	AATAAA AATAAA AATGAA	18 27 23	1	1	0.0
chr3	169710848	169716171	ENSG00000008952.10_4_1	+	169711167	NA	NA	NA	1	1	0.0
chrX	102471441	102472184	ENSG00000102409.9_1_1	+	102471861	NA	NA	NA	1	1	0.0
chr15	42823673	42825269	ENSG00000092531.4_1_1	+	42823899	NA	NA	NA	6	3	1.08012344973
chr15	42823673	42825269	ENSG00000092531.4_1_1	+	42824362	NA	NA	NA	2	2	0.707106781187
chr4	177249478	177253406	ENSG00000129128.8_1_1	+	177249643	NA	TTTAAA	31	4	4	11.2805141727
chr4	177249478	177253406	ENSG00000129128.8_1_1	+	177253276	NA	NA	NA	8	5	1.45773797371
chr18	55267885	55268886	ENSG00000134440.6_1_1	-	55268362	NA	AAGAAA	18	1	1	0.0
chr8	133023139	133025899	ENSG00000132294.8_1_1	+	133023526	NA	TATAAA	2	1	1	0.0
chr8	133023139	133025899	ENSG00000132294.8_1_1	+	133024546	NA	NA	NA	2	1	0.0
chr3	50643916	50645040	ENSG00000114737.11_1_1	-	50644463	NA	NA	NA	3	2	0.816496580928
chr20	32868063	32868842	ENSG00000101444.7_1_1	-	32868631	NA	AATAGA	22	23	6	1.28536917383
chr10	95287907	95288859	ENSG00000138180.10_1_1	+	95288811	-36	NA	NA	1	1	0.0
chr22	30421787	30426865	ENSG00000100330.10_1_1	+	30422107	NA	NA	NA	1	1	0.0
chr19	16661650	16664492	ENSG00000127526.8_1_1	-	16662152	NA	NA	NA	5	1	0.0
chr16	19717665	19718234	ENSG00000103550.7_1_1	-	19718118	NA	NA	NA	1	1	0.0
chr10	72637089	72640940	ENSG00000166224.11_1_1	+	72637813	NA	NA	NA	1	1	0.0
chr17	34050715	34053444	ENSG00000006125.10_1_1	+	34051360	NA	NA	NA	1	1	0.0
chr12	112943628	112947727	ENSG00000179295.10_2_2	+	112944314	NA	NA	NA	1	1	0.0
chr22	50356772	50357738	ENSG00000198355.4_1_1	+	50356923	NA	NA	NA	1	1	0.0
chr12	76438671	76442211	ENSG00000187109.7_1_1	-	76440256	NA	NA	NA	1	1	0.0
chr19	18685957	18688279	ENSG00000221983.2_1_1	+	18686040	NA	AATAAA	17	7	4	1.81265393435
chr19	18685957	18688279	ENSG00000221983.2_1_1	+	18686536	NA	NA	NA	1	1	0.0
chr5	130726781	130730370	ENSG00000158985.9_1_1	+	130727881	NA	TTTAAA	11	1	1	0.0
chr5	130726781	130730370	ENSG00000158985.9_1_1	+	130729578	NA	NA	NA	3	3	8.52447456836
chr14	90871058	90874627	ENSG00000198668.5_1_1	+	90871988	NA	NA	NA	1	1	0.0
chr14	90871058	90874627	ENSG00000198668.5_1_1	+	90872547	NA	NA	NA	2	2	15.5080624193
chr7	12728479	12730569	ENSG00000122644.8_1_1	+	12730322	NA	NA	NA	1	1	0.0
chr4	10441487	10444730	ENSG00000178163.3_1_1	-	10443644	NA	NA	NA	1	1	0.0
chr1	245006475	245008369	ENSG00000203667.5_1_1	+	245007553	NA	NA	NA	1	1	0.0
chr22	45724356	45725303	ENSG00000100376.7_1_1	+	45724584	NA	NA	NA	1	1	0.0
chr1	161135234	161135523	ENSG00000143258.11_1_1	+	161135393	NA	ATTAAA	24	2	2	5.0
chr11	65404446	65404920	ENSG00000197136.4_1_1	+	65404907	-1	NA	NA	1	1	0.0
chr12	93802079	93803817	ENSG00000177889.4_1_1	-	93803134	NA	NA	NA	2	1	0.0
chr12	93802079	93803817	ENSG00000177889.4_1_1	-	93803409	NA	NA	NA	1	1	0.0
chr8	41478517	41482530	ENSG00000158669.7_2_1	+	41478672	NA	NA	NA	1	1	0.0
chr3	128338806	128339256	ENSG00000163902.6_1_1	-	128338998	-3	NA	NA	8	3	0.935414346693
chr12	111886103	111889436	ENSG00000111252.4_1_1	+	111886518	NA	NA	NA	1	1	0.0
chr1	94982682	94984229	ENSG00000117528.7_1_1	+	94983443	NA	ATTAAA	10	1	1	0.0
chr2	11964914	11967545	ENSG00000134324.7_1_1	+	11967103	NA	NA	NA	1	1	0.0
chr7	71244465	71252762	ENSG00000183166.5_1_1	-	71245618	NA	NA	NA	1	1	0.0
chr2	105961825	105965678	ENSG00000135974.5_1_1	+	105964532	NA	NA	NA	15	6	1.57056253192
chr3	10191646	10193914	ENSG00000134086.6_1_1	+	10192949	NA	NA	NA	1	1	0.0
chr2	136540454	136542643	ENSG00000144224.11_3_1	+	136541291	NA	NA	NA	1	1	0.0
chr2	136540454	136542643	ENSG00000144224.11_3_1	+	136542496	NA	NA	NA	3	1	0.0
chr9	114980704	114986133	ENSG00000119314.11_1_1	-	114985954	NA	ATTAAA GATAAA	18 10	1	1	0.0
chr22	36662076	36663586	ENSG00000100342.15_2_1	+	36662214	NA	NA	NA	1	1	0.0
chr20	40030730	40033235	ENSG00000124177.10_1_1	-	40031654	NA	NA	NA	1	1	0.0
chr5	180217530	180218636	ENSG00000131446.10_1_1	-	180217615	NA	NA	NA	1	1	0.0
chr19	46029432	46030246	ENSG00000125753.8_1_1	+	46029693	NA	NA	NA	1	1	0.0
chrX	76760367	76763831	ENSG00000085224.14_1_1	-	76763622	NA	ACTAAA	19	1	1	0.0
chr19	53430377	53432158	ENSG00000221874.2_1_1	-	53430568	NA	AAGAAA	0	5	1	0.0
chr19	53430377	53432158	ENSG00000221874.2_1_1	-	53430934	NA	NA	NA	1	1	0.0
chr16	23581908	23585720	ENSG00000103353.8_1_1	+	23582988	NA	NA	NA	1	1	0.0
chr16	23581908	23585720	ENSG00000103353.8_1_1	+	23583660	NA	NA	NA	1	1	0.0
chr6	159186762	159187948	ENSG00000092820.13_1_1	-	159186881	NA	NA	NA	1	1	0.0
chr6	159186762	159187948	ENSG00000092820.13_1_1	-	159187133	NA	ATTAAA	9	1	1	0.0
chr6	159186762	159187948	ENSG00000092820.13_1_1	-	159187280	NA	NA	NA	28	7	4.01781746012
chr19	1037896	1039070	ENSG00000064666.6_1_1	+	1038024	NA	NA	NA	1	1	0.0
chr15	70340532	70342438	ENSG00000140332.8_1_1	-	70341282	NA	NA	NA	1	1	0.0
chr16	10622268	10626764	ENSG00000213853.4_1_1	-	10623733	NA	NA	NA	1	1	0.0
chr13	38934912	38937150	ENSG00000120686.7_2_1	+	38936666	NA	NA	NA	2	2	10.0
chr19	33870595	33873601	ENSG00000153879.2_1_1	+	33872108	NA	TTTAAA	10	1	1	0.0
chr14	20925664	20925943	ENSG00000100823.5_1_1	+	20925918	6	AATAAA	28	2	2	4.0
chr12	131360468	131362233	ENSG00000132341.5_2_1	+	131360578	NA	NA	NA	1	1	0.0
chr12	131360468	131362233	ENSG00000132341.5_2_1	+	131360740	NA	NA	NA	2	2	8.0
chr12	131360468	131362233	ENSG00000132341.5_2_1	+	131361540	NA	NA	NA	1	1	0.0
chr1	115247079	115250671	ENSG00000213281.4_1_1	-	115247401	NA	NA	NA	1	1	0.0
chr1	179041276	179045707	ENSG00000116199.7_1_1	+	179041765	NA	AATAAA	28	2	2	3.0
chr1	179041276	179045707	ENSG00000116199.7_1_1	+	179044974	NA	NA	NA	2	2	2.5495097568
chr20	48249471	48252851	ENSG00000158470.5_1_1	-	48252272	NA	NA	NA	2	1	0.0
chr4	57325701	57327544	ENSG00000128050.4_1_1	+	57326161	NA	NA	NA	2	2	15.5080624193
chr4	57325701	57327544	ENSG00000128050.4_1_1	+	57326303	NA	NA	NA	3	2	2.44948974278
chr4	57325701	57327544	ENSG00000128050.4_1_1	+	57327041	NA	NA	NA	1	1	0.0
chr16	58054146	58055532	ENSG00000103005.4_2_1	+	58055264	NA	NA	NA	1	1	0.0
chr5	130977396	130980380	ENSG00000217128.5_2_1	-	130978201	NA	NA	NA	1	1	0.0
chr21	44473290	44473992	ENSG00000160200.12_1_1	-	44473494	NA	NA	NA	2	1	0.0
chr18	60646661	60647676	ENSG00000081913.8_1_1	+	60646901	NA	NA	NA	1	1	0.0
chr20	61576261	61577006	ENSG00000101193.5_1_1	+	61576782	NA	TATAAA	0	6	3	2.61406452356
chr1	151039970	151040980	ENSG00000213190.2_1_1	+	151040463	NA	NA	NA	1	1	0.0
chr12	122268142	122270572	ENSG00000139718.5_1_1	+	122269830	NA	NA	NA	2	1	0.0
chr14	92628085	92630553	ENSG00000165934.6_1_1	+	92630145	NA	NA	NA	2	2	9.0
chr14	53237821	53241726	ENSG00000198252.6_1_1	+	53241334	NA	NA	NA	1	1	0.0
chr1	16573323	16577167	ENSG00000037637.6_1_1	-	16576220	NA	NA	NA	2	2	5.0
chr2	26413493	26414121	ENSG00000084754.6_1_1	-	26413974	NA	NA	NA	1	1	0.0
chr9	4860272	4861074	ENSG00000120158.6_1_1	+	4860511	NA	NA	NA	1	1	0.0
chr3	129033604	129034106	ENSG00000184897.4_1_1	-	129033849	NA	NA	NA	1	1	0.0
chr3	129033604	129034106	ENSG00000184897.4_1_1	-	129033989	NA	NA	NA	1	1	0.0
chr1	70716485	70718745	ENSG00000116754.9_3_1	+	70717124	NA	AATACA TTTAAA	33 29	1	1	0.0
chr1	70716485	70718745	ENSG00000116754.9_3_1	+	70718301	NA	AGTAAA	24	1	1	0.0
chr12	112590592	112591417	ENSG00000135148.6_1_1	+	112590995	NA	NA	NA	1	1	0.0
chr3	120500314	120501926	ENSG00000153767.5_1_1	+	120500635	NA	NA	NA	1	1	0.0
chr1	165631442	165632289	ENSG00000143149.8_1_1	-	165632063	16	NA	NA	1	1	0.0
chr6	37141864	37143212	ENSG00000137193.8_1_1	+	37141947	NA	NA	NA	1	1	0.0
chr6	37141864	37143212	ENSG00000137193.8_1_1	+	37142228	NA	NA	NA	1	1	0.0
chr6	37141864	37143212	ENSG00000137193.8_1_1	+	37142475	NA	NA	NA	2	2	9.51314879522
chr6	37141864	37143212	ENSG00000137193.8_1_1	+	37142792	NA	NA	NA	1	1	0.0
chr8	37611630	37616629	ENSG00000147475.9_3_1	+	37612425	NA	NA	NA	1	1	0.0
chr1	245014457	245017754	ENSG00000153187.11_1_1	-	245016736	NA	TATAAA	1	1	1	0.0
chr1	245014457	245017754	ENSG00000153187.11_1_1	-	245017407	NA	NA	NA	2	2	1.58113883008
chr14	76117226	76117900	ENSG00000133935.5_1_1	-	76117796	NA	NA	NA	1	1	0.0
chr7	99631817	99636641	ENSG00000106261.11_1_1	+	99633115	NA	NA	NA	3	1	0.0
chr4	7032116	7034855	ENSG00000132405.14_1_1	+	7033726	NA	NA	NA	5	3	1.09544511501
chr3	169504463	169507514	ENSG00000085274.10_1_1	+	169505823	NA	NA	NA	2	1	0.0
chr5	68505623	68506194	ENSG00000153044.5_1_1	+	68505898	NA	NA	NA	1	1	0.0
chr19	896492	897439	ENSG00000198858.4_1_1	-	896772	NA	NA	NA	1	1	0.0
chr9	129981045	129985455	ENSG00000136828.13_6_1	+	129981663	NA	NA	NA	1	1	0.0
chr12	7031960	7032871	ENSG00000111674.2_1_1	+	7032405	NA	NA	NA	1	1	0.0
chrX	77160755	77162880	ENSG00000131174.4_1_1	+	77160768	NA	NA	NA	1	1	0.0
chr13	30083536	30088619	ENSG00000139514.7_1_1	-	30086094	NA	NA	NA	1	1	0.0
chr4	99992121	99993570	ENSG00000197894.6_1_1	-	99992633	NA	NA	NA	2	2	19.0
chr22	21801029	21805762	ENSG00000169635.5_1_1	+	21802889	NA	AATACA	22	2	2	11.0
chr22	21801029	21805762	ENSG00000169635.5_1_1	+	21805559	NA	NA	NA	1	1	0.0
chr15	76508414	76508902	ENSG00000140374.9_1_1	-	76508873	NA	NA	NA	6	1	0.0
chr6	32130724	32131465	ENSG00000221988.5_1_1	+	32130940	NA	NA	NA	1	1	0.0
chr1	47681952	47685394	ENSG00000162367.6_1_1	-	47682835	NA	NA	NA	2	1	0.0
chr2	191797585	191800025	ENSG00000115419.8_2_1	+	191800017	4	AATAAA	17	1	1	0.0
chr14	20944757	20945263	ENSG00000198805.5_1_1	+	20944789	NA	NA	NA	1	1	0.0
chr9	127619906	127620160	ENSG00000136918.3_1_1	+	127620160	2	NA	NA	1	1	0.0
chrX	67751838	67757137	ENSG00000181704.7_1_1	+	67754197	NA	AATATA	0	1	1	0.0
chr1	145522916	145523740	ENSG00000131779.6_1_1	+	145522991	NA	NA	NA	1	1	0.0
chr11	108376147	108380266	ENSG00000110723.6_1_1	-	108376510	NA	NA	NA	1	1	0.0
chr5	177637621	177638174	ENSG00000197451.6_1_1	+	177637924	NA	NA	NA	2	1	0.0
chr12	121200302	121202804	ENSG00000157837.10_1_1	-	121201608	NA	NA	NA	2	2	9.51314879522
chr4	54875945	54876264	ENSG00000109220.6_1_1	-	54876070	NA	NA	NA	1	1	0.0
chr6	26171202	26171587	ENSG00000158373.7_1_2	+	26171352	NA	NA	NA	1	1	0.0
chr1	109852181	109856667	ENSG00000134243.7_1_1	-	109854567	NA	TTTAAA	34	1	1	0.0
chr1	109852181	109856667	ENSG00000134243.7_1_1	-	109855078	NA	NA	NA	2	2	2.0
chr1	109852181	109856667	ENSG00000134243.7_1_1	-	109855987	NA	NA	NA	1	1	0.0
chr17	73937585	73942831	ENSG00000161533.4_1_1	-	73939237	NA	NA	NA	1	1	0.0
chr1	6581396	6585916	ENSG00000162408.10_1_1	-	6582157	NA	TATAAA	10	1	1	0.0
chr22	19881770	19882658	ENSG00000184470.13_2_1	-	19882440	NA	NA	NA	3	2	0.816496580928
chr4	6643456	6644482	ENSG00000179010.10_1_2	+	6643606	NA	NA	NA	3	1	0.0
chr19	12903626	12904134	ENSG00000171223.4_1_1	+	12903735	NA	NA	NA	1	1	0.0
chr1	179322773	179327825	ENSG00000057252.8_1_1	+	179326057	NA	NA	NA	3	2	2.82842712475
chr10	71909949	71912234	ENSG00000079332.7_1_1	-	71911823	NA	NA	NA	1	1	0.0
chr3	50685474	50686730	ENSG00000114738.6_1_1	+	50685728	NA	NA	NA	1	1	0.0
chr1	21069143	21071292	ENSG00000127483.12_1_1	-	21069630	NA	NA	NA	1	1	0.0
chr1	21069143	21071292	ENSG00000127483.12_1_1	-	21070909	NA	NA	NA	2	1	0.0
chr17	79976568	79977083	ENSG00000169689.9_1_1	-	79976944	NA	NA	NA	3	3	1.41421356237
chr18	10550214	10552772	ENSG00000134265.6_1_1	+	10551069	NA	NA	NA	1	1	0.0
chr19	541549	542094	ENSG00000099804.2_1_1	+	541742	NA	NA	NA	2	2	2.5495097568
chr1	111489796	111490583	ENSG00000121931.11_1_1	-	111489841	21	TTTAAA	33	2	1	0.0
chr12	120936010	120936307	ENSG00000088986.5_1_1	+	120936214	NA	TATAAA	6	1	1	0.0
chr2	176040975	176043018	ENSG00000154518.5_1_1	-	176042974	NA	NA	NA	1	1	0.0
chr20	56934756	56942573	ENSG00000124209.3_1_1	+	56940790	NA	NA	NA	1	1	0.0
chr9	127908841	127911954	ENSG00000119414.7_1_1	-	127911753	NA	TTTAAA	32	2	1	0.0
chr16	87439841	87443888	ENSG00000140948.6_1_1	-	87441136	NA	AATGAA	15	1	1	0.0
chr20	44689613	44690941	ENSG00000124160.7_1_1	-	44690253	NA	NA	NA	1	1	0.0
chr21	40768862	40769825	ENSG00000182093.8_1_1	+	40769050	NA	NA	NA	2	1	0.0
chr16	1821880	1822224	ENSG00000074071.7_1_1	-	1822080	NA	NA	NA	1	1	0.0
chr5	177022414	177023135	ENSG00000184840.7_1_1	+	177022710	NA	NA	NA	1	1	0.0
chr20	30252244	30253754	ENSG00000171552.8_1_1	-	30252263	7	NA	NA	1	1	0.0
chr9	37438100	37440517	ENSG00000168795.4_1_1	-	37438940	NA	NA	NA	1	1	0.0
chr9	37438100	37440517	ENSG00000168795.4_1_1	-	37439550	NA	NA	NA	1	1	0.0
chr3	195961228	195965561	ENSG00000161217.6_1_1	-	195963023	NA	NA	NA	1	1	0.0
chr16	20744980	20748204	ENSG00000066654.7_1_1	-	20747655	NA	AAGAAA	5	4	3	7.03562363974
chr1	151843334	151845251	ENSG00000256260.1_1_1	-	151843759	NA	NA	NA	3	2	11.7898261226
chr1	86115095	86119743	ENSG00000117174.6_1_1	-	86119220	NA	AGTAAA	3	1	1	0.0
chr13	47349507	47349749	ENSG00000139684.8_1_1	-	47349692	NA	NA	NA	1	1	0.0
chr15	85212766	85213252	ENSG00000140612.8_1_1	-	85213045	NA	NA	NA	1	1	0.0
chr17	77806944	77807760	ENSG00000141582.9_1_1	-	77807034	NA	NA	NA	1	1	0.0
chr15	29991560	29993801	ENSG00000104067.9_1_1	-	29992883	NA	AATAGA	12	9	8	6.34209919681
chr12	118852235	118855850	ENSG00000111707.7_1_1	+	118853805	NA	GATAAA	11	1	1	0.0
chr12	6747230	6747450	ENSG00000111644.3_1_1	-	6747320	NA	NA	NA	1	1	0.0
chr1	89445128	89448339	ENSG00000213516.5_1_1	-	89445491	NA	NA	NA	1	1	0.0
chr19	57766068	57774116	ENSG00000204524.3_1_1	+	57772341	NA	NA	NA	1	1	0.0
chr1	31838461	31838735	ENSG00000121769.3_1_1	-	31838502	31	NA	NA	3	1	0.0
chr1	1497721	1499917	ENSG00000160075.9_2_1	-	1498866	NA	NA	NA	1	1	0.0
chrX	20168018	20173518	ENSG00000177189.8_1_1	-	20169385	NA	AAGAAA	23	1	1	0.0
chr6	105725429	105726021	ENSG00000085377.8_1_1	-	105725792	NA	TTTAAA	32	1	1	0.0
chr14	105475899	105477543	ENSG00000170779.9_1_1	-	105477152	NA	ATTAAA	32	1	1	0.0
chr12	133694729	133696872	ENSG00000214029.3_1_1	-	133696675	NA	AATGAA	5	1	1	0.0
chr5	135513165	135518432	ENSG00000113658.11_1_1	+	135514238	NA	NA	NA	2	1	0.0
chr10	104836934	104838354	ENSG00000148842.10_2_1	+	104837606	NA	NA	NA	1	1	0.0
chr12	50492780	50494505	ENSG00000066117.8_1_1	+	50494423	-35	AATAAA	23	1	1	0.0
chr10	71392812	71393362	ENSG00000171224.7_1_1	+	71392915	NA	NA	NA	1	1	0.0
chr16	72118741	72120538	ENSG00000140830.3_1_1	-	72119875	NA	NA	NA	3	2	18.3847763109
chr5	14693154	14699830	ENSG00000154124.4_3_1	+	14696176	NA	NA	NA	1	1	0.0
chr16	84695736	84701302	ENSG00000135686.7_1_1	+	84695920	NA	ATTAAA	13	5	1	0.0
chr12	74932183	74935233	ENSG00000253719.2_1_1	+	74933927	NA	NA	NA	2	1	0.0
chr12	74932183	74935233	ENSG00000253719.2_1_1	+	74934736	NA	NA	NA	1	1	0.0
chr19	57869214	57871276	ENSG00000131845.9_1_1	+	57869630	NA	NA	NA	1	1	0.0
chr19	10395960	10397301	ENSG00000090339.3_1_1	+	10397293	4	AATAAA	17	7	1	0.0
chr22	22890112	22890491	ENSG00000185686.12_1_1	-	22890330	NA	NA	NA	2	2	8.0
chr22	22890112	22890491	ENSG00000185686.12_1_1	-	22890405	NA	AATAGA	0	3	3	0.816496580928
chr4	100799482	100803153	ENSG00000109270.8_1_1	-	100801650	NA	NA	NA	1	1	0.0
chr15	67482871	67487543	ENSG00000166949.9_1_1	+	67486099	NA	AATATA TTTAAA	21 7	1	1	0.0
chr4	76567955	76570616	ENSG00000138757.10_1_1	-	76568136	NA	NA	NA	2	1	0.0
chr3	197398253	197401891	ENSG00000145016.9_1_1	-	197398975	NA	NA	NA	2	1	0.0
chr19	24102889	24104353	ENSG00000213967.4_1_1	+	24103693	NA	NA	NA	1	1	0.0
chr4	146054790	146058584	ENSG00000164164.11_1_1	-	146057562	NA	NA	NA	6	1	0.0
chr1	39303859	39305227	ENSG00000116954.7_1_1	-	39304958	NA	TTTAAA	20	1	1	0.0
chr17	43100699	43101803	ENSG00000172992.6_1_1	-	43100929	NA	AAGAAA	30	5	2	3.60555127546
chr1	8921050	8921421	ENSG00000074800.8_1_1	-	8921064	4	NA	NA	1	1	0.0
chr1	8921050	8921421	ENSG00000074800.8_1_1	-	8921233	NA	NA	NA	1	1	0.0
chr1	8921050	8921421	ENSG00000074800.8_1_1	-	8921342	NA	NA	NA	1	1	0.0
chr10	102120687	102124601	ENSG00000099194.4_1_1	+	102121578	NA	NA	NA	1	1	0.0
chr10	102120687	102124601	ENSG00000099194.4_1_1	+	102122489	NA	NA	NA	64	8	3.28585985702
chr10	102120687	102124601	ENSG00000099194.4_1_1	+	102123940	NA	TTTAAA	12	1	1	0.0
chr18	32720330	32725391	ENSG00000166974.5_1_1	+	32721173	NA	NA	NA	1	1	0.0
chr16	30096380	30096708	ENSG00000149923.7_1_1	+	30096686	-10	AATAAA AATGAA	31 17	2	2	9.51314879522
chr7	100277119	100279344	ENSG00000146830.7_1_1	-	100279072	NA	NA	NA	2	2	0.707106781187
chr6	35541351	35543614	ENSG00000096060.8_1_1	-	35542429	NA	NA	NA	2	1	0.0
chr5	154193653	154197177	ENSG00000155506.12_5_1	+	154196631	NA	AAGAAA	28	5	5	2.89827534924
chr6	30460525	30461992	ENSG00000204592.5_1_2	+	30461959	-21	AATAAA AGTAAA	28 23	1	1	0.0
chr14	35870706	35871221	ENSG00000100906.5_1_1	-	35871090	NA	NA	NA	2	1	0.0
chr20	17594312	17594829	ENSG00000125844.10_1_1	-	17594419	NA	NA	NA	1	1	0.0
chr6	16146979	16148489	ENSG00000007944.10_1_1	+	16147661	NA	NA	NA	1	1	0.0
chr11	74165875	74168299	ENSG00000175538.6_1_1	-	74167326	NA	NA	NA	2	2	7.0
chr10	94413550	94415160	ENSG00000138160.4_1_1	+	94414301	NA	NA	NA	1	1	0.0
chr18	77732858	77733687	ENSG00000141759.9_1_1	-	77733650	NA	AATAAA TATAAA	34 20	1	1	0.0
chr9	36677331	36677688	ENSG00000165304.3_1_1	+	36677569	NA	NA	NA	1	1	0.0
chr6	37298945	37300756	ENSG00000065491.8_1_1	+	37300743	-1	AATAAA	18	1	1	0.0
chr7	92234224	92244456	ENSG00000105810.5_1_1	-	92235459	NA	CATAAA AATGAA	33 22	3	1	0.0
chr7	92234224	92244456	ENSG00000105810.5_1_1	-	92237967	NA	NA	NA	1	1	0.0
chr7	92234224	92244456	ENSG00000105810.5_1_1	-	92243992	NA	NA	NA	2	2	2.5495097568
chr4	140394277	140397773	ENSG00000172007.5_1_1	+	140394569	NA	AATGAA	3	1	1	0.0
chr22	47073145	47075698	ENSG00000075240.12_1_1	+	47073271	NA	NA	NA	22	7	2.07802353648
chr19	1257268	1259149	ENSG00000167470.6_1_1	+	1257496	NA	NA	NA	3	1	0.0
chr20	43126061	43128939	ENSG00000132824.8_1_1	-	43128289	NA	NA	NA	1	1	0.0
chr10	79734896	79737238	ENSG00000148606.6_2_1	-	79736644	NA	NA	NA	1	1	0.0
chr18	3255913	3256244	ENSG00000101608.5_1_1	+	3255935	NA	NA	NA	1	1	0.0
chr18	3255913	3256244	ENSG00000101608.5_1_1	+	3256164	NA	NA	NA	1	1	0.0
chr18	3255913	3256244	ENSG00000101608.5_1_1	+	3256210	-21	NA	NA	1	1	0.0
chr14	53241901	53245031	ENSG00000100522.3_1_1	-	53242060	NA	NA	NA	1	1	0.0
chr10	22823767	22826132	ENSG00000150867.7_1_1	-	22823976	NA	NA	NA	1	1	0.0
chr10	22823767	22826132	ENSG00000150867.7_1_1	-	22825605	NA	NA	NA	2	1	0.0
chr2	48602579	48606444	ENSG00000170802.9_1_1	+	48605902	NA	TTTAAA	3	1	1	0.0
chr11	10818586	10819365	ENSG00000110321.9_1_1	-	10818672	NA	NA	NA	1	1	0.0
chr7	149169874	149171477	ENSG00000181220.9_1_1	-	149170042	NA	NA	NA	4	2	0.707106781187
chr14	75201630	75203393	ENSG00000119616.6_1_1	+	75202514	NA	AATACA	27	1	1	0.0
chr14	75201630	75203393	ENSG00000119616.6_1_1	+	75202854	NA	CATAAA	4	1	1	0.0
chrX	70459463	70460768	ENSG00000147130.9_1_1	-	70459957	NA	AAGAAA	31	1	1	0.0
chr12	57976959	57976998	ENSG00000155980.5_1_1	+	57976998	NA	NA	NA	1	1	0.0
chr5	140085338	140086276	ENSG00000146007.5_1_1	+	140085775	NA	NA	NA	1	1	0.0
chr16	75141630	75144621	ENSG00000186187.5_1_2	+	75142032	NA	NA	NA	1	1	0.0
chr16	75141630	75144621	ENSG00000186187.5_1_2	+	75142225	NA	NA	NA	7	1	0.0
chr5	174953734	174956755	ENSG00000164466.7_2_1	+	174954958	NA	NA	NA	1	1	0.0
chrX	41206969	41209472	ENSG00000215301.4_2_1	+	41209226	NA	NA	NA	2	2	1.0
chr1	153617742	153618792	ENSG00000160679.8_2_1	+	153618027	NA	NA	NA	8	6	6.48074069841
chr2	55199314	55200294	ENSG00000115310.13_1_1	-	55199975	26	NA	NA	7	2	1.06904496765
chr15	59951334	59956270	ENSG00000140299.5_1_1	-	59953475	NA	AATGAA	20	1	1	0.0
chr3	10004210	10005755	ENSG00000125037.7_1_1	-	10005754	NA	TTTAAA	32	1	1	0.0
chr19	47112407	47114049	ENSG00000160014.11_1_1	+	47112631	NA	NA	NA	1	1	0.0
chr19	47112407	47114049	ENSG00000160014.11_1_1	+	47112718	NA	NA	NA	1	1	0.0
chr19	47112407	47114049	ENSG00000160014.11_1_1	+	47112842	NA	NA	NA	2	2	4.52769256907
chrX	46739201	46741803	ENSG00000102218.5_1_1	+	46739801	NA	AAGAAA TTTAAA	8 4	2	1	0.0
chr1	54395159	54395694	ENSG00000081870.6_2_1	-	54395621	NA	NA	NA	2	1	0.0
chr10	99092244	99093630	ENSG00000181274.5_1_1	-	99092427	NA	NA	NA	1	1	0.0
chr1	28218024	28218676	ENSG00000117748.5_1_1	-	28218453	19	NA	NA	1	1	0.0
chr7	23544388	23545180	ENSG00000164548.6_1_1	-	23544851	NA	NA	NA	1	1	0.0
chr7	23544388	23545180	ENSG00000164548.6_1_1	-	23545073	NA	NA	NA	3	3	2.70801280155
chr17	7474798	7475188	ENSG00000161956.7_1_1	+	7474824	NA	NA	NA	1	1	0.0
chr17	25639392	25640667	ENSG00000109046.9_2_1	+	25640351	NA	NA	NA	1	1	0.0
chr17	40731517	40733833	ENSG00000141699.5_1_1	-	40732698	NA	NA	NA	1	1	0.0
chr14	102547062	102548051	ENSG00000080824.10_1_1	-	102547577	NA	NA	NA	1	1	0.0
chr14	102547062	102548051	ENSG00000080824.10_1_1	-	102547626	NA	NA	NA	1	1	0.0
chr14	102547062	102548051	ENSG00000080824.10_1_1	-	102547996	NA	NA	NA	1	1	0.0
chr18	73000593	73001915	ENSG00000179981.7_1_1	+	73000762	NA	NA	NA	1	1	0.0
chr1	113212751	113214251	ENSG00000116489.8_1_1	+	113213051	NA	NA	NA	7	5	3.44342022663
chr7	138982579	138992991	ENSG00000157741.9_2_1	+	138990570	NA	NA	NA	1	1	0.0
chr20	39751934	39753137	ENSG00000198900.5_1_1	+	39752516	NA	NA	NA	1	1	0.0
chr12	24964284	24970944	ENSG00000060982.10_1_1	-	24965186	NA	NA	NA	1	1	0.0
chr12	24964284	24970944	ENSG00000060982.10_1_1	-	24969468	NA	ATTAAA AATATA AATGAA	20 25 15	1	1	0.0
chr15	83673134	83674351	ENSG00000169609.7_1_1	-	83673414	25	NA	NA	1	1	0.0
chr2	158167857	158170733	ENSG00000136542.4_1_1	+	158170027	NA	NA	NA	1	1	0.0
chr6	30692171	30693213	ENSG00000196230.7_1_1	+	30692352	NA	AATAAA	22	10	5	7.72010362625
chr6	30692171	30693213	ENSG00000196230.7_1_1	+	30692489	NA	NA	NA	1	1	0.0
chr6	30692171	30693213	ENSG00000196230.7_1_1	+	30692948	NA	AATGAA	34	1	1	0.0
chr6	30692171	30693213	ENSG00000196230.7_1_1	+	30693163	-38	NA	NA	1	1	0.0
chr11	36508566	36511390	ENSG00000175104.10_1_1	-	36511034	NA	NA	NA	1	1	0.0
chr19	18553464	18555564	ENSG00000105656.4_1_1	-	18553705	NA	NA	NA	1	1	0.0
chr1	3696773	3697654	ENSG00000130764.5_1_1	-	3697482	NA	NA	NA	1	1	0.0
chr1	3696773	3697654	ENSG00000130764.5_1_1	-	3697554	NA	NA	NA	1	1	0.0
chr5	122358934	122359572	ENSG00000168938.5_1_1	-	122359410	NA	NA	NA	1	1	0.0
chr7	102277461	102277974	ENSG00000205236.5_2_1	-	102277790	NA	NA	NA	2	2	1.58113883008
chr17	41166611	41168080	ENSG00000108828.9_1_1	-	41167327	NA	NA	NA	1	1	0.0
chr18	43843078	43846964	ENSG00000152242.5_1_1	+	43845815	NA	NA	NA	1	1	0.0
chr1	145441215	145442645	ENSG00000117289.7_1_1	+	145441655	NA	NA	NA	1	1	0.0
chr8	48889335	48890730	ENSG00000104738.10_2_1	+	48889486	NA	CATAAA	11	1	1	0.0
chr8	48889335	48890730	ENSG00000104738.10_2_1	+	48890131	NA	NA	NA	2	2	1.58113883008
chr8	48889335	48890730	ENSG00000104738.10_2_1	+	48890395	NA	NA	NA	2	1	0.0
chr7	912965	914567	ENSG00000164828.12_2_1	+	914048	NA	TATAAA	18	3	1	0.0
chr19	16243111	16244453	ENSG00000167461.6_1_1	+	16244248	NA	NA	NA	2	1	0.0
chr19	16243111	16244453	ENSG00000167461.6_1_1	+	16244333	NA	ATTAAA	34	10	8	5.58569601751
chr3	52526495	52527097	ENSG00000010322.10_3_1	+	52526906	NA	NA	NA	1	1	0.0
chr8	57870481	57876354	ENSG00000104331.4_1_1	-	57870815	NA	NA	NA	1	1	0.0
chr6	84799197	84800610	ENSG00000135324.5_1_1	+	84799601	NA	NA	NA	1	1	0.0
chr6	57512471	57513385	ENSG00000146143.10_2_4	+	57513117	NA	NA	NA	6	2	2.2360679775
chr2	46851363	46852891	ENSG00000119878.5_1_1	+	46852194	NA	AATAAA AAGAAA AATAGA	9 5 13	2	2	1.0
chr12	54624722	54635541	ENSG00000094916.7_1_1	-	54629817	NA	TTTAAA	3	2	1	0.0
chr8	117858163	117859741	ENSG00000164754.7_1_1	-	117859694	NA	NA	NA	1	1	0.0
chr2	206858434	206869094	ENSG00000114933.10_1_1	-	206859548	NA	NA	NA	1	1	0.0
chr6	20490658	20493955	ENSG00000112242.9_1_1	+	20491398	NA	NA	NA	1	1	0.0
chr16	2507018	2508865	ENSG00000162063.7_1_1	+	2507829	NA	NA	NA	1	1	0.0
chr16	2507018	2508865	ENSG00000162063.7_1_1	+	2508327	NA	NA	NA	2	1	0.0
chrX	111003224	111003887	ENSG00000101901.6_2_1	+	111003347	NA	NA	NA	2	1	0.0
chr17	40462684	40463971	ENSG00000126561.9_1_1	+	40462962	30	NA	NA	14	3	0.755928946018
chr17	40462684	40463971	ENSG00000126561.9_1_1	+	40463963	8	AATAAA CATAAA	16 32	1	1	0.0
chr9	97861325	97863991	ENSG00000158169.6_1_1	-	97861718	NA	NA	NA	1	1	0.0
chr12	123349871	123351665	ENSG00000139722.2_1_1	-	123350086	NA	NA	NA	2	1	0.0
chr19	1272439	1274439	ENSG00000099622.8_1_1	+	1272721	NA	NA	NA	1	1	0.0
chr19	1272439	1274439	ENSG00000099622.8_1_1	+	1273881	NA	ACTAAA	12	4	1	0.0
chr22	36134772	36140244	ENSG00000100320.16_1_1	-	36139968	-36	NA	NA	2	1	0.0
chr2	224831748	224832441	ENSG00000135900.3_1_1	+	224832333	NA	NA	NA	1	1	0.0
chr1	2238201	2241568	ENSG00000157933.9_1_1	+	2240115	NA	NA	NA	1	1	0.0
chr11	119170488	119177661	ENSG00000110395.3_1_1	+	119170529	NA	NA	NA	1	1	0.0
chr7	6442074	6443618	ENSG00000136238.13_1_1	+	6443610	4	AATAAA	9	1	1	0.0
chr4	6718587	6719397	ENSG00000186222.3_1_1	+	6718961	NA	NA	NA	1	1	0.0
chr5	82348654	82352905	ENSG00000174695.5_1_1	-	82350506	NA	NA	NA	1	1	0.0
chr1	12267074	12269295	ENSG00000028137.11_1_1	+	12268194	NA	NA	NA	1	1	0.0
chr10	75881513	75883570	ENSG00000185009.8_1_1	-	75882887	NA	AAGAAA	25	1	1	0.0
chr8	98736895	98741008	ENSG00000147649.5_2_1	+	98737389	NA	NA	NA	1	1	0.0
chr1	113454458	113456515	ENSG00000155380.7_1_1	-	113455382	NA	NA	NA	3	3	4.54606056566
chr10	96997318	96997684	ENSG00000107438.4_1_1	-	96997581	NA	NA	NA	1	1	0.0
chr15	34376207	34376537	ENSG00000134153.5_1_1	-	34376251	34	NA	NA	1	1	0.0
chr1	167885956	167887563	ENSG00000143158.6_1_1	-	167887506	NA	NA	NA	1	1	0.0
chr1	24086060	24088559	ENSG00000011007.7_1_1	+	24086073	NA	NA	NA	1	1	0.0
chr1	24086060	24088559	ENSG00000011007.7_1_1	+	24086867	NA	NA	NA	1	1	0.0
chr1	36067174	36068870	ENSG00000126067.7_1_1	-	36068599	NA	NA	NA	1	1	0.0
chr8	59494296	59495429	ENSG00000137575.7_1_1	+	59494810	NA	NA	NA	1	1	0.0
chr8	59494296	59495429	ENSG00000137575.7_1_1	+	59494924	NA	ACTAAA	30	1	1	0.0
chr8	91634212	91637901	ENSG00000180694.9_1_1	-	91636506	NA	AATAAA	27	3	1	0.0
chr5	133530014	133533465	ENSG00000113575.5_1_1	-	133533431	NA	NA	NA	2	2	17.0
chr10	70101808	70102954	ENSG00000096746.12_1_1	+	70102002	-25	NA	NA	1	1	0.0
chr3	183901401	183901889	ENSG00000161203.8_2_1	+	183901472	NA	NA	NA	1	1	0.0
chr3	183901401	183901889	ENSG00000161203.8_2_1	+	183901703	-28	NA	NA	1	1	0.0
chr17	7362674	7365261	ENSG00000174282.6_1_1	-	7364263	NA	NA	NA	1	1	0.0
chr12	123745517	123746285	ENSG00000111328.2_1_1	-	123745737	NA	NA	NA	1	1	0.0
chr12	123745517	123746285	ENSG00000111328.2_1_1	-	123745821	-1	NA	NA	1	1	0.0
chr12	123745517	123746285	ENSG00000111328.2_1_1	-	123745995	NA	NA	NA	2	1	0.0
chr17	79476988	79477718	ENSG00000184009.2_1_1	-	79477002	4	NA	NA	1	1	0.0
chr17	79476988	79477718	ENSG00000184009.2_1_1	-	79477117	NA	AAGAAA	29	1	1	0.0
chr17	79476988	79477718	ENSG00000184009.2_1_1	-	79477218	NA	NA	NA	6	4	1.15470053838
chr12	56537643	56538470	ENSG00000139641.6_1_1	+	56538086	NA	NA	NA	1	1	0.0
chr2	113286369	113290237	ENSG00000114999.6_1_1	+	113287272	NA	AGTAAA	21	1	1	0.0
chr19	21366834	21368815	ENSG00000196705.3_1_1	+	21368572	NA	NA	NA	1	1	0.0
chr19	21366834	21368815	ENSG00000196705.3_1_1	+	21368646	NA	NA	NA	1	1	0.0
chr11	62480091	62482773	ENSG00000214753.2_1_1	-	62482002	NA	NA	NA	1	1	0.0
chr6	36567628	36568668	ENSG00000112081.10_1_1	+	36567932	NA	NA	NA	9	1	0.0
chr10	112044742	112047133	ENSG00000119950.14_1_1	+	112045353	NA	NA	NA	1	1	0.0
chr17	73314146	73316451	ENSG00000177885.8_1_1	-	73315388	NA	NA	NA	4	2	0.866025403784
chr17	73314146	73316451	ENSG00000177885.8_1_1	-	73315711	NA	NA	NA	1	1	0.0
chr16	30002886	30003592	ENSG00000149930.11_2_1	+	30003480	NA	NA	NA	1	1	0.0
chr22	39079843	39080828	ENSG00000100216.4_1_1	+	39080279	NA	NA	NA	13	4	1.10940039245
chr22	22108778	22118529	ENSG00000100030.9_1_1	-	22114926	NA	NA	NA	1	1	0.0
chr22	22108778	22118529	ENSG00000100030.9_1_1	-	22117115	NA	NA	NA	2	2	3.0
chr22	22108778	22118529	ENSG00000100030.9_1_1	-	22117162	NA	NA	NA	2	2	7.0
chr22	22108778	22118529	ENSG00000100030.9_1_1	-	22117216	NA	TATAAA AATATA	4 2	16	6	1.45773797371
chr22	22108778	22118529	ENSG00000100030.9_1_1	-	22117952	NA	NA	NA	1	1	0.0
chr15	90773196	90773718	ENSG00000185043.6_1_1	-	90773606	NA	NA	NA	1	1	0.0
chr8	23699417	23702285	ENSG00000159167.6_1_1	-	23699954	NA	NA	NA	1	1	0.0
chr6	53132185	53133927	ENSG00000012660.9_1_1	-	53133518	-38	NA	NA	1	1	0.0
chr4	67760	68402	ENSG00000197701.7_1_1	+	67857	NA	NA	NA	19	6	2.60566185147
chr4	67760	68402	ENSG00000197701.7_1_1	+	68098	NA	NA	NA	2	2	18.0
chr11	34120911	34122713	ENSG00000135387.13_3_1	+	34122036	27	NA	NA	1	1	0.0
chr1	32798642	32799246	ENSG00000116478.7_1_1	+	32799094	NA	NA	NA	3	1	0.0
chr3	130720191	130722004	ENSG00000017260.13_2_1	+	130720902	NA	TTTAAA	4	2	1	0.0
chr17	40023150	40024065	ENSG00000131473.10_1_1	-	40023900	NA	NA	NA	1	1	0.0
chr1	33321636	33324486	ENSG00000116497.13_2_1	+	33322764	NA	NA	NA	31	2	0.179605302027
chr1	173900341	173907861	ENSG00000135870.7_1_1	-	173903898	NA	NA	NA	1	1	0.0
chr3	178735000	178742807	ENSG00000172667.6_1_1	-	178738030	NA	NA	NA	1	1	0.0
chr12	56735373	56737175	ENSG00000170581.6_1_1	-	56736500	NA	NA	NA	1	1	0.0
chr1	185069430	185071750	ENSG00000121481.6_1_1	+	185069749	NA	NA	NA	1	1	0.0
chr13	99102444	99105429	ENSG00000102572.9_1_1	-	99105328	NA	TATAAA TTTAAA	33 7	1	1	0.0
chr20	5080475	5081439	ENSG00000089063.10_1_1	-	5081237	NA	NA	NA	1	1	0.0
chr7	129770583	129773606	ENSG00000128607.8_1_1	+	129771704	NA	NA	NA	1	1	0.0
chr19	23921986	23926416	ENSG00000196172.8_1_1	-	23925263	NA	NA	NA	1	1	0.0
chr6	26138281	26139346	ENSG00000180573.7_1_2	+	26138916	NA	NA	NA	1	1	0.0
chr3	44481251	44488069	ENSG00000185219.10_1_1	-	44485391	NA	NA	NA	1	1	0.0
chr1	46092965	46093930	ENSG00000159592.6_1_1	-	46093336	NA	NA	NA	4	4	11.1691539518
chr1	110134966	110136985	ENSG00000065135.7_1_2	+	110135338	NA	NA	NA	1	1	0.0
chr1	70610477	70611485	ENSG00000066557.5_1_1	-	70611074	NA	ATTAAA AAGAAA AATATA	22 0 17	2	1	0.0
chr6	34555054	34558344	ENSG00000196821.5_1_1	-	34556587	NA	NA	NA	1	1	0.0
chr1	40887770	40889008	ENSG00000084070.6_1_1	+	40887947	NA	NA	NA	3	2	0.57735026919
chr10	104417108	104418174	ENSG00000171206.7_1_1	+	104417352	NA	NA	NA	1	1	0.0
chr1	43272712	43273087	ENSG00000177868.7_1_1	-	43272775	NA	NA	NA	3	3	1.29099444874
chr17	56566882	56569026	ENSG00000108389.4_1_1	-	56567919	NA	NA	NA	1	1	0.0
chr1	24795672	24799476	ENSG00000001461.11_4_1	+	24796587	NA	NA	NA	1	1	0.0
chr4	100467855	100470247	ENSG00000145331.9_1_1	-	100469375	NA	NA	NA	1	1	0.0
chr1	55532021	55534720	ENSG00000162402.7_1_1	-	55534432	NA	NA	NA	1	1	0.0
chr5	41917398	41921748	ENSG00000205765.4_1_1	+	41919181	NA	NA	NA	1	1	0.0
chr5	41917398	41921748	ENSG00000205765.4_1_1	+	41921587	NA	NA	NA	1	1	0.0
chr12	53434004	53436002	ENSG00000063046.11_1_1	+	53434592	NA	NA	NA	3	3	17.2143351116
chr12	53434004	53436002	ENSG00000063046.11_1_1	+	53434648	NA	CATAAA	14	1	1	0.0
chr12	53434004	53436002	ENSG00000063046.11_1_1	+	53435354	NA	AATAAA	2	23	2	1.6016296049
chr19	11257433	11257861	ENSG00000161888.5_1_1	-	11257700	NA	NA	NA	2	2	0.707106781187
chr11	6237789	6238301	ENSG00000051009.5_2_1	-	6237789	-10	NA	NA	2	1	0.0
chr1	156180219	156182597	ENSG00000160785.7_1_1	+	156180914	3	NA	NA	2	2	0.707106781187
chr16	50349413	50352056	ENSG00000121281.5_2_1	+	50350087	NA	CATAAA	24	1	1	0.0
chr22	45736283	45737846	ENSG00000100376.7_2_1	+	45737837	3	AATAAA CATAAA	20 16	1	1	0.0
chr1	20234236	20239448	ENSG00000169914.5_1_1	+	20239220	NA	NA	NA	1	1	0.0
chr3	50355210	50355562	ENSG00000068001.9_1_1	-	50355387	NA	NA	NA	1	1	0.0
chr6	33267460	33269539	ENSG00000231925.5_1_1	-	33269293	NA	NA	NA	1	1	0.0
chr2	131904343	131907434	ENSG00000115762.12_1_1	+	131904836	NA	NA	NA	1	1	0.0
chr10	74766964	74767982	ENSG00000122884.7_1_1	-	74767286	NA	GATAAA	6	1	1	0.0
chr10	74766964	74767982	ENSG00000122884.7_1_1	-	74767330	NA	NA	NA	3	1	0.0
chr17	59942717	59944920	ENSG00000108506.6_1_1	-	59944619	NA	AATAGA	18	1	1	0.0
chr17	40465331	40467765	ENSG00000168610.9_1_1	-	40465351	10	NA	NA	21	8	3.15473944287
chr17	40465331	40467765	ENSG00000168610.9_1_1	-	40465890	NA	ATTAAA AAGAAA	15 1	1	1	0.0
chr16	67232023	67232831	ENSG00000205250.3_1_1	+	67232142	NA	NA	NA	1	1	0.0
chr7	6201396	6204577	ENSG00000008256.11_1_1	-	6201853	NA	NA	NA	2	1	0.0
chr19	11241989	11244516	ENSG00000130164.5_1_1	+	11243070	NA	NA	NA	1	1	0.0
chr17	1800466	1802858	ENSG00000132383.6_1_1	+	1801344	NA	AATAAA	33	1	1	0.0
chr5	130535291	130541129	ENSG00000186687.11_1_1	+	130537775	NA	NA	NA	2	1	0.0
chr11	47487485	47493654	ENSG00000149187.12_1_1	-	47490209	NA	NA	NA	3	3	13.7355985187
chr11	47487485	47493654	ENSG00000149187.12_1_1	-	47490386	21	NA	NA	8	1	0.0
chr16	69334824	69342965	ENSG00000168807.10_1_1	+	69335201	NA	NA	NA	1	1	0.0
chr16	69334824	69342965	ENSG00000168807.10_1_1	+	69338825	NA	NA	NA	6	3	1.0
chr12	110475356	110477241	ENSG00000076513.9_1_1	+	110476944	NA	NA	NA	1	1	0.0
chr2	219209701	219211526	ENSG00000127838.9_1_1	+	219210725	NA	NA	NA	1	1	0.0
chr19	13054724	13055314	ENSG00000179218.6_1_1	+	13054891	NA	NA	NA	2	2	5.52268050859
chr5	173383137	173388989	ENSG00000113742.8_1_1	+	173387148	NA	NA	NA	1	1	0.0
chr14	55511079	55516216	ENSG00000180008.7_1_1	+	55512811	NA	NA	NA	1	1	0.0
chr1	229456747	229460984	ENSG00000154429.6_1_1	-	229460119	NA	NA	NA	2	2	1.58113883008
chr22	37964824	37965422	ENSG00000128283.6_1_1	+	37965076	NA	NA	NA	1	1	0.0
chr19	3052897	3053819	ENSG00000104964.9_1_1	-	3053053	NA	NA	NA	3	3	4.08248290464
chr10	61410512	61412532	ENSG00000165449.7_1_1	-	61412320	NA	CATAAA ACTAAA	2 18	1	1	0.0
chr19	18417709	18418276	ENSG00000130520.3_1_1	-	18417881	NA	NA	NA	1	1	0.0
chr1	26801636	26802473	ENSG00000198830.6_1_1	+	26801802	NA	NA	NA	5	4	15.17234326
chr10	72181500	72188384	ENSG00000148730.6_1_1	+	72182983	NA	NA	NA	1	1	0.0
chr10	72181500	72188384	ENSG00000148730.6_1_1	+	72183233	NA	NA	NA	1	1	0.0
chr9	131303446	131304577	ENSG00000119392.10_1_1	+	131304166	NA	NA	NA	1	1	0.0
chr6	36822592	36823591	ENSG00000137168.7_1_1	-	36823163	NA	NA	NA	1	1	0.0
chr10	88195002	88197302	ENSG00000062650.11_1_1	-	88196745	-22	NA	NA	2	1	0.0
chr5	32124799	32126320	ENSG00000113384.7_1_1	-	32126109	NA	ATTAAA	21	1	1	0.0
chr19	14258536	14261687	ENSG00000072071.11_1_1	-	14259300	NA	NA	NA	1	1	0.0
chr8	66629734	66631527	ENSG00000205268.5_1_1	-	66630377	NA	NA	NA	1	1	0.0
chr14	77893007	77893961	ENSG00000151445.9_1_1	-	77893333	NA	NA	NA	1	1	0.0
chr14	77893007	77893961	ENSG00000151445.9_1_1	-	77893817	NA	NA	NA	1	1	0.0
chrX	150156384	150159258	ENSG00000029993.10_1_1	+	150157102	NA	TTTAAA	6	1	1	0.0
chr17	8172579	8173819	ENSG00000178921.8_1_1	+	8173269	NA	NA	NA	2	2	1.0
chr17	8172579	8173819	ENSG00000178921.8_1_1	+	8173445	NA	NA	NA	5	1	0.0
chr6	143508527	143509671	ENSG00000146416.10_2_1	+	143509251	NA	GATAAA TTTAAA	11 31	1	1	0.0
chr6	143508527	143509671	ENSG00000146416.10_2_1	+	143509589	NA	NA	NA	1	1	0.0
chr6	139113937	139114466	ENSG00000024862.11_1_1	+	139114067	NA	ATTAAA ATTAAA	10 19	1	1	0.0
chr12	52387891	52390872	ENSG00000135503.5_3_1	+	52390204	NA	ATTAAA	18	1	1	0.0
chr1	211744899	211748732	ENSG00000170385.8_1_1	-	211745001	NA	NA	NA	1	1	0.0
chr19	57724346	57734222	ENSG00000083844.5_1_1	+	57725848	NA	NA	NA	2	1	0.0
chr3	49067129	49067887	ENSG00000198218.5_1_1	-	49067725	NA	AGTAAA	4	4	3	2.2360679775
chr20	49367022	49370288	ENSG00000124171.4_1_1	+	49367588	NA	NA	NA	1	1	0.0
chr20	49367022	49370288	ENSG00000124171.4_1_1	+	49367883	NA	NA	NA	1	1	0.0
chr1	44087671	44089353	ENSG00000142949.11_2_1	+	44088188	NA	NA	NA	2	1	0.0
chr1	10479803	10480243	ENSG00000142657.13_1_1	+	10479985	NA	NA	NA	1	1	0.0
chr5	149932891	149937783	ENSG00000070614.9_1_1	+	149933912	NA	NA	NA	1	1	0.0
chr1	117529586	117532990	ENSG00000134247.8_1_1	+	117530321	NA	NA	NA	4	1	0.0
chr20	34236836	34240448	ENSG00000244462.2_1_1	-	34240112	NA	NA	NA	1	1	0.0
chr5	141000432	141001037	ENSG00000171720.4_1_1	-	141000758	NA	NA	NA	1	1	0.0
chr1	10516568	10521549	ENSG00000160049.6_1_1	-	10521311	NA	NA	NA	1	1	0.0
chr14	102689217	102690017	ENSG00000140153.10_3_1	+	102689322	NA	NA	NA	1	1	0.0
chr8	2792981	2796109	ENSG00000183117.10_1_1	-	2794211	NA	AATATA	3	1	1	0.0
chr8	2792981	2796109	ENSG00000183117.10_1_1	-	2794904	NA	NA	NA	2	2	4.52769256907
chr17	76352853	76354501	ENSG00000184557.2_1_1	-	76353141	NA	NA	NA	1	1	0.0
chr20	30753244	30755071	ENSG00000101337.9_2_1	+	30754931	NA	NA	NA	2	1	0.0
chr19	4838335	4839206	ENSG00000105355.3_1_1	-	4839194	NA	AATAAA	12	1	1	0.0
chr9	129643190	129648167	ENSG00000177125.5_1_1	+	129646836	NA	AATATA	17	1	1	0.0
chr20	377331	378213	ENSG00000101255.6_1_1	+	377756	NA	NA	NA	1	1	0.0
chr20	377331	378213	ENSG00000101255.6_1_1	+	377833	NA	NA	NA	1	1	0.0
chr19	12778870	12779175	ENSG00000105583.4_1_1	-	12779077	NA	NA	NA	1	1	0.0
chr17	40554457	40556707	ENSG00000177469.10_1_1	-	40554627	NA	NA	NA	12	6	2.36290781313
chr7	44421958	44425612	ENSG00000015676.12_1_1	-	44423295	NA	NA	NA	3	3	1.73205080757
chr12	6857159	6857713	ENSG00000089693.5_1_1	-	6857303	NA	NA	NA	1	1	0.0
chr5	126171953	126172722	ENSG00000113368.6_1_1	+	126172160	NA	AAGAAA	2	1	1	0.0
chr2	96850586	96852470	ENSG00000084090.9_1_1	-	96851066	NA	NA	NA	2	2	2.0
chr2	96850586	96852470	ENSG00000084090.9_1_1	-	96851845	NA	NA	NA	2	2	2.5495097568
chr2	96850586	96852470	ENSG00000084090.9_1_1	-	96851897	NA	TTTAAA	10	1	1	0.0
chr1	159887886	159888592	ENSG00000158710.10_1_1	-	159887953	NA	AATATA	16	1	1	0.0
chr9	37861502	37867673	ENSG00000122741.11_1_1	+	37865126	NA	NA	NA	1	1	0.0
chr14	61176235	61180127	ENSG00000100625.5_1_1	-	61178081	NA	NA	NA	1	1	0.0
chr1	22418007	22419447	ENSG00000070831.11_2_1	+	22418970	NA	NA	NA	1	1	0.0
chr19	49714752	49715101	ENSG00000130529.10_1_1	+	49714871	NA	NA	NA	1	1	0.0
chr13	95672072	95673831	ENSG00000125257.9_1_1	-	95672277	NA	TTTAAA	21	1	1	0.0
chr17	15531263	15531931	ENSG00000221926.5_1_1	-	15531679	NA	NA	NA	1	1	0.0
chr17	81052317	81052595	ENSG00000176845.7_1_1	+	81052318	NA	NA	NA	1	1	0.0
chr16	67877399	67878107	ENSG00000168286.1_1_1	+	67877478	NA	NA	NA	1	1	0.0
chr12	8071815	8074011	ENSG00000059804.10_1_1	-	8073433	NA	NA	NA	3	3	9.41629792788
chr12	8071815	8074011	ENSG00000059804.10_1_1	-	8073466	NA	NA	NA	1	1	0.0
chr16	4404532	4405161	ENSG00000103426.7_1_1	-	4404911	NA	NA	NA	1	1	0.0
chr22	50691320	50691832	ENSG00000188130.8_1_1	-	50691783	NA	NA	NA	1	1	0.0
chr12	64841908	64844917	ENSG00000184575.7_1_1	+	64844011	NA	NA	NA	5	3	3.16227766017
chr12	64841908	64844917	ENSG00000184575.7_1_1	+	64844176	NA	NA	NA	1	1	0.0
chr4	100869234	100869621	ENSG00000164032.7_1_1	-	100869598	NA	AATAAA	33	1	1	0.0
chr8	87570635	87573736	ENSG00000085719.7_1_1	+	87570831	NA	NA	NA	1	1	0.0
chr1	231041978	231042653	ENSG00000143643.8_1_1	-	231041986	-2	NA	NA	2	1	0.0
chr12	57449418	57453664	ENSG00000166881.4_1_1	-	57450403	NA	NA	NA	2	2	5.0
chr12	57449418	57453664	ENSG00000166881.4_1_1	-	57452461	NA	AATAGA	9	1	1	0.0
chr9	140174410	140177103	ENSG00000198113.2_1_1	+	140174899	NA	NA	NA	1	1	0.0
chr15	43644140	43646104	ENSG00000168803.9_2_1	+	43644250	NA	NA	NA	1	1	0.0
chr16	57272884	57274396	ENSG00000159579.7_1_1	+	57273593	NA	NA	NA	2	1	0.0
chr16	57272884	57274396	ENSG00000159579.7_1_1	+	57274197	NA	NA	NA	1	1	0.0
chr18	29409125	29410720	ENSG00000153339.8_1_1	-	29410451	NA	NA	NA	6	1	0.0
chr14	21819620	21820834	ENSG00000092201.3_1_1	-	21819657	27	NA	NA	2	2	0.707106781187
chr14	21819620	21820834	ENSG00000092201.3_1_1	-	21820055	NA	NA	NA	1	1	0.0
chr1	162569150	162569637	ENSG00000117143.8_1_1	+	162569624	3	AATAAA	17	2	1	0.0
chr14	69925307	69929117	ENSG00000029364.6_1_1	+	69926532	NA	NA	NA	1	1	0.0
chr15	42190559	42192845	ENSG00000103966.4_1_1	-	42191648	NA	NA	NA	1	1	0.0
chrX	54842112	54842450	ENSG00000102316.11_1_1	+	54842391	NA	NA	NA	1	1	0.0
chr1	183595341	183596669	ENSG00000162704.10_1_1	-	183595749	NA	NA	NA	1	1	0.0
chr9	100777710	100778235	ENSG00000136938.7_1_1	+	100777846	NA	NA	NA	3	1	0.0
chr10	61548510	61552677	ENSG00000108091.10_1_1	-	61549166	NA	AATGAA	17	1	1	0.0
chr19	9676281	9676618	ENSG00000197961.4_2_1	-	9676319	28	AAGAAA	2	1	1	0.0
chr18	56995044	56998327	ENSG00000074695.4_1_1	-	56995536	NA	NA	NA	1	1	0.0
chr18	56995044	56998327	ENSG00000074695.4_1_1	-	56998151	NA	NA	NA	1	1	0.0
chrX	102930413	102931091	ENSG00000123562.10_1_1	-	102930522	NA	TTTAAA	17	11	3	1.70560573084
chrX	102930413	102931091	ENSG00000123562.10_1_1	-	102930613	NA	NA	NA	5	3	1.788854382
chrX	102930413	102931091	ENSG00000123562.10_1_1	-	102930640	NA	NA	NA	1	1	0.0
chrX	48316909	48317321	ENSG00000017483.10_1_1	-	48317255	NA	NA	NA	1	1	0.0
chr15	23299914	23300167	ENSG00000140181.9_1_8	-	23300122	NA	NA	NA	1	1	0.0
chr1	12034862	12035604	ENSG00000083444.10_1_1	+	12034906	NA	NA	NA	1	1	0.0
chr19	39423337	39423667	ENSG00000128626.6_1_1	+	39423611	NA	NA	NA	1	1	0.0
chr2	101885872	101886788	ENSG00000158435.3_1_1	+	101886611	NA	NA	NA	2	1	0.0
chr2	135206415	135212202	ENSG00000152127.4_1_1	+	135208837	NA	NA	NA	1	1	0.0
chr7	75956105	75958896	ENSG00000170027.4_1_1	-	75956486	NA	NA	NA	1	1	0.0
chr7	75956105	75958896	ENSG00000170027.4_1_1	-	75958056	NA	NA	NA	1	1	0.0
chr12	98941633	98944167	ENSG00000120802.6_2_1	+	98943360	NA	ATTAAA ATTAAA AATAGA	6 22 33	1	1	0.0
chr7	87834422	87835795	ENSG00000075142.9_1_1	-	87835411	NA	TTTAAA	28	1	1	0.0
chr2	198338645	198340042	ENSG00000115520.4_1_1	+	198339608	NA	NA	NA	3	2	1.41421356237
chr7	4802092	4811084	ENSG00000164916.7_1_1	+	4806139	NA	NA	NA	1	1	0.0
chr12	62728968	62730473	ENSG00000135655.8_2_1	+	62729609	NA	NA	NA	1	1	0.0
chr17	79214813	79215108	ENSG00000224877.1_1_1	+	79215077	-19	GATAAA	19	1	1	0.0
chr11	77926332	77930320	ENSG00000033327.8_1_1	-	77929757	NA	NA	NA	1	1	0.0
chr19	49653492	49654288	ENSG00000177380.8_2_2	+	49653961	NA	NA	NA	1	1	0.0
chr19	39327018	39327364	ENSG00000104824.8_1_1	-	39327194	NA	NA	NA	14	7	5.20302110042
chr19	39327018	39327364	ENSG00000104824.8_1_1	-	39327223	NA	NA	NA	1	1	0.0
chr10	52065335	52066904	ENSG00000198964.5_1_1	-	52065363	11	NA	NA	1	1	0.0
chr16	74339628	74344215	ENSG00000103035.4_1_1	+	74340135	NA	NA	NA	1	1	0.0
chr19	2428153	2430911	ENSG00000176619.4_1_1	-	2429704	NA	NA	NA	4	3	1.22474487139
chr16	74655286	74657828	ENSG00000168411.7_1_1	-	74655981	NA	NA	NA	1	1	0.0
chr16	74655286	74657828	ENSG00000168411.7_1_1	-	74656297	NA	AATAAA	29	4	3	3.5
chr22	22273782	22277467	ENSG00000100034.8_1_1	-	22276839	NA	NA	NA	1	1	0.0
chr19	9759352	9763627	ENSG00000171466.4_1_1	-	9761780	NA	NA	NA	1	1	0.0
chrX	3522400	3526986	ENSG00000183943.5_1_1	-	3523158	NA	TTTAAA	5	1	1	0.0
chr17	4848936	4849197	ENSG00000108518.6_1_1	-	4849046	NA	NA	NA	2	2	0.707106781187
chr12	121157832	121161453	ENSG00000175970.6_1_1	+	121161146	NA	NA	NA	1	1	0.0
chr15	85186003	85186703	ENSG00000177082.7_1_1	-	85186549	NA	NA	NA	1	1	0.0
chr2	121050833	121052295	ENSG00000144118.8_2_1	+	121052167	NA	NA	NA	1	1	0.0
chr12	56598277	56600233	ENSG00000181852.10_1_1	-	56599233	NA	NA	NA	1	1	0.0
chr17	30187912	30190380	ENSG00000108651.3_1_1	-	30189250	NA	NA	NA	1	1	0.0
chr17	56422528	56423609	ENSG00000213246.1_1_1	-	56422924	NA	NA	NA	1	1	0.0
chr20	61826770	61828062	ENSG00000149658.12_1_1	-	61827777	NA	NA	NA	2	1	0.0
chr12	57392607	57396565	ENSG00000166860.2_1_1	-	57396207	NA	NA	NA	1	1	0.0
chr2	120932480	120936705	ENSG00000115109.9_2_1	+	120936069	NA	NA	NA	1	1	0.0
chr3	52741825	52742192	ENSG00000114902.8_1_1	+	52742006	NA	NA	NA	1	1	0.0
chr10	120927204	120927994	ENSG00000165672.5_1_1	-	120927889	NA	TATAAA	12	1	1	0.0
chr19	54377749	54379701	ENSG00000179820.10_1_1	+	54377828	NA	NA	NA	1	1	0.0
chr5	64103630	64104399	ENSG00000153015.9_1_1	+	64103690	NA	AGTAAA	29	2	1	0.0
chr17	37408886	37417715	ENSG00000108306.6_1_1	-	37412522	NA	NA	NA	1	1	0.0
chr11	61170110	61172176	ENSG00000149532.10_1_1	-	61170678	NA	NA	NA	1	1	0.0
chr2	69546894	69553323	ENSG00000198380.7_1_1	-	69547862	NA	NA	NA	1	1	0.0
chr21	43305210	43309235	ENSG00000157617.12_1_1	-	43308373	NA	NA	NA	1	1	0.0
chr17	3799880	3801110	ENSG00000108405.2_1_1	-	3800429	NA	AAGAAA	11	1	1	0.0
chr3	194995454	195000059	ENSG00000114331.8_1_1	-	194998757	NA	NA	NA	2	1	0.0
chr3	194995454	195000059	ENSG00000114331.8_1_1	-	194999508	NA	CATAAA	12	1	1	0.0
chr6	31765162	31765536	ENSG00000204392.5_1_1	-	31765367	NA	NA	NA	2	1	0.0
chr1	65691857	65697838	ENSG00000162433.9_1_1	+	65697618	NA	NA	NA	1	1	0.0
chr15	77775311	77777959	ENSG00000140382.9_1_2	+	77776544	NA	NA	NA	1	1	0.0
chrX	133559357	133562829	ENSG00000156531.12_2_1	+	133560961	NA	NA	NA	1	1	0.0
chrX	133559357	133562829	ENSG00000156531.12_2_1	+	133562208	NA	ATTAAA	11	1	1	0.0
chr20	62271050	62272693	ENSG00000197457.5_1_1	-	62271386	NA	NA	NA	1	1	0.0
chr15	75192318	75194962	ENSG00000178761.9_1_1	-	75194124	NA	NA	NA	2	2	19.5064092031
chr3	39183335	39184548	ENSG00000144655.9_1_1	-	39184324	NA	NA	NA	1	1	0.0
chr6	26598870	26600288	ENSG00000146109.3_1_1	+	26599169	NA	NA	NA	1	1	0.0
chr6	26598870	26600288	ENSG00000146109.3_1_1	+	26599245	NA	NA	NA	1	1	0.0
chr1	205577060	205585676	ENSG00000158711.8_1_1	-	205582134	NA	NA	NA	2	2	0.707106781187
chr5	132028357	132032328	ENSG00000131437.9_1_1	-	132029441	NA	AATAAA AGTAAA	5 28	6	2	1.15470053838
chr1	11114635	11114924	ENSG00000116649.4_1_1	-	11114684	39	NA	NA	1	1	0.0
chr7	30197161	30202388	ENSG00000180354.11_1_1	+	30198192	NA	TTTAAA	12	1	1	0.0
chr5	139062489	139063477	ENSG00000171604.7_1_1	+	139062940	NA	TTTAAA	33	1	1	0.0
chr18	59711449	59713091	ENSG00000197563.4_1_1	-	59712848	NA	NA	NA	1	1	0.0
chr19	9297393	9299503	ENSG00000188000.2_1_1	+	9298243	NA	NA	NA	1	1	0.0
chr18	11852107	11854458	ENSG00000255112.1_1_1	+	11852688	NA	AATAAA	26	7	3	1.25356634106
chrX	109416676	109421026	ENSG00000157600.6_1_1	+	109418463	NA	NA	NA	1	1	0.0
chr11	95566035	95568456	ENSG00000087053.12_1_1	-	95567903	NA	NA	NA	3	1	0.0
chr12	132562215	132565015	ENSG00000183495.8_1_1	+	132563098	NA	NA	NA	1	1	0.0
chr12	132562215	132565015	ENSG00000183495.8_1_1	+	132564069	NA	NA	NA	1	1	0.0
chr20	25593560	25596563	ENSG00000170191.4_1_1	-	25595394	NA	TTTAAA	12	4	2	0.866025403784
chr4	57798315	57802020	ENSG00000084093.10_1_1	+	57798536	NA	ACTAAA	18	1	1	0.0
chr7	129804544	129806293	ENSG00000146842.11_1_1	-	129804870	NA	AATGAA AATAGA	10 15	2	2	0.707106781187
chr7	129804544	129806293	ENSG00000146842.11_1_1	-	129805488	NA	NA	NA	4	4	2.5495097568
chr7	129804544	129806293	ENSG00000146842.11_1_1	-	129805533	NA	NA	NA	1	1	0.0
chr7	129804544	129806293	ENSG00000146842.11_1_1	-	129806145	NA	AAGAAA	22	1	1	0.0
chr9	114695274	114697659	ENSG00000148154.5_1_1	+	114697073	NA	NA	NA	5	1	0.0
chr19	50372284	50373176	ENSG00000204673.5_1_1	-	50372544	NA	NA	NA	1	1	0.0
chr12	56365406	56366575	ENSG00000123374.5_1_1	+	56366443	NA	NA	NA	2	2	1.0
chr2	211295962	211299213	ENSG00000115365.7_1_1	-	211298369	NA	TTTAAA	4	1	1	0.0
chr2	242291381	242293452	ENSG00000168385.12_3_2	+	242292765	NA	NA	NA	4	1	0.0
chr10	1175281	1178247	ENSG00000047056.10_2_1	+	1176741	NA	NA	NA	1	1	0.0
chr6	31797650	31798041	ENSG00000204388.4_2_1	+	31797995	-34	NA	NA	2	2	2.0
chr1	92974242	92979215	ENSG00000067208.8_1_1	-	92974997	NA	NA	NA	1	1	0.0
chr17	55916831	55917146	ENSG00000181610.7_1_1	-	55916966	NA	NA	NA	1	1	0.0
chr5	114856597	114860007	ENSG00000145780.6_1_1	-	114856726	NA	NA	NA	3	1	0.0
chr5	114856597	114860007	ENSG00000145780.6_1_1	-	114858634	NA	NA	NA	4	1	0.0
chr17	35441912	35444253	ENSG00000132142.13_1_1	-	35442980	NA	NA	NA	1	1	0.0
chr17	35441912	35444253	ENSG00000132142.13_1_1	-	35443706	NA	NA	NA	1	1	0.0
chr1	89299128	89301948	ENSG00000065243.13_2_1	+	89300268	NA	NA	NA	1	1	0.0
chr7	150909565	150911142	ENSG00000033050.3_2_1	-	150910143	NA	NA	NA	1	1	0.0
chr7	44866379	44869745	ENSG00000105968.14_1_1	-	44866631	NA	TATAAA	27	1	1	0.0
chr7	44866379	44869745	ENSG00000105968.14_1_1	-	44869136	NA	NA	NA	4	3	5.76628129734
chr7	2767735	2770817	ENSG00000146535.8_1_1	-	2770102	NA	NA	NA	1	1	0.0
chr1	67465004	67470025	ENSG00000116704.6_1_1	-	67466869	NA	NA	NA	1	1	0.0
chr16	67471911	67472433	ENSG00000159720.4_1_1	-	67472274	NA	NA	NA	1	1	0.0
chr5	167975489	167984578	ENSG00000120137.6_1_1	-	167979976	NA	NA	NA	1	1	0.0
chr19	582749	583502	ENSG00000172270.10_1_2	+	583127	NA	NA	NA	1	1	0.0
chr17	37687566	37690810	ENSG00000167258.6_1_1	+	37688314	NA	NA	NA	1	1	0.0
chr22	21304130	21308047	ENSG00000099942.8_1_1	+	21304690	NA	NA	NA	1	1	0.0
chr22	21304130	21308047	ENSG00000099942.8_1_1	+	21306284	NA	NA	NA	1	1	0.0
chr22	21304130	21308047	ENSG00000099942.8_1_1	+	21307783	NA	CATAAA	27	1	1	0.0
chr15	89738651	89745601	ENSG00000140526.10_1_1	+	89740545	NA	NA	NA	1	1	0.0
chr15	89738651	89745601	ENSG00000140526.10_1_1	+	89744809	NA	NA	NA	1	1	0.0
chr15	89738651	89745601	ENSG00000140526.10_1_1	+	89745417	NA	NA	NA	1	1	0.0
chr7	73609635	73611441	ENSG00000106682.10_1_1	+	73610057	NA	NA	NA	1	1	0.0
chr3	40353502	40353925	ENSG00000114784.3_1_1	+	40353878	-35	NA	NA	1	1	0.0
chr19	16989535	16991174	ENSG00000127511.4_1_1	+	16990456	NA	NA	NA	1	1	0.0
chr18	2916981	2920293	ENSG00000101577.3_1_1	-	2918965	NA	AATATA	18	1	1	0.0
chr18	12328932	12329566	ENSG00000141385.3_1_1	-	12329162	20	NA	NA	1	1	0.0
chrX	24094899	24096098	ENSG00000130741.5_2_1	+	24095280	NA	NA	NA	1	1	0.0
chrX	24094899	24096098	ENSG00000130741.5_2_1	+	24095684	NA	NA	NA	1	1	0.0
chr1	228285711	228286922	ENSG00000143761.8_1_1	+	228285885	NA	NA	NA	1	1	0.0
chr1	228285711	228286922	ENSG00000143761.8_1_1	+	228286006	NA	NA	NA	1	1	0.0
chr1	228285711	228286922	ENSG00000143761.8_1_1	+	228286322	NA	NA	NA	1	1	0.0
chr19	52729231	52730697	ENSG00000105568.11_1_1	+	52729395	NA	NA	NA	1	1	0.0
chr19	39967036	39967316	ENSG00000196235.6_1_1	+	39967254	-36	NA	NA	1	1	0.0
chr3	52082924	52084833	ENSG00000164086.8_1_1	-	52084352	NA	NA	NA	7	4	1.92724822332
chr13	100215009	100215655	ENSG00000125304.6_1_1	+	100215011	NA	NA	NA	13	2	1.0
chr6	26285261	26285418	ENSG00000158406.2_1_2	-	26285279	NA	NA	NA	1	1	0.0
chr11	73386927	73388945	ENSG00000175582.13_1_1	-	73387473	NA	NA	NA	2	1	0.0
chr14	69846829	69847257	ENSG00000100632.5_1_1	-	69846939	NA	NA	NA	1	1	0.0
chr14	69846829	69847257	ENSG00000100632.5_1_1	-	69846988	NA	NA	NA	2	2	2.0
chr5	132440125	132442151	ENSG00000170606.8_1_1	+	132442023	NA	NA	NA	1	1	0.0
chr1	179068451	179076855	ENSG00000143322.15_1_1	-	179071534	NA	NA	NA	1	1	0.0
chr8	74235268	74237526	ENSG00000121039.5_1_1	+	74236472	NA	AAGAAA	10	1	1	0.0
chr9	127279877	127284986	ENSG00000148200.11_1_1	-	127280641	NA	NA	NA	2	2	1.0
chr5	141689981	141693776	ENSG00000187678.7_1_1	-	141690196	NA	NA	NA	1	1	0.0
chr9	130925891	130926217	ENSG00000171159.4_1_1	+	130925947	NA	NA	NA	1	1	0.0
chr14	105187812	105188880	ENSG00000256876.1_1_1	+	105188007	NA	AGTAAA	18	1	1	0.0
chr17	904325	905398	ENSG00000177370.2_1_1	+	905294	NA	NA	NA	1	1	0.0
chr9	139334538	139336209	ENSG00000148396.12_1_1	-	139335809	NA	AATACA	32	1	1	0.0
chr12	14939399	14940001	ENSG00000084463.2_1_1	-	14939640	NA	NA	NA	1	1	0.0
chrX	103434456	103440593	ENSG00000123575.8_1_1	+	103439028	NA	NA	NA	1	1	0.0
chr17	80111475	80115611	ENSG00000176155.10_3_1	-	80114106	NA	NA	NA	1	1	0.0
chr12	94244044	94244537	ENSG00000169372.6_1_1	+	94244214	NA	NA	NA	1	1	0.0
chr6	32152499	32154161	ENSG00000204304.4_1_1	-	32153271	NA	NA	NA	1	1	0.0
chrX	70519923	70521028	ENSG00000147140.10_1_1	+	70520046	NA	NA	NA	4	1	0.0
chr1	200520617	200522518	ENSG00000118193.7_1_1	-	200520966	NA	NA	NA	2	1	0.0
chr7	135358910	135359982	ENSG00000243317.3_1_1	+	135358943	NA	NA	NA	1	1	0.0
chr1	227174435	227175256	ENSG00000163050.9_1_1	+	227174950	NA	NA	NA	2	2	0.707106781187
chr2	178402920	178408574	ENSG00000018510.7_1_1	+	178403547	NA	AATATA	10	1	1	0.0
chr19	8503427	8503905	ENSG00000099785.5_1_1	+	8503684	NA	NA	NA	1	1	0.0
chr6	34255986	34256532	ENSG00000112664.4_1_1	-	34256231	NA	NA	NA	1	1	0.0
chr15	101715917	101717595	ENSG00000131873.4_1_1	-	101716932	NA	AATAAA	8	1	1	0.0
chr11	117038412	117041771	ENSG00000168092.8_1_1	+	117039436	NA	NA	NA	4	3	0.707106781187
chr1	44686731	44687232	ENSG00000117419.9_1_1	-	44686958	NA	NA	NA	1	1	0.0
chr6	160176640	160177361	ENSG00000146457.10_2_1	+	160176843	NA	NA	NA	1	1	0.0
chr6	7281365	7290099	ENSG00000124783.8_2_1	-	7285857	NA	NA	NA	1	1	0.0
chr6	7281365	7290099	ENSG00000124783.8_2_1	-	7287879	NA	NA	NA	1	1	0.0
chr6	7281365	7290099	ENSG00000124783.8_2_1	-	7287936	NA	NA	NA	2	1	0.0
chr6	7281365	7290099	ENSG00000124783.8_2_1	-	7288102	NA	NA	NA	2	1	0.0
chr4	166263095	166264322	ENSG00000052802.8_2_1	+	166263590	NA	NA	NA	4	4	4.3874821937
chr4	166263095	166264322	ENSG00000052802.8_2_1	+	166263635	NA	NA	NA	2	1	0.0
chr7	148700143	148700888	ENSG00000155660.6_1_1	-	148700706	NA	NA	NA	1	1	0.0
chr2	188328946	188331665	ENSG00000003436.10_1_1	-	188330125	NA	NA	NA	14	4	1.77281052086
chr2	188328946	188331665	ENSG00000003436.10_1_1	-	188330178	NA	NA	NA	2	1	0.0
chr2	188328946	188331665	ENSG00000003436.10_1_1	-	188330239	NA	NA	NA	2	2	1.0
chr11	118279810	118280570	ENSG00000167283.3_1_1	+	118279829	NA	NA	NA	1	1	0.0
chr16	11931185	11931646	ENSG00000171490.7_1_1	-	11931455	NA	AATACA	32	1	1	0.0
chr5	145890202	145891534	ENSG00000113649.6_1_1	+	145890676	NA	NA	NA	1	1	0.0
chr19	6535074	6535949	ENSG00000125657.2_1_1	+	6535920	-17	AATAAA	32	1	1	0.0
chr12	4409172	4414526	ENSG00000118971.3_1_1	+	4409310	NA	TTTAAA	32	1	1	0.0
chr12	4409172	4414526	ENSG00000118971.3_1_1	+	4409993	NA	NA	NA	1	1	0.0
chr12	4409172	4414526	ENSG00000118971.3_1_1	+	4414232	NA	NA	NA	2	2	0.707106781187
chr2	200134212	200136936	ENSG00000119042.11_1_1	-	200134361	NA	NA	NA	1	1	0.0
chr2	200134212	200136936	ENSG00000119042.11_1_1	-	200135723	NA	NA	NA	1	1	0.0
chr19	50191499	50191714	ENSG00000126457.15_3_1	+	50191518	NA	NA	NA	1	1	0.0
chrX	80552723	80554056	ENSG00000131171.8_1_1	+	80553041	NA	AAGAAA	11	1	1	0.0
chr4	113189562	113191213	ENSG00000138660.7_1_1	+	113191213	12	AATAAA	9	1	1	0.0
chr20	55033800	55034406	ENSG00000087589.12_1_1	+	55034353	NA	NA	NA	1	1	0.0
chr9	131395610	131395951	ENSG00000197694.7_1_1	+	131395951	14	AATAAA	7	1	1	0.0
chr4	160279288	160281331	ENSG00000109756.4_1_1	+	160280375	NA	NA	NA	4	3	3.80788655293
chr9	137023112	137025103	ENSG00000196363.4_1_1	+	137024884	NA	NA	NA	1	1	0.0
chr17	57474548	57479105	ENSG00000175155.3_1_1	+	57476612	NA	NA	NA	1	1	0.0
chr13	21721478	21723231	ENSG00000150459.6_1_1	+	21721707	NA	AAGAAA	14	1	1	0.0
chr4	17625418	17627264	ENSG00000118579.6_1_1	+	17625714	NA	NA	NA	1	1	0.0
chr4	17625418	17627264	ENSG00000118579.6_1_1	+	17626831	NA	NA	NA	1	1	0.0
chr1	167510239	167511537	ENSG00000143162.7_1_1	-	167511093	NA	NA	NA	2	2	1.58113883008
chr12	133345484	133349693	ENSG00000090615.7_1_1	-	133347182	NA	AAGAAA	20	3	1	0.0
chr14	91006922	91007714	ENSG00000165914.7_1_1	-	91007460	NA	NA	NA	1	1	0.0
chr19	1852388	1854460	ENSG00000129911.3_1_1	-	1853230	NA	NA	NA	1	1	0.0
chr1	32799422	32800200	ENSG00000175130.6_1_1	-	32799503	NA	NA	NA	2	1	0.0
chr1	32799422	32800200	ENSG00000175130.6_1_1	-	32799572	NA	NA	NA	1	1	0.0
chr1	32799422	32800200	ENSG00000175130.6_1_1	-	32799817	NA	NA	NA	1	1	0.0
chr1	32799422	32800200	ENSG00000175130.6_1_1	-	32799883	NA	NA	NA	2	2	6.0
chr17	26975363	26976009	ENSG00000132581.2_1_1	-	26975887	NA	NA	NA	1	1	0.0
chr12	112369092	112369427	ENSG00000198270.5_1_1	-	112369382	NA	NA	NA	1	1	0.0
chr7	99055820	99055952	ENSG00000241468.3_1_2	-	99055932	NA	NA	NA	2	1	0.0
chr1	28661478	28662486	ENSG00000130772.9_1_1	+	28662166	NA	NA	NA	1	1	0.0
chr1	31732406	31732921	ENSG00000060688.8_1_1	-	31732597	NA	NA	NA	7	3	7.91021039995
chr17	63005396	63010377	ENSG00000120063.4_1_1	-	63009875	-30	NA	NA	1	1	0.0
chr18	55215504	55217946	ENSG00000066926.5_1_1	-	55216130	NA	NA	NA	1	1	0.0
chr18	55215504	55217946	ENSG00000066926.5_1_1	-	55216742	1	NA	NA	1	1	0.0
chr5	178507095	178510548	ENSG00000177932.6_1_1	+	178509780	NA	NA	NA	2	1	0.0
chrX	108785914	108787929	ENSG00000101888.7_1_1	+	108786933	NA	NA	NA	1	1	0.0
chrX	12840912	12842351	ENSG00000101911.7_1_1	+	12841503	NA	GATAAA	4	3	2	0.57735026919
chr17	17715376	17715938	ENSG00000072310.10_1_1	-	17715575	NA	NA	NA	1	1	0.0
chr1	213068629	213072715	ENSG00000162769.7_1_1	+	213069548	NA	NA	NA	1	1	0.0
chr17	76168014	76169019	ENSG00000108639.2_1_1	+	76168339	NA	NA	NA	1	1	0.0
chr20	31995750	31996315	ENSG00000101400.5_1_1	-	31995983	NA	NA	NA	1	1	0.0
chr1	207245713	207251178	ENSG00000123836.10_1_1	+	207249662	NA	NA	NA	1	1	0.0
chr11	94862740	94865819	ENSG00000149218.4_1_1	+	94863561	NA	NA	NA	1	1	0.0
chr17	46024145	46026683	ENSG00000108439.4_1_1	+	46024864	NA	NA	NA	4	2	1.0
chr16	15122886	15123667	ENSG00000179889.12_1_1	+	15123534	NA	NA	NA	1	1	0.0
chr1	115312089	115316894	ENSG00000052723.7_1_1	-	115315770	NA	NA	NA	1	1	0.0
chr10	104573085	104576031	ENSG00000166272.12_1_1	+	104573387	NA	TTTAAA	7	1	1	0.0
chr2	87000531	87005174	ENSG00000153561.8_1_1	+	87002520	NA	NA	NA	2	1	0.0
chr2	87000531	87005174	ENSG00000153561.8_1_1	+	87003759	NA	NA	NA	1	1	0.0
chr2	42557344	42559698	ENSG00000143924.14_1_1	+	42557829	NA	NA	NA	2	2	2.0
chr2	102507708	102508459	ENSG00000071054.10_1_1	+	102507968	12	NA	NA	2	2	1.0
chr5	137087064	137088840	ENSG00000177733.4_1_1	-	137088171	NA	NA	NA	1	1	0.0
chr6	36569763	36571219	ENSG00000112081.10_2_1	+	36570161	NA	NA	NA	3	2	0.57735026919
chr8	17086726	17088231	ENSG00000198791.7_1_1	-	17087310	NA	AATATA	2	4	2	2.29128784748
chr9	138898372	138903364	ENSG00000148411.3_1_1	-	138899311	NA	AATAGA	16	1	1	0.0
chrX	119570338	119573011	ENSG00000005893.10_3_1	-	119571213	NA	ACTAAA	15	8	4	1.32287565553
chr6	31502577	31503008	ENSG00000198563.8_4_1	-	31502577	-10	NA	NA	1	1	0.0
chr10	119039989	119042781	ENSG00000165650.7_1_1	-	119042160	NA	NA	NA	1	1	0.0
chr5	37288228	37292004	ENSG00000113569.10_1_1	-	37288934	NA	NA	NA	1	1	0.0
chr5	37288228	37292004	ENSG00000113569.10_1_1	-	37290526	NA	NA	NA	1	1	0.0
chr1	118166663	118171004	ENSG00000183508.4_1_1	+	118166858	NA	NA	NA	1	1	0.0
chr6	56479363	56480317	ENSG00000151914.12_3_1	-	56479991	NA	NA	NA	1	1	0.0
chr1	1682660	1684345	ENSG00000008130.10_1_1	-	1684110	NA	NA	NA	1	1	0.0
chr15	52839421	52844133	ENSG00000128989.4_1_1	-	52839488	NA	NA	NA	5	3	1.26491106407
chr15	52839421	52844133	ENSG00000128989.4_1_1	-	52843984	NA	AGTAAA	25	3	2	4.24264068712
chr17	71279753	71281571	ENSG00000179604.7_1_1	-	71280431	NA	NA	NA	1	1	0.0
chr17	46147403	46148799	ENSG00000108468.9_1_1	-	46147868	NA	NA	NA	1	1	0.0
chr17	74559251	74561440	ENSG00000163597.8_1_1	+	74559929	NA	NA	NA	3	2	1.0
chr17	74559251	74561440	ENSG00000163597.8_1_1	+	74560582	NA	NA	NA	17	5	2.2360679775
chr1	151148769	151149122	ENSG00000163159.6_1_1	-	151148939	NA	NA	NA	2	1	0.0
chr1	1716714	1718492	ENSG00000078369.9_1_1	-	1717197	NA	NA	NA	1	1	0.0
chr1	1716714	1718492	ENSG00000078369.9_1_1	-	1718404	NA	TTTAAA	19	1	1	0.0
chr15	42859011	42862202	ENSG00000137814.3_1_1	+	42861552	NA	NA	NA	1	1	0.0
chr7	6728053	6730481	ENSG00000164631.13_1_1	-	6729488	NA	CATAAA	21	1	1	0.0
chr22	38686686	38687944	ENSG00000213923.5_1_1	-	38686829	-15	NA	NA	1	1	0.0
chr22	38686686	38687944	ENSG00000213923.5_1_1	-	38687848	NA	NA	NA	1	1	0.0
chr20	47729867	47731417	ENSG00000124214.14_1_1	-	47731015	NA	NA	NA	1	1	0.0
chr1	244571785	244572890	ENSG00000035687.7_1_1	-	244572021	NA	NA	NA	1	1	0.0
chr4	95585215	95589387	ENSG00000163110.10_6_1	+	95585927	NA	NA	NA	1	1	0.0
chr9	139566735	139567140	ENSG00000172889.10_1_1	+	139566800	NA	NA	NA	1	1	0.0
chr9	139566735	139567140	ENSG00000172889.10_1_1	+	139567092	-35	NA	NA	1	1	0.0
chr15	67493360	67495161	ENSG00000103591.7_1_1	-	67494920	NA	NA	NA	1	1	0.0
chr19	18642557	18642981	ENSG00000105701.7_1_1	-	18642744	NA	NA	NA	1	1	0.0
chr12	53805021	53810231	ENSG00000185591.4_1_1	+	53809114	NA	NA	NA	1	1	0.0
chr9	34086511	34088350	ENSG00000198876.7_1_1	-	34088213	NA	TATAAA	16	2	2	2.5495097568
chr9	34086511	34088350	ENSG00000198876.7_1_1	-	34088336	NA	TTTAAA TTTAAA	11 29	1	1	0.0
chr12	120123584	120126039	ENSG00000122966.9_1_1	-	120125562	NA	NA	NA	3	3	1.41421356237
chr2	54895703	54896822	ENSG00000115306.10_2_1	+	54896436	NA	NA	NA	3	3	10.1653004547
chr16	84599189	84600453	ENSG00000103187.4_1_1	-	84600030	NA	NA	NA	1	1	0.0
chr16	84599189	84600453	ENSG00000103187.4_1_1	-	84600133	NA	NA	NA	1	1	0.0
chr19	18390552	18391253	ENSG00000130522.3_1_1	-	18390696	NA	NA	NA	1	1	0.0
chr19	18390552	18391253	ENSG00000130522.3_1_1	-	18390809	NA	NA	NA	8	6	3.1024184115
chr13	46700050	46701728	ENSG00000136167.8_1_1	-	46700619	NA	NA	NA	11	5	4.05642027588
chr1	7839702	7841502	ENSG00000049245.8_1_1	+	7840750	NA	NA	NA	1	1	0.0
chr22	18342911	18347422	ENSG00000093100.12_2_1	-	18344604	NA	NA	NA	1	1	0.0
chr11	63391548	63396793	ENSG00000184743.8_1_1	-	63396238	NA	TTTAAA	8	1	1	0.0
chr11	126071982	126073315	ENSG00000165526.4_1_1	-	126072777	NA	TTTAAA	6	1	1	0.0
chr2	152104443	152107422	ENSG00000184898.6_1_1	-	152105468	NA	NA	NA	1	1	0.0
chr2	152104443	152107422	ENSG00000184898.6_1_1	-	152106160	NA	NA	NA	1	1	0.0
chr12	118587595	118588804	ENSG00000135090.8_1_1	-	118587740	NA	NA	NA	2	1	0.0
chr10	88810232	88811510	ENSG00000148672.6_1_1	-	88810269	24	NA	NA	1	1	0.0
chr1	47140820	47144135	ENSG00000159658.5_1_1	-	47141634	NA	CATAAA	32	1	1	0.0
chr8	17913923	17915045	ENSG00000104763.12_1_1	-	17914804	NA	TTTAAA	33	10	3	1.09544511501
chr19	53379414	53383851	ENSG00000182986.6_1_1	-	53383379	NA	NA	NA	1	1	0.0
chr16	28109305	28109861	ENSG00000169180.5_1_1	-	28109696	NA	NA	NA	1	1	0.0
chr1	65897599	65901700	ENSG00000213625.4_1_1	+	65898934	NA	NA	NA	1	1	0.0
chrX	152915757	152916791	ENSG00000130829.12_1_1	+	152916384	NA	NA	NA	1	1	0.0
chr17	40852283	40854552	ENSG00000108799.6_1_1	-	40852687	NA	NA	NA	1	1	0.0
chr1	220321624	220324595	ENSG00000118873.10_1_1	-	220323760	NA	AATAAA AATAAA AAGAAA	1 30 20	1	1	0.0
chr16	30958548	30960114	ENSG00000099364.10_1_1	+	30959550	NA	NA	NA	1	1	0.0
chr11	65622261	65622809	ENSG00000172757.7_1_1	-	65622447	-15	NA	NA	1	1	0.0
chr20	57569728	57570198	ENSG00000101158.7_1_1	+	57569744	NA	NA	NA	1	1	0.0
chr9	126162367	126164091	ENSG00000119522.11_2_1	-	126163866	-3	TTTAAA	15	1	1	0.0
chr3	185764086	185766430	ENSG00000244405.3_1_1	-	185764393	NA	AATACA	19	6	3	1.22474487139
chr14	103192840	103196922	ENSG00000089902.4_1_1	+	103195035	NA	NA	NA	1	1	0.0
chr8	117654358	117657247	ENSG00000147677.6_1_1	-	117655691	NA	NA	NA	1	1	0.0
chr19	34890938	34893328	ENSG00000105220.7_2_1	+	34891682	NA	NA	NA	1	1	0.0
chr19	34890938	34893328	ENSG00000105220.7_2_1	+	34892365	NA	NA	NA	1	1	0.0
