chrm	beg	end	utr_ID	strand	polyA_coordinate	annotated_polyA_distance	nearby_PAS	PAS_distance	number_supporting_reads	number_unique_supporting_reads	unique_reads_spread
chr19	19616280	19619750	ENSG00000167491.10_1_1	+	19617789	NA	AATAAA	16	1	1	0.0
chr19	19616280	19619750	ENSG00000167491.10_1_1	+	19617995	NA	NA	NA	1	1	0.0
chrX	79926342	79932110	ENSG00000165288.10_1_1	-	79930116	NA	CATAAA	9	1	1	0.0
chr19	18054521	18054803	ENSG00000007080.5_1_1	+	18054662	NA	NA	NA	1	1	0.0
chr4	17802267	17805116	ENSG00000163257.6_1_1	-	17804214	NA	NA	NA	1	1	0.0
chr1	160964990	160968663	ENSG00000158769.11_1_1	-	160965487	NA	NA	NA	1	1	0.0
chr16	25247315	25251139	ENSG00000155592.9_1_1	-	25250183	NA	NA	NA	1	1	0.0
chr12	54762909	54764042	ENSG00000161642.12_1_1	-	54763285	NA	NA	NA	1	1	0.0
chr6	159186762	159187948	ENSG00000092820.13_1_1	-	159186881	NA	NA	NA	1	1	0.0
chr6	159186762	159187948	ENSG00000092820.13_1_1	-	159187279	NA	NA	NA	5	2	1.0
chr15	69747843	69748182	ENSG00000137818.6_1_1	+	69748009	NA	NA	NA	1	1	0.0
chr5	110462578	110466200	ENSG00000134987.6_2_1	+	110463695	NA	AAGAAA	21	1	1	0.0
chr10	111893373	111895333	ENSG00000148700.8_1_1	+	111893458	NA	NA	NA	1	1	0.0
chr17	79528797	79532348	ENSG00000182446.7_2_1	-	79529900	NA	NA	NA	1	1	0.0
chr14	50360979	50361500	ENSG00000165527.5_1_1	+	50361239	NA	NA	NA	1	1	0.0
chr17	56078273	56082769	ENSG00000136450.5_1_1	-	56081018	NA	NA	NA	1	1	0.0
chr3	152881031	152886275	ENSG00000181467.2_1_1	+	152881370	NA	NA	NA	2	1	0.0
chr11	12958766	12966308	ENSG00000187079.10_1_1	+	12962665	NA	NA	NA	1	1	0.0
chr1	45285505	45286363	ENSG00000117425.9_1_1	-	45285572	NA	NA	NA	1	1	0.0
chr2	206986138	206988911	ENSG00000023228.8_1_1	-	206988890	NA	AATAAA AATAAA	13 21	1	1	0.0
chr21	35469651	35478569	ENSG00000198743.5_1_1	+	35475655	NA	NA	NA	2	2	9.51314879522
chr17	41843479	41846979	ENSG00000108861.3_1_1	-	41846890	NA	TTTAAA	29	1	1	0.0
chr11	27516112	27520198	ENSG00000148943.7_1_1	-	27517228	NA	ACTAAA	32	2	2	1.58113883008
chr8	74202508	74203281	ENSG00000147604.9_1_1	-	74202786	NA	NA	NA	4	4	9.13783344125
chr4	175238531	175241492	ENSG00000164118.8_1_1	+	175240033	NA	NA	NA	1	1	0.0
chr5	90664530	90667219	ENSG00000113369.4_1_1	-	90665130	NA	NA	NA	1	1	0.0
chr13	42893361	42897406	ENSG00000023516.7_1_1	+	42893918	NA	NA	NA	1	1	0.0
chr16	48385710	48389425	ENSG00000102910.5_2_1	+	48387980	NA	NA	NA	1	1	0.0
chr5	43289486	43291235	ENSG00000112972.9_1_1	-	43290138	NA	NA	NA	1	1	0.0
chr12	49415350	49415565	ENSG00000167548.9_1_1	-	49415558	NA	NA	NA	1	1	0.0
chr12	112597981	112600193	ENSG00000173064.4_1_1	-	112598290	NA	NA	NA	1	1	0.0
chr18	9954205	9960028	ENSG00000101558.8_1_1	+	9954305	NA	NA	NA	2	2	0.707106781187
chr3	37027346	37032747	ENSG00000178567.5_1_1	-	37031177	NA	TTTAAA	33	1	1	0.0
chr3	37027346	37032747	ENSG00000178567.5_1_1	-	37031877	NA	NA	NA	1	1	0.0
chr10	53455236	53457461	ENSG00000177613.7_1_1	-	53457258	NA	NA	NA	1	1	0.0
chr1	180080293	180084025	ENSG00000135837.11_2_1	+	180082236	NA	NA	NA	1	1	0.0
chr7	138728255	138732342	ENSG00000105939.7_1_1	-	138730006	NA	NA	NA	1	1	0.0
chr19	35447247	35448862	ENSG00000180884.7_1_1	-	35447571	NA	NA	NA	1	1	0.0
chr1	120162034	120165330	ENSG00000143067.4_1_1	-	120162931	NA	NA	NA	1	1	0.0
chr1	59120400	59125671	ENSG00000162601.5_1_1	-	59124210	NA	NA	NA	1	1	0.0
chr6	150569953	150571503	ENSG00000198729.4_1_1	+	150570139	NA	NA	NA	1	1	0.0
chr7	25159699	25163322	ENSG00000172115.4_1_1	-	25160134	NA	NA	NA	1	1	0.0
chr7	25159699	25163322	ENSG00000172115.4_1_1	-	25161585	NA	NA	NA	1	1	0.0
chr7	25159699	25163322	ENSG00000172115.4_1_1	-	25161829	NA	NA	NA	1	1	0.0
chr6	56966891	56974524	ENSG00000112200.11_1_1	+	56970713	NA	TTTAAA TTTAAA	8 22	1	1	0.0
chr11	82895933	82898503	ENSG00000165494.5_1_1	+	82897768	NA	NA	NA	1	1	0.0
chr17	43219974	43220336	ENSG00000181513.9_1_1	+	43219995	NA	NA	NA	1	1	0.0
chr6	38120162	38122410	ENSG00000156639.7_1_1	+	38120480	NA	TATAAA	28	1	1	0.0
chr20	32868063	32868842	ENSG00000101444.7_1_1	-	32868630	NA	AATAGA	23	1	1	0.0
chr22	50356772	50357738	ENSG00000198355.4_1_1	+	50356923	NA	NA	NA	2	1	0.0
chr1	67873482	67878892	ENSG00000142864.10_1_1	-	67874970	NA	TTTAAA	25	1	1	0.0
chr14	90871058	90874627	ENSG00000198668.5_1_1	+	90872534	NA	NA	NA	1	1	0.0
chr7	12728479	12730569	ENSG00000122644.8_1_1	+	12729985	NA	NA	NA	2	2	12.0
chr7	12728479	12730569	ENSG00000122644.8_1_1	+	12730323	NA	NA	NA	2	2	0.707106781187
chr19	57803595	57805446	ENSG00000197714.3_1_1	+	57805188	NA	NA	NA	2	2	2.0
chr2	105961825	105965678	ENSG00000135974.5_1_1	+	105964530	NA	NA	NA	2	2	1.58113883008
chr19	53430377	53432158	ENSG00000221874.2_1_1	-	53431555	NA	NA	NA	1	1	0.0
chr3	45718548	45727840	ENSG00000144791.5_2_1	+	45722869	NA	NA	NA	1	1	0.0
chr11	107975108	107978513	ENSG00000166266.9_2_1	+	107977292	NA	NA	NA	1	1	0.0
chr1	179041276	179045707	ENSG00000116199.7_1_1	+	179042384	NA	NA	NA	1	1	0.0
chr6	30568166	30569328	ENSG00000204569.4_1_1	-	30568171	-5	NA	NA	1	1	0.0
chr2	170494030	170497926	ENSG00000138398.10_3_1	+	170494463	NA	TATAAA	33	1	1	0.0
chr2	170494030	170497926	ENSG00000138398.10_3_1	+	170494674	NA	NA	NA	1	1	0.0
chr4	57325701	57327544	ENSG00000128050.4_1_1	+	57327317	NA	NA	NA	1	1	0.0
chr7	106848282	106850969	ENSG00000164597.7_2_1	-	106850032	NA	NA	NA	1	1	0.0
chr1	245014457	245017754	ENSG00000153187.11_1_1	-	245017406	NA	NA	NA	1	1	0.0
chr2	178402920	178408574	ENSG00000018510.7_1_1	+	178407649	NA	NA	NA	1	1	0.0
chrX	70793641	70795757	ENSG00000147162.9_1_1	+	70794562	NA	NA	NA	1	1	0.0
chrX	70793641	70795757	ENSG00000147162.9_1_1	+	70794671	NA	AATGAA	25	2	2	0.707106781187
chr7	99631817	99636641	ENSG00000106261.11_1_1	+	99634664	NA	NA	NA	1	1	0.0
chr19	896492	897439	ENSG00000198858.4_1_1	-	896898	NA	TTTAAA	8	1	1	0.0
chr2	29022166	29025816	ENSG00000213639.5_2_1	+	29023155	NA	NA	NA	1	1	0.0
chr11	33375111	33378579	ENSG00000110422.7_1_1	+	33378125	NA	TTTAAA	31	1	1	0.0
chr5	133936823	133942642	ENSG00000152700.8_1_1	-	133941830	NA	NA	NA	1	1	0.0
chr18	10550214	10552772	ENSG00000134265.6_1_1	+	10551068	NA	NA	NA	1	1	0.0
chr16	20744980	20748204	ENSG00000066654.7_1_1	-	20747651	NA	AAGAAA	9	2	2	1.58113883008
chr1	207217183	207222367	ENSG00000180667.6_1_1	-	207220798	NA	NA	NA	1	1	0.0
chr18	3457935	3458419	ENSG00000177426.13_1_1	+	3458216	NA	NA	NA	1	1	0.0
chr4	84399952	84401302	ENSG00000163322.9_3_1	-	84401057	NA	NA	NA	1	1	0.0
chr3	169887495	169889121	ENSG00000173889.10_4_1	-	169887813	NA	NA	NA	1	1	0.0
chr5	14693154	14699830	ENSG00000154124.4_3_1	+	14696176	NA	NA	NA	1	1	0.0
chr12	74932183	74935233	ENSG00000253719.2_1_1	+	74933724	NA	NA	NA	1	1	0.0
chr11	94898693	94906421	ENSG00000149212.6_1_1	-	94905784	NA	TTTAAA	26	2	1	0.0
chr22	36883226	36886057	ENSG00000100350.10_1_1	-	36884086	NA	NA	NA	1	1	0.0
chr4	146054790	146058584	ENSG00000164164.11_1_1	-	146057559	NA	NA	NA	2	1	0.0
chr17	43100699	43101803	ENSG00000172992.6_1_1	-	43100930	NA	AAGAAA	29	1	1	0.0
chr10	102120687	102124601	ENSG00000099194.4_1_1	+	102123298	NA	NA	NA	1	1	0.0
chr7	100277119	100279344	ENSG00000146830.7_1_1	-	100279072	NA	NA	NA	1	1	0.0
chr7	87760784	87762129	ENSG00000008277.10_1_1	+	87761481	NA	NA	NA	1	1	0.0
chr1	19542147	19545799	ENSG00000127463.8_1_1	-	19542667	NA	AAGAAA	16	1	1	0.0
chr1	19542147	19545799	ENSG00000127463.8_1_1	-	19545450	13	NA	NA	1	1	0.0
chr22	47073145	47075698	ENSG00000075240.12_1_1	+	47073272	NA	NA	NA	1	1	0.0
chr12	8926377	8929797	ENSG00000166532.10_1_1	+	8929797	13	AATATA	4	1	1	0.0
chr2	128056295	128065157	ENSG00000169967.12_1_1	-	128060845	NA	NA	NA	3	1	0.0
chr7	149169874	149171477	ENSG00000181220.9_1_1	-	149170042	NA	NA	NA	1	1	0.0
chr17	7481801	7482334	ENSG00000161960.9_3_1	+	7482051	NA	NA	NA	1	1	0.0
chr1	153617742	153618792	ENSG00000160679.8_2_1	+	153618019	NA	NA	NA	1	1	0.0
chr20	1918211	1920553	ENSG00000198053.7_1_1	+	1919147	NA	NA	NA	1	1	0.0
chr2	231683416	231685800	ENSG00000135932.6_1_1	+	231685037	NA	AGTAAA	8	1	1	0.0
chr1	153777190	153782655	ENSG00000143614.7_1_1	-	153782152	NA	NA	NA	1	1	0.0
chr1	47073376	47075329	ENSG00000142961.10_1_1	-	47073650	NA	NA	NA	1	1	0.0
chr14	77490877	77491747	ENSG00000119669.3_1_1	-	77491124	NA	NA	NA	1	1	0.0
chr1	35648522	35650059	ENSG00000116560.6_2_1	-	35649411	NA	TATAAA	34	1	1	0.0
chr6	13469496	13470104	ENSG00000187461.4_1_1	-	13469590	NA	NA	NA	1	1	0.0
chr12	54624722	54635541	ENSG00000094916.7_1_1	-	54634789	NA	NA	NA	1	1	0.0
chr4	71847771	71853895	ENSG00000173542.4_1_1	+	71849124	NA	NA	NA	1	1	0.0
chr5	177655115	177655559	ENSG00000175309.10_5_1	-	177655218	NA	NA	NA	1	1	0.0
chr22	22108778	22118529	ENSG00000100030.9_1_1	-	22116001	NA	NA	NA	1	1	0.0
chr22	22108778	22118529	ENSG00000100030.9_1_1	-	22117222	NA	NA	NA	2	2	4.0
chr22	22108778	22118529	ENSG00000100030.9_1_1	-	22117431	NA	NA	NA	1	1	0.0
chr4	67760	68402	ENSG00000197701.7_1_1	+	67858	NA	NA	NA	1	1	0.0
chr3	143708680	143711219	ENSG00000181744.4_1_1	+	143709299	NA	AAGAAA TTTAAA	28 24	1	1	0.0
chr2	3627904	3628139	ENSG00000171863.8_1_1	+	3627977	NA	AGTAAA	8	1	1	0.0
chr6	26205181	26206276	ENSG00000198518.5_1_1	+	26205893	NA	NA	NA	1	1	0.0
chr16	3071824	3072394	ENSG00000006327.8_1_1	+	3071942	NA	NA	NA	1	1	0.0
chr6	160111940	160113498	ENSG00000112096.11_3_1	-	160113285	NA	NA	NA	1	1	0.0
chr3	124944394	124951187	ENSG00000163848.13_1_1	-	124948040	NA	NA	NA	1	1	0.0
chr9	72324427	72333260	ENSG00000188647.8_1_1	-	72325272	NA	TTTAAA	30	2	2	17.0
chr11	65404446	65404920	ENSG00000197136.4_1_1	+	65404904	-4	NA	NA	1	1	0.0
chr2	201686898	201688579	ENSG00000082153.12_1_1	+	201688579	12	NA	NA	1	1	0.0
chr10	64565629	64568248	ENSG00000181915.3_1_1	+	64566324	NA	AAGAAA	22	1	1	0.0
chr7	8126165	8128720	ENSG00000106415.8_1_1	+	8126656	NA	NA	NA	1	1	0.0
chr6	27095042	27095180	ENSG00000124635.6_1_2	-	27095123	NA	NA	NA	1	1	0.0
chr12	53434004	53436002	ENSG00000063046.11_1_1	+	53435355	NA	AATAAA	1	3	2	1.41421356237
chr22	45736283	45737846	ENSG00000100376.7_2_1	+	45737838	4	AATAAA CATAAA	19 15	1	1	0.0
chr5	130535291	130541129	ENSG00000186687.11_1_1	+	130539871	NA	NA	NA	1	1	0.0
chr11	47487485	47493654	ENSG00000149187.12_1_1	-	47490383	18	NA	NA	1	1	0.0
chr1	229456747	229460984	ENSG00000154429.6_1_1	-	229460120	NA	NA	NA	3	3	0.816496580928
chr6	100005105	100006289	ENSG00000112237.8_5_1	-	100005613	NA	NA	NA	1	1	0.0
chr4	68605035	68606200	ENSG00000109163.6_1_1	-	68605035	-10	NA	NA	1	1	0.0
chr17	42746903	42748598	ENSG00000180336.11_1_1	+	42746995	NA	NA	NA	1	1	0.0
chr3	193412394	193415622	ENSG00000198836.4_2_2	+	193413182	NA	NA	NA	1	1	0.0
chr21	36193565	36193967	ENSG00000159216.12_3_1	-	36193565	-10	NA	NA	1	1	0.0
chr2	96850586	96852470	ENSG00000084090.9_1_1	-	96851067	NA	NA	NA	1	1	0.0
chr12	62986526	62991373	ENSG00000061987.8_1_1	+	62986923	NA	NA	NA	1	1	0.0
chr10	105785475	105789001	ENSG00000065613.9_1_1	+	105785586	NA	NA	NA	1	1	0.0
chr12	57449418	57453664	ENSG00000166881.4_1_1	-	57452052	NA	NA	NA	1	1	0.0
chr15	64457705	64464132	ENSG00000169118.9_1_1	-	64463230	NA	NA	NA	1	1	0.0
chr18	56063498	56068782	ENSG00000049759.11_1_1	+	56065981	NA	NA	NA	1	1	0.0
chr5	89768249	89769512	ENSG00000176055.7_2_1	-	89769212	NA	NA	NA	1	1	0.0
chr11	65269494	65270117	ENSG00000257018.1_1_1	-	65269550	NA	NA	NA	1	1	0.0
chr9	100777710	100778235	ENSG00000136938.7_1_1	+	100777846	NA	NA	NA	1	1	0.0
chr3	176737132	176743288	ENSG00000177565.10_1_1	-	176738906	NA	NA	NA	1	1	0.0
chr2	23971523	23974918	ENSG00000119778.9_1_1	-	23973442	NA	NA	NA	1	1	0.0
chr1	202696515	202698166	ENSG00000117139.10_1_1	-	202698032	NA	CATAAA	22	1	1	0.0
chr1	65691857	65697838	ENSG00000162433.9_1_1	+	65694474	NA	NA	NA	2	1	0.0
chr15	77775311	77777959	ENSG00000140382.9_1_2	+	77776402	NA	NA	NA	1	1	0.0
chrX	133559357	133562829	ENSG00000156531.12_2_1	+	133560197	NA	NA	NA	1	1	0.0
chr19	38696877	38699022	ENSG00000105738.5_1_1	+	38698942	NA	NA	NA	1	1	0.0
chr20	36756852	36758623	ENSG00000198959.6_1_1	-	36757697	NA	NA	NA	1	1	0.0
chr19	18390552	18391253	ENSG00000130522.3_1_1	-	18390818	NA	NA	NA	1	1	0.0
chr1	92974242	92979215	ENSG00000067208.8_1_1	-	92977163	NA	AGTAAA	32	1	1	0.0
chr1	92974242	92979215	ENSG00000067208.8_1_1	-	92978652	NA	NA	NA	1	1	0.0
chr5	167975489	167984578	ENSG00000120137.6_1_1	-	167976582	NA	ACTAAA	21	1	1	0.0
chr1	36385205	36389910	ENSG00000092847.5_1_1	+	36388240	NA	NA	NA	1	1	0.0
chr5	141689981	141693776	ENSG00000187678.7_1_1	-	141693126	NA	NA	NA	1	1	0.0
chr20	49199249	49201309	ENSG00000196396.5_1_1	+	49200446	NA	NA	NA	1	1	0.0
chr3	155655478	155658467	ENSG00000163655.8_1_1	+	155658430	-25	NA	NA	1	1	0.0
chr1	227174435	227175256	ENSG00000163050.9_1_1	+	227174950	NA	NA	NA	1	1	0.0
chr1	46505801	46509347	ENSG00000117461.10_1_1	-	46507946	NA	TTTAAA	21	1	1	0.0
chr18	2802547	2805025	ENSG00000101596.8_1_1	+	2803698	NA	NA	NA	1	1	0.0
chr3	152554690	152555851	ENSG00000169860.4_1_1	+	152555286	NA	AGTAAA AATAGA	32 24	1	1	0.0
chr2	188328946	188331665	ENSG00000003436.10_1_1	-	188330126	NA	NA	NA	1	1	0.0
chr5	145890202	145891534	ENSG00000113649.6_1_1	+	145890677	NA	NA	NA	1	1	0.0
chr13	20660151	20665978	ENSG00000121741.10_3_1	+	20662175	NA	NA	NA	1	1	0.0
chr5	178507095	178510548	ENSG00000177932.6_1_1	+	178509778	NA	NA	NA	1	1	0.0
chr22	31983349	31983908	ENSG00000198089.9_2_1	+	31983535	NA	NA	NA	1	1	0.0
chr8	33228331	33230097	ENSG00000172728.10_1_1	-	33229534	NA	NA	NA	1	1	0.0
chr6	36569763	36571219	ENSG00000112081.10_2_1	+	36570155	NA	NA	NA	1	1	0.0
chr21	34929854	34931372	ENSG00000159140.12_1_1	+	34930435	NA	AATATA	28	1	1	0.0
chr18	45357911	45368200	ENSG00000175387.10_1_1	-	45367469	NA	NA	NA	1	1	0.0
chr17	74559251	74561440	ENSG00000163597.8_1_1	+	74560582	NA	NA	NA	1	1	0.0
chr19	48835602	48836478	ENSG00000161558.5_1_1	-	48836284	NA	NA	NA	1	1	0.0
chr2	54895703	54896822	ENSG00000115306.10_2_1	+	54895891	NA	NA	NA	1	1	0.0
chr5	74667147	74670016	ENSG00000113163.9_1_1	-	74669977	-5	NA	NA	2	2	2.0
chr11	111889757	111893315	ENSG00000150764.9_2_1	+	111890083	NA	NA	NA	1	1	0.0
chr2	96916301	96919548	ENSG00000135956.3_1_1	-	96917214	NA	NA	NA	1	1	0.0
chr5	110835834	110836619	ENSG00000164211.8_2_1	-	110836107	NA	NA	NA	7	6	5.92814112036
chr12	104698711	104698990	ENSG00000255150.1_1_1	+	104698817	NA	NA	NA	1	1	0.0
