chrm	beg	end	utr_ID	strand	polyA_coordinate	annotated_polyA_distance	nearby_PAS	PAS_distance	number_supporting_reads	number_unique_supporting_reads	unique_reads_spread
chr21	47865237	47865692	ENSG00000160299.11_1_1	+	47865365	NA	NA	NA	1	1	0.0
chr21	47865237	47865692	ENSG00000160299.11_1_1	+	47865428	NA	NA	NA	1	1	0.0
chr21	47865237	47865692	ENSG00000160299.11_1_1	+	47865663	-17	AATAAA AATAAA	0 26	1	1	0.0
chr12	116396372	116399073	ENSG00000123066.2_1_1	-	116397712	NA	NA	NA	1	1	0.0
chr2	85551497	85552004	ENSG00000152291.9_2_1	-	85551697	NA	NA	NA	2	1	0.0
chr17	26521659	26523417	ENSG00000087095.7_1_1	+	26522786	NA	AATACA	13	2	2	0.707106781187
chr20	31025138	31027132	ENSG00000171456.10_3_1	+	31026461	NA	NA	NA	1	1	0.0
chr3	5257600	5261652	ENSG00000134109.5_3_1	+	5260784	NA	NA	NA	1	1	0.0
chr6	90352207	90353726	ENSG00000112159.6_1_1	-	90352555	NA	NA	NA	1	1	0.0
chr6	90352207	90353726	ENSG00000112159.6_1_1	-	90352889	NA	NA	NA	1	1	0.0
chr11	61567087	61569885	ENSG00000149485.10_1_1	-	61569663	NA	TATAAA	13	1	1	0.0
chr17	62224785	62226331	ENSG00000136478.2_1_1	-	62226201	NA	ACTAAA	20	1	1	0.0
chrX	16778479	16783469	ENSG00000169895.5_1_1	+	16782732	NA	NA	NA	1	1	0.0
chr7	152343578	152345729	ENSG00000196584.2_1_1	-	152345438	NA	CATAAA	29	1	1	0.0
chr17	79430840	79433367	ENSG00000171282.7_1_1	+	79433181	NA	NA	NA	1	1	0.0
chr14	23516669	23517191	ENSG00000139880.13_1_2	-	23516802	NA	NA	NA	1	1	0.0
chr11	119225914	119227547	ENSG00000036672.9_1_1	-	119226719	NA	NA	NA	1	1	0.0
chr16	23474852	23478913	ENSG00000103365.8_1_1	-	23477204	NA	NA	NA	1	1	0.0
chr16	23474852	23478913	ENSG00000103365.8_1_1	-	23478164	NA	NA	NA	1	1	0.0
chr16	23474852	23478913	ENSG00000103365.8_1_1	-	23478398	NA	AATACA	6	1	1	0.0
chr16	22295314	22297964	ENSG00000103319.6_1_1	+	22296471	NA	NA	NA	1	1	0.0
chr3	138014731	138017241	ENSG00000114098.12_4_1	+	138015009	NA	NA	NA	1	1	0.0
chr2	188328946	188331665	ENSG00000003436.10_1_1	-	188330125	NA	NA	NA	4	3	3.31662479036
chr9	27546533	27548236	ENSG00000147894.10_1_1	-	27547064	NA	AAGAAA	19	1	1	0.0
chrX	70793641	70795757	ENSG00000147162.9_1_1	+	70794318	NA	NA	NA	1	1	0.0
chrX	70793641	70795757	ENSG00000147162.9_1_1	+	70794670	NA	AATGAA	26	5	3	0.632455532034
chrX	70793641	70795757	ENSG00000147162.9_1_1	+	70795577	NA	NA	NA	1	1	0.0
chr13	30083536	30088619	ENSG00000139514.7_1_1	-	30085902	NA	NA	NA	1	1	0.0
chr6	158517393	158520218	ENSG00000078269.9_3_1	+	158519855	NA	NA	NA	1	1	0.0
chr15	41772882	41775771	ENSG00000137815.9_1_1	+	41773508	NA	NA	NA	1	1	0.0
chr19	1918990	1920326	ENSG00000227500.4_1_1	+	1919531	NA	NA	NA	1	1	0.0
chr19	19221682	19223714	ENSG00000181035.8_1_1	+	19222967	NA	NA	NA	1	1	0.0
chr6	43146925	43149253	ENSG00000112658.6_1_1	+	43147285	NA	NA	NA	1	1	0.0
chr22	22838763	22842094	ENSG00000198477.3_1_1	-	22839690	NA	NA	NA	1	1	0.0
chr5	110462578	110466200	ENSG00000134987.6_2_1	+	110463690	NA	AAGAAA	26	2	2	1.0
chr10	111893373	111895333	ENSG00000148700.8_1_1	+	111893610	NA	NA	NA	1	1	0.0
chr17	56078273	56082769	ENSG00000136450.5_1_1	-	56078706	NA	NA	NA	1	1	0.0
chr17	56078273	56082769	ENSG00000136450.5_1_1	-	56080304	NA	NA	NA	2	2	3.53553390593
chr17	56078273	56082769	ENSG00000136450.5_1_1	-	56082630	NA	NA	NA	2	1	0.0
chr12	124144779	124146489	ENSG00000111358.7_2_1	+	124146438	NA	NA	NA	1	1	0.0
chr12	49223529	49224254	ENSG00000174243.3_1_1	-	49223703	NA	NA	NA	1	1	0.0
chr1	40306697	40307418	ENSG00000043514.9_1_1	-	40307165	NA	NA	NA	1	1	0.0
chr3	38294379	38296989	ENSG00000172939.4_2_1	+	38296568	NA	AATACA	18	1	1	0.0
chr12	57345207	57345815	ENSG00000139547.5_1_1	-	57345497	NA	NA	NA	1	1	0.0
chr1	155300359	155300915	ENSG00000160753.11_1_1	+	155300449	NA	NA	NA	2	2	2.0
chr12	54744304	54745643	ENSG00000111481.4_1_1	+	54744559	NA	NA	NA	1	1	0.0
chr11	57583777	57587028	ENSG00000198561.8_2_1	+	57585746	NA	NA	NA	1	1	0.0
chr22	19163084	19163645	ENSG00000100075.5_1_1	-	19163318	NA	NA	NA	1	1	0.0
chr5	56189504	56191989	ENSG00000095015.5_1_1	+	56190512	NA	NA	NA	1	1	0.0
chr5	56189504	56191989	ENSG00000095015.5_1_1	+	56191259	NA	NA	NA	1	1	0.0
chr1	226170392	226173005	ENSG00000143751.7_1_1	-	226172449	NA	AATATA	34	1	1	0.0
chr1	154321591	154323793	ENSG00000143515.12_2_1	+	154322622	NA	NA	NA	3	3	5.74456264654
chr1	33473574	33476432	ENSG00000004455.10_1_1	-	33475302	NA	ATTAAA	14	1	1	0.0
chr17	40351175	40353758	ENSG00000173757.4_1_1	-	40351532	NA	NA	NA	1	1	0.0
chr8	61099895	61102544	ENSG00000178538.5_1_1	-	61102497	NA	NA	NA	1	1	0.0
chr12	46751961	46754896	ENSG00000134294.8_1_1	-	46752823	NA	NA	NA	1	1	0.0
chr21	35469651	35478569	ENSG00000198743.5_1_1	+	35475642	NA	AGTAAA	9	1	1	0.0
chr21	35469651	35478569	ENSG00000198743.5_1_1	+	35477679	NA	AAGAAA	34	1	1	0.0
chr19	2071026	2073396	ENSG00000172081.8_1_1	-	2072685	NA	NA	NA	1	1	0.0
chr4	175238531	175241492	ENSG00000164118.8_1_1	+	175240206	NA	NA	NA	1	1	0.0
chr4	175238531	175241492	ENSG00000164118.8_1_1	+	175241094	NA	TATAAA	1	1	1	0.0
chr15	43036539	43037995	ENSG00000128881.10_1_1	-	43037261	NA	NA	NA	1	1	0.0
chr6	21231267	21232645	ENSG00000145996.7_1_1	+	21232303	NA	NA	NA	1	1	0.0
chr1	53358626	53360680	ENSG00000203995.5_1_1	+	53359879	NA	NA	NA	1	1	0.0
chr14	75598162	75601590	ENSG00000170348.3_1_1	-	75599035	NA	NA	NA	1	1	0.0
chr16	71885710	71891241	ENSG00000224470.1_1_1	+	71889045	NA	NA	NA	2	1	0.0
chr19	51300951	51301354	ENSG00000167747.8_1_1	-	51301127	NA	NA	NA	1	1	0.0
chr2	219269145	219270674	ENSG00000144579.3_1_1	+	219270113	NA	NA	NA	1	1	0.0
chr5	90664530	90667219	ENSG00000113369.4_1_1	-	90666237	NA	AAGAAA TTTAAA	11 7	1	1	0.0
chr14	105235678	105236680	ENSG00000142208.10_1_1	-	105236225	NA	NA	NA	1	1	0.0
chr20	23351075	23353710	ENSG00000125812.11_1_1	+	23352301	NA	NA	NA	1	1	0.0
chr13	42893361	42897406	ENSG00000023516.7_1_1	+	42893918	NA	NA	NA	8	1	0.0
chr13	42893361	42897406	ENSG00000023516.7_1_1	+	42894657	NA	NA	NA	1	1	0.0
chr1	173456999	173457956	ENSG00000117592.8_1_1	+	173457183	NA	ACTAAA	4	1	1	0.0
chr20	5170877	5178543	ENSG00000101290.9_1_1	+	5173196	NA	NA	NA	1	1	0.0
chr2	209100940	209101805	ENSG00000138413.8_1_1	-	209101531	NA	ACTAAA AATAGA	14 9	1	1	0.0
chr15	73852344	73853389	ENSG00000156642.11_1_1	-	73853095	NA	NA	NA	5	2	0.894427191
chr5	6755055	6757171	ENSG00000112941.8_1_1	+	6755252	NA	NA	NA	1	1	0.0
chr5	6755055	6757171	ENSG00000112941.8_1_1	+	6755970	NA	NA	NA	1	1	0.0
chr5	6755055	6757171	ENSG00000112941.8_1_1	+	6756527	NA	NA	NA	1	1	0.0
chr5	43289486	43291235	ENSG00000112972.9_1_1	-	43290141	NA	NA	NA	2	2	3.53553390593
chr5	137841773	137843996	ENSG00000120705.7_1_1	-	137842483	NA	NA	NA	1	1	0.0
chr12	69663291	69668142	ENSG00000111605.11_1_2	+	69666005	NA	NA	NA	2	2	1.0
chr18	9954205	9960028	ENSG00000101558.8_1_1	+	9954303	NA	NA	NA	13	8	2.20139815712
chr18	9954205	9960028	ENSG00000101558.8_1_1	+	9955325	NA	NA	NA	1	1	0.0
chr1	160185494	160187384	ENSG00000132716.10_1_1	-	160186852	NA	NA	NA	1	1	0.0
chr3	37027346	37032747	ENSG00000178567.5_1_1	-	37032157	NA	NA	NA	2	1	0.0
chr1	156495186	156496280	ENSG00000183856.6_1_1	-	156496277	NA	AATAAA	10	1	1	0.0
chr16	70286286	70286626	ENSG00000090861.7_1_1	-	70286548	NA	NA	NA	1	1	0.0
chr19	17513737	17514135	ENSG00000130303.7_2_1	-	17513756	9	NA	NA	1	1	0.0
chrX	62567096	62569951	ENSG00000186767.5_1_1	-	62569121	NA	NA	NA	1	1	0.0
chr17	7215140	7215792	ENSG00000132507.12_1_2	+	7215518	NA	NA	NA	1	1	0.0
chr5	180001197	180005415	ENSG00000113300.7_1_1	+	180002848	NA	NA	NA	2	1	0.0
chr6	36461658	36463563	ENSG00000112079.8_1_1	-	36463395	NA	NA	NA	1	1	0.0
chr3	157813732	157815818	ENSG00000168779.11_1_1	-	157814154	NA	NA	NA	1	1	0.0
chr14	70236275	70236563	ENSG00000100650.9_1_1	+	70236437	NA	NA	NA	4	3	1.58113883008
chr1	247460703	247463823	ENSG00000162714.7_1_1	-	247462509	NA	NA	NA	2	2	1.58113883008
chr1	247460703	247463823	ENSG00000162714.7_1_1	-	247463540	NA	NA	NA	1	1	0.0
chr1	247460703	247463823	ENSG00000162714.7_1_1	-	247463728	NA	NA	NA	1	1	0.0
chr17	79988678	79989034	ENSG00000169683.2_1_1	+	79988889	NA	NA	NA	1	1	0.0
chr22	41368489	41369323	ENSG00000100387.8_1_1	+	41368667	NA	AATAAA	16	1	1	0.0
chr9	125677834	125680890	ENSG00000171448.8_1_1	-	125680756	NA	NA	NA	1	1	0.0
chr16	69730262	69738579	ENSG00000102908.14_1_2	+	69734923	NA	NA	NA	1	1	0.0
chr19	36379132	36379463	ENSG00000167604.7_1_1	-	36379132	-10	NA	NA	1	1	0.0
chrX	129506921	129507345	ENSG00000102078.11_2_1	+	129506956	NA	NA	NA	2	1	0.0
chrX	77381324	77384803	ENSG00000102144.7_1_1	+	77382216	NA	NA	NA	1	1	0.0
chr12	51487528	51489026	ENSG00000135457.4_1_1	-	51487745	NA	NA	NA	1	1	0.0
chr1	17733245	17735588	ENSG00000179051.9_1_1	-	17734585	NA	NA	NA	1	1	0.0
chr1	17733245	17735588	ENSG00000179051.9_1_1	-	17735226	NA	NA	NA	1	1	0.0
chr20	416113	419232	ENSG00000125875.8_1_1	-	417465	NA	NA	NA	1	1	0.0
chr9	86553215	86554428	ENSG00000165118.9_1_1	-	86553556	NA	NA	NA	1	1	0.0
chr19	14625571	14626754	ENSG00000132002.2_1_1	-	14626348	NA	NA	NA	1	1	0.0
chr13	95748012	95748391	ENSG00000125257.9_2_1	-	95748086	NA	NA	NA	1	1	0.0
chr1	59120400	59125671	ENSG00000162601.5_1_1	-	59121503	NA	CATAAA	25	1	1	0.0
chr1	59120400	59125671	ENSG00000162601.5_1_1	-	59122850	NA	NA	NA	1	1	0.0
chr1	59120400	59125671	ENSG00000162601.5_1_1	-	59124593	NA	AAGAAA	6	1	1	0.0
chr8	104080972	104085289	ENSG00000155097.7_1_1	+	104080995	NA	NA	NA	1	1	0.0
chr19	32973143	32976805	ENSG00000178904.9_1_1	+	32975106	NA	TATAAA AATATA	27 25	1	1	0.0
chr12	109038880	109041181	ENSG00000110880.5_1_1	-	109038959	NA	NA	NA	2	2	1.0
chr12	109038880	109041181	ENSG00000110880.5_1_1	-	109039372	NA	NA	NA	1	1	0.0
chr16	22345018	22346434	ENSG00000058600.10_1_1	+	22345060	NA	NA	NA	1	1	0.0
chrX	48770448	48771410	ENSG00000102096.9_1_1	-	48770791	NA	NA	NA	3	2	7.07106781187
chr14	23527765	23528359	ENSG00000100813.8_1_1	-	23527982	NA	NA	NA	1	1	0.0
chr7	25159699	25163322	ENSG00000172115.4_1_1	-	25161584	NA	NA	NA	1	1	0.0
chr1	202992165	202993986	ENSG00000163444.7_1_1	+	202993697	NA	NA	NA	1	1	0.0
chr7	99488025	99489788	ENSG00000146833.10_1_1	-	99489771	NA	AATATA AATGAA	33 29	1	1	0.0
chr10	72520606	72522207	ENSG00000138316.6_1_1	+	72521371	NA	NA	NA	1	1	0.0
chr10	72520606	72522207	ENSG00000138316.6_1_1	+	72522048	NA	NA	NA	1	1	0.0
chr16	22357246	22358288	ENSG00000140743.2_1_1	-	22357419	NA	NA	NA	1	1	0.0
chr3	59737122	59737954	ENSG00000189283.5_1_1	-	59737859	NA	NA	NA	1	1	0.0
chrX	3735558	3735818	ENSG00000205664.5_1_1	-	3735762	NA	NA	NA	1	1	0.0
chr11	75283125	75283838	ENSG00000149257.8_2_1	+	75283772	NA	NA	NA	2	1	0.0
chr15	42823673	42825269	ENSG00000092531.4_1_1	+	42824360	NA	NA	NA	2	2	2.5495097568
chr7	24727230	24729169	ENSG00000105926.9_1_1	+	24728806	NA	NA	NA	1	1	0.0
chr6	41876679	41876994	ENSG00000124641.10_3_1	-	41876692	3	NA	NA	1	1	0.0
chr3	128888316	128889298	ENSG00000169714.12_1_1	-	128889108	NA	NA	NA	1	1	0.0
chr8	133023139	133025899	ENSG00000132294.8_1_1	+	133024908	NA	TTTAAA	27	1	1	0.0
chrX	12994927	12995356	ENSG00000205542.6_1_1	+	12995145	NA	NA	NA	1	1	0.0
chrX	47424750	47425091	ENSG00000078061.7_1_1	+	47424867	NA	NA	NA	1	1	0.0
chr1	101337932	101339500	ENSG00000162694.9_1_1	-	101338784	NA	TATAAA AAGAAA	25 17	1	1	0.0
chr20	32868063	32868842	ENSG00000101444.7_1_1	-	32868244	NA	NA	NA	1	1	0.0
chr20	32868063	32868842	ENSG00000101444.7_1_1	-	32868631	NA	AATAGA	22	5	2	0.4472135955
chr20	45837848	45839408	ENSG00000101040.14_1_1	-	45838326	NA	NA	NA	1	1	0.0
chr20	45837848	45839408	ENSG00000101040.14_1_1	-	45838624	NA	NA	NA	1	1	0.0
chr10	95287907	95288859	ENSG00000138180.10_1_1	+	95288321	NA	NA	NA	1	1	0.0
chr10	95287907	95288859	ENSG00000138180.10_1_1	+	95288601	NA	NA	NA	1	1	0.0
chr10	51732771	51732951	ENSG00000204152.5_1_2	+	51732895	NA	NA	NA	1	1	0.0
chr22	30421787	30426865	ENSG00000100330.10_1_1	+	30422109	NA	NA	NA	1	1	0.0
chr1	36787621	36787898	ENSG00000142694.6_1_1	-	36787729	NA	NA	NA	1	1	0.0
chr17	34050715	34053444	ENSG00000006125.10_1_1	+	34052791	NA	NA	NA	1	1	0.0
chr22	50356772	50357738	ENSG00000198355.4_1_1	+	50356923	NA	NA	NA	1	1	0.0
chr22	50356772	50357738	ENSG00000198355.4_1_1	+	50356994	NA	NA	NA	1	1	0.0
chr12	76438671	76442211	ENSG00000187109.7_1_1	-	76440256	NA	NA	NA	2	2	0.707106781187
chr19	18685957	18688279	ENSG00000221983.2_1_1	+	18686041	NA	AATAAA	16	1	1	0.0
chrX	151899282	151899858	ENSG00000213401.4_1_1	-	151899474	NA	NA	NA	2	1	0.0
chr6	33180173	33180509	ENSG00000204227.4_1_1	+	33180416	NA	NA	NA	1	1	0.0
chr7	12728479	12730569	ENSG00000122644.8_1_1	+	12729994	NA	AATGAA	30	2	2	2.0
chr7	12728479	12730569	ENSG00000122644.8_1_1	+	12730323	NA	NA	NA	1	1	0.0
chr4	10441487	10444730	ENSG00000178163.3_1_1	-	10442428	NA	NA	NA	1	1	0.0
chr1	161135234	161135523	ENSG00000143258.11_1_1	+	161135396	NA	ATTAAA	21	3	2	4.7609522857
chr6	33424296	33425335	ENSG00000213588.3_1_1	+	33425202	NA	NA	NA	1	1	0.0
chr8	41478517	41482530	ENSG00000158669.7_2_1	+	41479138	NA	NA	NA	1	1	0.0
chr7	50657749	50660651	ENSG00000106070.12_1_1	-	50660421	NA	NA	NA	1	1	0.0
chr2	73481799	73486112	ENSG00000163013.6_1_1	-	73481972	NA	NA	NA	2	2	1.0
chr20	251493	251850	ENSG00000196476.7_1_1	-	251696	NA	NA	NA	1	1	0.0
chr2	11964914	11967545	ENSG00000134324.7_1_1	+	11964944	NA	NA	NA	1	1	0.0
chr2	105961825	105965678	ENSG00000135974.5_1_1	+	105964530	NA	NA	NA	6	4	1.87082869339
chr2	136540454	136542643	ENSG00000144224.11_3_1	+	136540852	NA	NA	NA	1	1	0.0
chr2	136540454	136542643	ENSG00000144224.11_3_1	+	136541138	NA	NA	NA	1	1	0.0
chr6	76624726	76629264	ENSG00000196586.7_1_1	+	76627676	NA	AATAAA	9	1	1	0.0
chr19	46029432	46030246	ENSG00000125753.8_1_1	+	46030151	NA	NA	NA	1	1	0.0
chr1	26226582	26227509	ENSG00000117632.16_2_1	-	26227244	13	NA	NA	1	1	0.0
chr19	53430377	53432158	ENSG00000221874.2_1_1	-	53430932	NA	NA	NA	1	1	0.0
chr19	53430377	53432158	ENSG00000221874.2_1_1	-	53431201	NA	NA	NA	2	1	0.0
chr16	23581908	23585720	ENSG00000103353.8_1_1	+	23583677	NA	NA	NA	1	1	0.0
chr5	126378239	126383364	ENSG00000254121.2_1_1	-	126382422	NA	NA	NA	1	1	0.0
chr3	45718548	45727840	ENSG00000144791.5_2_1	+	45721248	NA	NA	NA	1	1	0.0
chr3	45718548	45727840	ENSG00000144791.5_2_1	+	45722055	NA	NA	NA	1	1	0.0
chr19	13883092	13885106	ENSG00000037757.8_1_1	+	13884070	NA	NA	NA	2	2	2.0
chr6	159186762	159187948	ENSG00000092820.13_1_1	-	159186881	NA	NA	NA	1	1	0.0
chr6	159186762	159187948	ENSG00000092820.13_1_1	-	159187279	NA	NA	NA	18	4	1.29099444874
chr16	1494924	1496634	ENSG00000103249.9_1_1	-	1495395	NA	NA	NA	1	1	0.0
chr22	38087340	38089493	ENSG00000256872.1_1_1	+	38089346	NA	NA	NA	2	1	0.0
chr13	38934912	38937150	ENSG00000120686.7_2_1	+	38936669	NA	NA	NA	2	2	2.5495097568
chr8	101930793	101932923	ENSG00000164924.11_1_1	-	101932042	-14	NA	NA	1	1	0.0
chr2	65248277	65251009	ENSG00000115902.5_1_1	+	65250062	NA	NA	NA	1	1	0.0
chr17	43471264	43472824	ENSG00000159314.5_1_1	-	43471386	NA	NA	NA	1	1	0.0
chr2	53897278	53897642	ENSG00000115239.14_2_1	-	53897406	-23	NA	NA	1	1	0.0
chr15	93567932	93571247	ENSG00000173575.8_2_1	+	93571102	NA	ACTAAA	1	1	1	0.0
chr1	153634501	153634874	ENSG00000143621.12_1_1	-	153634764	NA	NA	NA	1	1	0.0
chr1	179041276	179045707	ENSG00000116199.7_1_1	+	179044970	NA	NA	NA	1	1	0.0
chr20	48249471	48252851	ENSG00000158470.5_1_1	-	48251174	NA	NA	NA	1	1	0.0
chr19	52374524	52375787	ENSG00000161551.7_1_1	-	52375683	NA	NA	NA	1	1	0.0
chr2	170494030	170497926	ENSG00000138398.10_3_1	+	170494449	NA	NA	NA	1	1	0.0
chr4	57325701	57327544	ENSG00000128050.4_1_1	+	57326300	NA	NA	NA	1	1	0.0
chr1	231499486	231502159	ENSG00000135766.7_1_1	-	231500158	NA	NA	NA	1	1	0.0
chr1	231499486	231502159	ENSG00000135766.7_1_1	-	231501781	NA	NA	NA	1	1	0.0
chrX	47494909	47496230	ENSG00000126767.11_1_1	-	47495883	NA	NA	NA	1	1	0.0
chr5	130977396	130980380	ENSG00000217128.5_2_1	-	130978203	NA	NA	NA	3	3	2.16024689947
chr5	130977396	130980380	ENSG00000217128.5_2_1	-	130978714	NA	AGTAAA	9	1	1	0.0
chr21	44473290	44473992	ENSG00000160200.12_1_1	-	44473446	NA	NA	NA	1	1	0.0
chr21	44473290	44473992	ENSG00000160200.12_1_1	-	44473718	NA	NA	NA	1	1	0.0
chr18	60646661	60647676	ENSG00000081913.8_1_1	+	60646899	NA	NA	NA	2	2	1.0
chr14	70238175	70238732	ENSG00000100650.9_2_1	+	70238278	NA	NA	NA	1	1	0.0
chr14	70238175	70238732	ENSG00000100650.9_2_1	+	70238347	NA	NA	NA	1	1	0.0
chr15	72491359	72491993	ENSG00000067225.10_1_1	-	72491628	NA	NA	NA	1	1	0.0
chr11	77371030	77377964	ENSG00000048649.9_1_1	-	77375359	NA	TTTAAA	19	1	1	0.0
chr17	62494363	62496043	ENSG00000108654.5_1_1	-	62495950	NA	NA	NA	1	1	0.0
chr3	120500314	120501926	ENSG00000153767.5_1_1	+	120500922	NA	NA	NA	1	1	0.0
chr3	50333822	50334036	ENSG00000243477.1_1_1	-	50333939	NA	NA	NA	1	1	0.0
chr8	37611630	37616629	ENSG00000147475.9_3_1	+	37612424	NA	NA	NA	1	1	0.0
chr22	50941365	50941822	ENSG00000100258.12_1_1	-	50941563	NA	NA	NA	1	1	0.0
chr1	245014457	245017754	ENSG00000153187.11_1_1	-	245017407	NA	NA	NA	1	1	0.0
chr12	123773645	123780457	ENSG00000139697.5_1_1	-	123779150	NA	AAGAAA	28	1	1	0.0
chr4	7032116	7034855	ENSG00000132405.14_1_1	+	7033725	NA	NA	NA	7	4	1.92724822332
chr6	160526113	160527593	ENSG00000197081.6_2_1	+	160526774	NA	NA	NA	1	1	0.0
chr1	154179185	154179931	ENSG00000143612.13_1_1	-	154179241	NA	NA	NA	1	1	0.0
chr12	121681380	121681929	ENSG00000110931.12_4_1	-	121681498	NA	NA	NA	1	1	0.0
chr2	128619193	128622670	ENSG00000144233.5_1_1	-	128620488	NA	NA	NA	1	1	0.0
chr2	29022166	29025816	ENSG00000213639.5_2_1	+	29023148	NA	NA	NA	3	3	6.8556546004
chr6	3983707	3984382	ENSG00000145965.5_1_1	+	3984140	NA	NA	NA	1	1	0.0
chr22	21801029	21805762	ENSG00000169635.5_1_1	+	21805563	NA	NA	NA	1	1	0.0
chr15	76508414	76508902	ENSG00000140374.9_1_1	-	76508873	NA	NA	NA	1	1	0.0
chr6	32130724	32131465	ENSG00000221988.5_1_1	+	32131103	NA	NA	NA	1	1	0.0
chr12	53581371	53584664	ENSG00000139651.7_1_1	+	53584532	NA	NA	NA	1	1	0.0
chr7	5645102	5646296	ENSG00000075618.11_1_1	+	5645498	NA	NA	NA	1	1	0.0
chr17	65334021	65336961	ENSG00000197170.4_1_1	-	65336155	NA	NA	NA	1	1	0.0
chr1	29652170	29653335	ENSG00000060656.14_1_1	+	29653193	14	TTTAAA	3	2	2	10.5118980208
chr1	47681952	47685394	ENSG00000162367.6_1_1	-	47682833	NA	NA	NA	5	3	1.94935886896
chr1	42642199	42645383	ENSG00000198815.4_1_1	-	42644230	NA	NA	NA	1	1	0.0
chr2	74089383	74094309	ENSG00000124356.10_1_1	+	74091269	NA	NA	NA	1	1	0.0
chr12	49316898	49317337	ENSG00000134285.5_1_1	-	49316898	-10	NA	NA	1	1	0.0
chr1	1592928	1597223	ENSG00000189339.7_1_1	-	1597148	NA	NA	NA	1	1	0.0
chr19	14071804	14072264	ENSG00000132017.5_1_1	+	14072057	NA	NA	NA	1	1	0.0
chr8	101165541	101166240	ENSG00000147669.6_2_1	+	101165801	NA	NA	NA	1	1	0.0
chr1	6581396	6585916	ENSG00000162408.10_1_1	-	6582559	NA	TATAAA	21	1	1	0.0
chr1	6581396	6585916	ENSG00000162408.10_1_1	-	6583156	NA	NA	NA	1	1	0.0
chr22	19881770	19882658	ENSG00000184470.13_2_1	-	19882440	NA	NA	NA	4	4	3.90512483795
chr19	12903626	12904134	ENSG00000171223.4_1_1	+	12903679	NA	NA	NA	1	1	0.0
chr1	179322773	179327825	ENSG00000057252.8_1_1	+	179326055	NA	NA	NA	1	1	0.0
chr1	151266084	151266425	ENSG00000143393.12_3_1	-	151266121	27	AAGAAA	1	1	1	0.0
chr1	111441814	111442560	ENSG00000143119.7_1_1	+	111442214	18	NA	NA	1	1	0.0
chr1	101440410	101440458	ENSG00000162695.6_2_1	+	101440429	NA	AAGAAA	11	1	1	0.0
chr1	101440774	101447319	ENSG00000162695.6_2_2	+	101446221	NA	AATAAA	11	1	1	0.0
chr1	109637118	109639566	ENSG00000215717.4_1_1	+	109637154	NA	NA	NA	1	1	0.0
chr3	140682080	140685063	ENSG00000114120.7_1_1	+	140684821	NA	TTTAAA	15	1	1	0.0
chr1	21069143	21071292	ENSG00000127483.12_1_1	-	21070505	NA	NA	NA	1	1	0.0
chr1	21069143	21071292	ENSG00000127483.12_1_1	-	21071006	NA	NA	NA	1	1	0.0
chr17	79976568	79977083	ENSG00000169689.9_1_1	-	79976944	NA	NA	NA	1	1	0.0
chr22	30774795	30775591	ENSG00000099999.9_2_1	-	30774879	NA	NA	NA	1	1	0.0
chr18	10550214	10552772	ENSG00000134265.6_1_1	+	10551070	NA	NA	NA	2	2	1.0
chr18	33848645	33852130	ENSG00000075643.3_1_1	+	33851559	NA	NA	NA	1	1	0.0
chr10	855473	858868	ENSG00000107929.9_1_1	-	858435	-10	NA	NA	2	2	10.5118980208
chr2	101887673	101888206	ENSG00000163162.4_1_1	-	101888017	NA	NA	NA	1	1	0.0
chr13	107194010	107196346	ENSG00000134884.8_1_1	-	107195680	NA	AATATA	22	2	1	0.0
chr13	107194010	107196346	ENSG00000134884.8_1_1	-	107196131	NA	NA	NA	1	1	0.0
chr2	176040975	176043018	ENSG00000154518.5_1_1	-	176042877	NA	NA	NA	1	1	0.0
chr2	176040975	176043018	ENSG00000154518.5_1_1	-	176042982	NA	NA	NA	1	1	0.0
chr9	127908841	127911954	ENSG00000119414.7_1_1	-	127910025	NA	AAGAAA TTTAAA	15 0	1	1	0.0
chr1	151090729	151098028	ENSG00000143458.6_1_1	+	151093045	NA	TATAAA	28	1	1	0.0
chr1	151090729	151098028	ENSG00000143458.6_1_1	+	151096525	NA	NA	NA	1	1	0.0
chr6	30893984	30894246	ENSG00000137411.10_1_1	+	30894165	NA	NA	NA	1	1	0.0
chr16	86563771	86565619	ENSG00000103248.11_1_1	-	86564708	NA	NA	NA	1	1	0.0
chr17	80005767	80006604	ENSG00000169733.6_1_1	-	80005939	NA	NA	NA	1	1	0.0
chr17	80005767	80006604	ENSG00000169733.6_1_1	-	80006367	30	NA	NA	1	1	0.0
chr17	7321115	7323189	ENSG00000169992.4_1_1	+	7322247	NA	NA	NA	1	1	0.0
chr16	50138969	50140308	ENSG00000155393.7_1_1	+	50139252	NA	NA	NA	1	1	0.0
chr16	50138969	50140308	ENSG00000155393.7_1_1	+	50139370	NA	NA	NA	1	1	0.0
chr16	50138969	50140308	ENSG00000155393.7_1_1	+	50139714	NA	NA	NA	4	4	6.59545297914
chr16	20744980	20748204	ENSG00000066654.7_1_1	-	20747653	NA	AAGAAA	7	5	4	7.64198926982
chr20	62375008	62378285	ENSG00000130584.5_1_1	-	62375031	13	NA	NA	1	1	0.0
chr10	114190047	114190564	ENSG00000023041.7_1_1	-	114190345	NA	NA	NA	1	1	0.0
chr3	49460368	49462268	ENSG00000145029.6_1_1	-	49462029	NA	NA	NA	1	1	0.0
chr19	18977329	18979048	ENSG00000005007.7_1_2	+	18977729	NA	NA	NA	2	2	1.58113883008
chr15	29991560	29993801	ENSG00000104067.9_1_1	-	29992885	NA	AATAGA	10	1	1	0.0
chr9	140194072	140196038	ENSG00000198435.2_1_1	-	140194838	NA	NA	NA	1	1	0.0
chr5	133737767	133738608	ENSG00000237190.3_1_1	-	133738264	NA	TTTAAA	21	1	1	0.0
chr1	150479537	150480088	ENSG00000143374.8_2_1	+	150480055	-19	AATAAA	29	1	1	0.0
chr1	1497721	1499917	ENSG00000160075.9_2_1	-	1498683	NA	NA	NA	1	1	0.0
chr1	1497721	1499917	ENSG00000160075.9_2_1	-	1498867	NA	NA	NA	2	2	0.707106781187
chr11	6503448	6505919	ENSG00000132286.6_1_1	+	6504100	NA	NA	NA	1	1	0.0
chr17	45759769	45761008	ENSG00000108424.4_1_2	+	45760568	NA	NA	NA	1	1	0.0
chr13	21946706	21948463	ENSG00000215570.2_1_1	-	21947195	NA	NA	NA	1	1	0.0
chr16	72118741	72120538	ENSG00000140830.3_1_1	-	72119848	NA	ACTAAA	23	1	1	0.0
chr4	120421967	120422315	ENSG00000138735.11_2_1	-	120422214	NA	NA	NA	1	1	0.0
chr19	13948609	13950528	ENSG00000247349.3_1_1	-	13948964	NA	NA	NA	1	1	0.0
chr14	23778171	23780978	ENSG00000129473.4_1_1	+	23778779	NA	NA	NA	1	1	0.0
chr5	14693154	14699830	ENSG00000154124.4_3_1	+	14696159	NA	NA	NA	2	2	14.0
chr1	29041282	29045875	ENSG00000162419.7_1_1	+	29042942	NA	NA	NA	1	1	0.0
chr16	84695736	84701302	ENSG00000135686.7_1_1	+	84695920	NA	ATTAAA	13	1	1	0.0
chr16	84695736	84701302	ENSG00000135686.7_1_1	+	84696406	NA	NA	NA	1	1	0.0
chr12	124081273	124083126	ENSG00000086598.4_1_1	+	124081625	NA	AATATA	1	1	1	0.0
chr12	74932183	74935233	ENSG00000253719.2_1_1	+	74933768	NA	NA	NA	1	1	0.0
chr12	74932183	74935233	ENSG00000253719.2_1_1	+	74933927	NA	NA	NA	2	2	0.707106781187
chr15	67482871	67487543	ENSG00000166949.9_1_1	+	67485665	NA	NA	NA	1	1	0.0
chr15	67482871	67487543	ENSG00000166949.9_1_1	+	67486110	NA	AATATA	10	1	1	0.0
chr4	76567955	76570616	ENSG00000138757.10_1_1	-	76568134	NA	NA	NA	2	1	0.0
chr10	93788687	93790092	ENSG00000095564.8_1_1	+	93789126	NA	TATAAA TTTAAA	21 0	1	1	0.0
chr10	93788687	93790092	ENSG00000095564.8_1_1	+	93789951	NA	NA	NA	1	1	0.0
chr17	78938127	78940183	ENSG00000141564.8_1_1	+	78938376	NA	NA	NA	1	1	0.0
chr16	67764976	67765330	ENSG00000141084.5_2_1	-	67765226	NA	NA	NA	1	1	0.0
chr4	146054790	146058584	ENSG00000164164.11_1_1	-	146057560	NA	NA	NA	3	2	1.41421356237
chr8	615981	618493	ENSG00000104714.8_5_1	-	618067	NA	NA	NA	1	1	0.0
chr17	73820495	73821896	ENSG00000132478.4_1_1	+	73820543	NA	NA	NA	1	1	0.0
chr1	8921050	8921421	ENSG00000074800.8_1_1	-	8921114	NA	NA	NA	2	2	0.707106781187
chr10	102120687	102124601	ENSG00000099194.4_1_1	+	102122489	NA	NA	NA	3	2	0.816496580928
chr18	32720330	32725391	ENSG00000166974.5_1_1	+	32721182	NA	NA	NA	2	2	8.51469318296
chr7	100277119	100279344	ENSG00000146830.7_1_1	-	100277734	NA	NA	NA	1	1	0.0
chr3	13357726	13359183	ENSG00000132182.7_1_1	-	13358613	NA	NA	NA	1	1	0.0
chr5	154193653	154197177	ENSG00000155506.12_5_1	+	154196314	NA	GATAAA	17	1	1	0.0
chr5	154193653	154197177	ENSG00000155506.12_5_1	+	154196630	NA	AAGAAA	29	1	1	0.0
chr1	236645946	236648036	ENSG00000186197.7_1_1	+	236647169	NA	NA	NA	1	1	0.0
chr4	83343706	83346036	ENSG00000152795.12_1_1	-	83345905	NA	NA	NA	2	1	0.0
chr3	44956738	44959389	ENSG00000163812.9_1_1	-	44957375	NA	NA	NA	1	1	0.0
chr15	51739897	51741183	ENSG00000104093.7_1_1	-	51740728	NA	AATAGA	21	1	1	0.0
chr10	94413550	94415160	ENSG00000138160.4_1_1	+	94414301	NA	NA	NA	1	1	0.0
chr22	19754387	19754865	ENSG00000184058.8_1_1	+	19754865	12	GATAAA	6	1	1	0.0
chr1	114516131	114520436	ENSG00000163349.15_1_1	+	114516222	NA	NA	NA	1	1	0.0
chr1	114516131	114520436	ENSG00000163349.15_1_1	+	114519589	NA	NA	NA	1	1	0.0
chr2	43449530	43451460	ENSG00000152518.5_1_1	-	43450782	NA	TATAAA AAGAAA	6 34	4	3	1.58113883008
chr1	19542147	19545799	ENSG00000127463.8_1_1	-	19542674	NA	AAGAAA	9	1	1	0.0
chr1	19542147	19545799	ENSG00000127463.8_1_1	-	19543950	NA	NA	NA	1	1	0.0
chr6	132779043	132781899	ENSG00000079950.7_1_1	-	132780063	NA	ATTAAA	12	1	1	0.0
chr7	92234224	92244456	ENSG00000105810.5_1_1	-	92243989	NA	NA	NA	1	1	0.0
chr17	74307003	74307625	ENSG00000161542.10_1_1	-	74307522	NA	AATGAA	23	1	1	0.0
chr17	40265115	40265669	ENSG00000108773.5_1_1	-	40265607	NA	NA	NA	1	1	0.0
chr22	47073145	47075698	ENSG00000075240.12_1_1	+	47073270	NA	NA	NA	16	8	3.68272996566
chr5	134060781	134063523	ENSG00000113615.8_3_1	+	134062911	NA	NA	NA	1	1	0.0
chr5	175816495	175816782	ENSG00000146066.2_1_1	+	175816649	NA	NA	NA	1	1	0.0
chr2	112873717	112876905	ENSG00000153214.5_1_1	+	112875722	NA	NA	NA	1	1	0.0
chr7	158523675	158526900	ENSG00000117868.9_1_1	-	158524561	NA	NA	NA	1	1	0.0
chr5	132088659	132089866	ENSG00000205089.3_1_1	+	132089711	NA	NA	NA	1	1	0.0
chr2	128056295	128065157	ENSG00000169967.12_1_1	-	128060845	NA	NA	NA	2	1	0.0
chr22	38013067	38014137	ENSG00000100083.14_1_1	+	38013764	NA	NA	NA	1	1	0.0
chr7	149169874	149171477	ENSG00000181220.9_1_1	-	149170042	NA	NA	NA	1	1	0.0
chr6	75962629	75965820	ENSG00000112697.10_1_1	-	75962815	NA	AATATA	26	1	1	0.0
chr12	57978000	57980425	ENSG00000155980.5_1_2	+	57978649	NA	NA	NA	1	1	0.0
chr19	5151519	5153616	ENSG00000127663.8_1_1	+	5152439	NA	NA	NA	1	1	0.0
chrX	41206969	41209472	ENSG00000215301.4_2_1	+	41209227	NA	NA	NA	1	1	0.0
chr1	153617742	153618792	ENSG00000160679.8_2_1	+	153618037	NA	NA	NA	2	2	3.0
chr3	171064712	171064995	ENSG00000154310.12_2_1	-	171064963	NA	AGTAAA	30	1	1	0.0
chr2	55199314	55200294	ENSG00000115310.13_1_1	-	55199975	26	NA	NA	1	1	0.0
chr1	110564299	110566367	ENSG00000168710.13_1_1	+	110565056	NA	NA	NA	1	1	0.0
chr1	110564299	110566367	ENSG00000168710.13_1_1	+	110566252	NA	NA	NA	1	1	0.0
chr15	34633903	34634171	ENSG00000182117.3_1_1	-	34634100	NA	CATAAA	15	1	1	0.0
chr8	38118117	38120361	ENSG00000085788.8_4_2	+	38118304	NA	NA	NA	1	1	0.0
chr8	30435824	30436440	ENSG00000197265.4_1_1	-	30436220	NA	AATAAA	24	1	1	0.0
chr13	47324782	47325720	ENSG00000136141.9_2_1	+	47325720	12	NA	NA	1	1	0.0
chr5	148871749	148876418	ENSG00000113712.10_1_1	-	148875263	NA	NA	NA	1	1	0.0
chr17	25639392	25640667	ENSG00000109046.9_2_1	+	25640351	NA	NA	NA	1	1	0.0
chr22	18270407	18273500	ENSG00000093100.12_1_1	-	18270852	NA	AAGAAA	17	1	1	0.0
chr6	99845916	99848418	ENSG00000132424.10_1_1	-	99847975	NA	CATAAA	21	1	1	0.0
chr4	1980633	1983944	ENSG00000109685.13_5_1	+	1981409	NA	NA	NA	1	1	0.0
chr1	113212751	113214251	ENSG00000116489.8_1_1	+	113213050	NA	NA	NA	3	3	2.94392028878
chr12	58213701	58217387	ENSG00000175215.4_1_1	-	58214036	NA	NA	NA	1	1	0.0
chr12	58213701	58217387	ENSG00000175215.4_1_1	-	58217352	NA	AATAAA	34	1	1	0.0
chr1	153777190	153782655	ENSG00000143614.7_1_1	-	153781230	NA	NA	NA	1	1	0.0
chr12	24964284	24970944	ENSG00000060982.10_1_1	-	24965186	NA	NA	NA	1	1	0.0
chr12	24964284	24970944	ENSG00000060982.10_1_1	-	24970420	6	TTTAAA	18	1	1	0.0
chr2	158167857	158170733	ENSG00000136542.4_1_1	+	158169925	NA	NA	NA	1	1	0.0
chr6	30692171	30693213	ENSG00000196230.7_1_1	+	30692358	NA	AATAAA	16	2	1	0.0
chr11	66407713	66408673	ENSG00000173933.13_1_1	+	66407963	NA	NA	NA	1	1	0.0
chr9	132902878	132903814	ENSG00000196979.1_1_1	-	132903765	NA	TTTAAA	4	1	1	0.0
chr9	132995268	132999593	ENSG00000107130.6_1_2	+	132996159	NA	NA	NA	1	1	0.0
chr1	3696773	3697654	ENSG00000130764.5_1_1	-	3697477	NA	NA	NA	1	1	0.0
chr16	4307176	4308058	ENSG00000090447.6_1_1	-	4307269	NA	NA	NA	1	1	0.0
chr1	245006475	245008369	ENSG00000203667.5_1_1	+	245007570	NA	NA	NA	1	1	0.0
chr7	102277461	102277974	ENSG00000205236.5_2_1	-	102277784	NA	NA	NA	1	1	0.0
chr18	43843078	43846964	ENSG00000152242.5_1_1	+	43844763	NA	NA	NA	1	1	0.0
chr18	43843078	43846964	ENSG00000152242.5_1_1	+	43846044	NA	AATGAA	14	1	1	0.0
chr17	47787683	47788619	ENSG00000121104.3_1_1	-	47788216	NA	NA	NA	1	1	0.0
chr8	48889335	48890730	ENSG00000104738.10_2_1	+	48890131	NA	NA	NA	1	1	0.0
chr8	48889335	48890730	ENSG00000104738.10_2_1	+	48890259	NA	NA	NA	1	1	0.0
chr12	56665472	56666870	ENSG00000062485.11_1_1	-	56665986	NA	NA	NA	2	2	0.707106781187
chr12	56665472	56666870	ENSG00000062485.11_1_1	-	56666195	NA	NA	NA	1	1	0.0
chr19	16243111	16244453	ENSG00000167461.6_1_1	+	16244245	NA	NA	NA	2	2	0.707106781187
chr3	52526495	52527097	ENSG00000010322.10_3_1	+	52526936	NA	NA	NA	2	2	6.0
chr1	156770249	156770617	ENSG00000143294.9_1_1	+	156770277	NA	NA	NA	1	1	0.0
chr6	57512471	57513385	ENSG00000146143.10_2_4	+	57513117	NA	NA	NA	1	1	0.0
chr12	54624722	54635541	ENSG00000094916.7_1_1	-	54634539	NA	NA	NA	1	1	0.0
chr14	70177693	70181871	ENSG00000100647.6_1_1	+	70180617	NA	NA	NA	3	3	4.08248290464
chr2	206858434	206869094	ENSG00000114933.10_1_1	-	206859552	NA	NA	NA	2	2	1.58113883008
chr1	26160486	26161486	ENSG00000127423.6_1_1	-	26160883	NA	NA	NA	1	1	0.0
chr16	23533324	23535694	ENSG00000103356.9_1_1	-	23534749	NA	NA	NA	1	1	0.0
chr4	71847771	71853895	ENSG00000173542.4_1_1	+	71849913	NA	NA	NA	1	1	0.0
chr19	48885816	48886552	ENSG00000105438.3_1_1	-	48886131	NA	TATAAA	18	1	1	0.0
chr16	2507018	2508865	ENSG00000162063.7_1_1	+	2508326	NA	NA	NA	1	1	0.0
chr1	15755217	15756849	ENSG00000142634.7_1_1	+	15756497	NA	NA	NA	1	1	0.0
chr15	68499319	68500480	ENSG00000128973.6_1_1	-	68499845	NA	NA	NA	1	1	0.0
chr14	94512265	94515286	ENSG00000089723.4_1_1	+	94512891	NA	NA	NA	1	1	0.0
chr1	24998774	24999768	ENSG00000133226.10_2_1	+	24999744	-9	AATAAA ATTAAA TATAAA	32 23 9	1	1	0.0
chr18	43427563	43432434	ENSG00000152223.6_1_1	-	43431646	NA	NA	NA	1	1	0.0
chr3	121350235	121350695	ENSG00000180353.6_1_1	-	121350589	NA	NA	NA	1	1	0.0
chr17	40462684	40463971	ENSG00000126561.9_1_1	+	40462962	30	NA	NA	7	3	0.845154254729
chr16	56977199	56977803	ENSG00000051108.9_1_1	+	56977372	NA	NA	NA	1	1	0.0
chr12	123349871	123351665	ENSG00000139722.2_1_1	-	123350086	NA	NA	NA	1	1	0.0
chr19	1272439	1274439	ENSG00000099622.8_1_1	+	1272468	NA	NA	NA	2	2	11.5108644332
chr19	1272439	1274439	ENSG00000099622.8_1_1	+	1272712	NA	NA	NA	2	2	7.0
chr19	1272439	1274439	ENSG00000099622.8_1_1	+	1272765	NA	NA	NA	1	1	0.0
chr19	1272439	1274439	ENSG00000099622.8_1_1	+	1272834	NA	NA	NA	1	1	0.0
chr19	1272439	1274439	ENSG00000099622.8_1_1	+	1273646	NA	NA	NA	1	1	0.0
chr19	1272439	1274439	ENSG00000099622.8_1_1	+	1273880	NA	ACTAAA	13	13	8	4.7474689613
chr19	1272439	1274439	ENSG00000099622.8_1_1	+	1273910	NA	NA	NA	1	1	0.0
chr19	1272439	1274439	ENSG00000099622.8_1_1	+	1274136	NA	NA	NA	2	2	9.0
chr15	40327880	40328536	ENSG00000140319.5_1_1	-	40328413	NA	NA	NA	2	2	0.707106781187
chr2	202001147	202004610	ENSG00000003402.12_1_1	+	202002981	NA	NA	NA	1	1	0.0
chr19	4360359	4361599	ENSG00000141985.4_1_1	-	4361058	NA	NA	NA	1	1	0.0
chr1	2238201	2241568	ENSG00000157933.9_1_1	+	2241068	NA	NA	NA	1	1	0.0
chr11	119170488	119177661	ENSG00000110395.3_1_1	+	119176048	NA	NA	NA	1	1	0.0
chr10	75881513	75883570	ENSG00000185009.8_1_1	-	75882275	NA	NA	NA	1	1	0.0
chr1	16265919	16266965	ENSG00000065526.5_2_1	+	16266502	NA	NA	NA	1	1	0.0
chr1	24086060	24088559	ENSG00000011007.7_1_1	+	24086867	NA	NA	NA	2	2	1.0
chr10	105205303	105206059	ENSG00000148843.7_1_1	+	105205474	NA	NA	NA	1	1	0.0
chr18	19444624	19450928	ENSG00000101752.6_1_1	+	19445498	NA	NA	NA	1	1	0.0
chr4	71555831	71556277	ENSG00000132467.2_1_1	+	71556153	NA	CATAAA	20	1	1	0.0
chr5	65374355	65378387	ENSG00000112851.10_1_1	+	65375957	NA	NA	NA	1	1	0.0
chr17	79476988	79477718	ENSG00000184009.2_1_1	-	79477218	NA	NA	NA	1	1	0.0
chr5	111498307	111500689	ENSG00000129595.7_1_1	-	111500008	NA	TTTAAA TTTAAA	2 18	1	1	0.0
chr12	56537643	56538470	ENSG00000139641.6_1_1	+	56537919	NA	NA	NA	1	1	0.0
chr12	56537643	56538470	ENSG00000139641.6_1_1	+	56538084	NA	NA	NA	2	2	0.707106781187
chr1	155232648	155233011	ENSG00000176444.13_1_1	-	155232819	NA	NA	NA	1	1	0.0
chr2	153508096	153512822	ENSG00000196504.10_1_1	-	153508733	NA	NA	NA	1	1	0.0
chr6	36567628	36568668	ENSG00000112081.10_1_1	+	36567841	NA	NA	NA	1	1	0.0
chr7	127231350	127231769	ENSG00000004059.5_1_1	+	127231707	NA	NA	NA	1	1	0.0
chr21	44269325	44270161	ENSG00000160193.7_1_1	-	44269835	NA	NA	NA	1	1	0.0
chr19	16685707	16686840	ENSG00000105085.4_1_1	-	16686329	NA	NA	NA	1	1	0.0
chr22	22108778	22118529	ENSG00000100030.9_1_1	-	22112169	NA	NA	NA	1	1	0.0
chr22	22108778	22118529	ENSG00000100030.9_1_1	-	22114946	NA	NA	NA	2	1	0.0
chr22	22108778	22118529	ENSG00000100030.9_1_1	-	22117218	NA	TATAAA AATATA	2 0	10	5	3.46410161514
chr4	67760	68402	ENSG00000197701.7_1_1	+	67858	NA	NA	NA	8	3	1.0
chr11	34120911	34122713	ENSG00000135387.13_3_1	+	34121270	NA	NA	NA	1	1	0.0
chr5	61681393	61682220	ENSG00000068796.11_1_1	+	61681665	NA	NA	NA	1	1	0.0
chr1	33321636	33324486	ENSG00000116497.13_2_1	+	33322764	NA	NA	NA	11	2	0.426401432711
chr1	33321636	33324486	ENSG00000116497.13_2_1	+	33322990	NA	NA	NA	1	1	0.0
chr11	839710	840374	ENSG00000177700.5_1_1	-	840350	NA	NA	NA	1	1	0.0
chr3	178735000	178742807	ENSG00000172667.6_1_1	-	178736173	NA	NA	NA	1	1	0.0
chr12	101779898	101780407	ENSG00000120800.3_1_1	+	101780064	NA	NA	NA	1	1	0.0
chr13	99102444	99105429	ENSG00000102572.9_1_1	-	99105331	NA	TATAAA TTTAAA	30 4	1	1	0.0
chr14	104151974	104152572	ENSG00000126214.12_1_2	+	104152116	NA	NA	NA	1	1	0.0
chr22	36863072	36863853	ENSG00000100348.5_1_1	-	36863311	NA	NA	NA	1	1	0.0
chr17	54965259	54969063	ENSG00000121060.9_1_1	-	54968506	NA	NA	NA	1	1	0.0
chr7	29954129	29956692	ENSG00000122574.6_2_1	+	29954775	NA	AGTAAA	11	1	1	0.0
chrX	69640112	69640692	ENSG00000090889.9_1_1	+	69640541	NA	NA	NA	1	1	0.0
chr6	26138281	26139346	ENSG00000180573.7_1_2	+	26138761	NA	NA	NA	1	1	0.0
chr11	65404446	65404920	ENSG00000197136.4_1_1	+	65404904	-4	NA	NA	10	8	5.26307894678
chr3	44481251	44488069	ENSG00000185219.10_1_1	-	44484285	NA	NA	NA	1	1	0.0
chr1	46092965	46093930	ENSG00000159592.6_1_1	-	46093686	NA	TTTAAA	2	1	1	0.0
chrX	153903519	153906457	ENSG00000160219.7_1_1	-	153904856	NA	NA	NA	1	1	0.0
chr10	38238489	38241057	ENSG00000175395.10_1_1	-	38239454	NA	TTTAAA	22	1	1	0.0
chr6	34555054	34558344	ENSG00000196821.5_1_1	-	34555180	NA	NA	NA	1	1	0.0
chr5	176563954	176564415	ENSG00000165671.12_1_1	+	176564342	NA	NA	NA	1	1	0.0
chr16	723603	724184	ENSG00000140983.5_1_1	+	723804	NA	NA	NA	1	1	0.0
chr15	58245611	58247397	ENSG00000128918.8_1_1	-	58246224	NA	NA	NA	1	1	0.0
chr4	119631454	119632211	ENSG00000145388.8_1_1	+	119631705	NA	NA	NA	1	1	0.0
chr17	42268229	42269108	ENSG00000168591.10_1_1	+	42268583	-9	NA	NA	1	1	0.0
chr17	56566882	56569026	ENSG00000108389.4_1_1	-	56568014	NA	NA	NA	1	1	0.0
chr12	114254532	114255991	ENSG00000122965.5_1_1	-	114254836	NA	NA	NA	1	1	0.0
chr8	30689049	30690804	ENSG00000133863.2_1_1	-	30689307	NA	NA	NA	1	1	0.0
chr5	41917398	41921748	ENSG00000205765.4_1_1	+	41918861	NA	NA	NA	3	2	0.57735026919
chr5	41917398	41921748	ENSG00000205765.4_1_1	+	41920128	NA	NA	NA	1	1	0.0
chr12	53434004	53436002	ENSG00000063046.11_1_1	+	53435354	NA	AATAAA	2	8	2	1.69558249578
chr11	6237789	6238301	ENSG00000051009.5_2_1	-	6237993	NA	NA	NA	1	1	0.0
chr1	156180219	156182597	ENSG00000160785.7_1_1	+	156180889	-22	NA	NA	1	1	0.0
chr10	73992871	73993597	ENSG00000166295.3_1_1	+	73993435	NA	NA	NA	1	1	0.0
chr17	79876138	79880483	ENSG00000197063.5_1_1	-	79879139	NA	NA	NA	2	2	7.0
chr16	50349413	50352056	ENSG00000121281.5_2_1	+	50350685	NA	NA	NA	1	1	0.0
chr5	172195082	172195767	ENSG00000120129.4_1_1	-	172195398	NA	NA	NA	1	1	0.0
chr22	45736283	45737846	ENSG00000100376.7_2_1	+	45736688	NA	AATAGA	32	1	1	0.0
chr22	45736283	45737846	ENSG00000100376.7_2_1	+	45736764	NA	NA	NA	2	2	0.707106781187
chr1	171669289	171673648	ENSG00000117533.10_1_1	-	171669818	NA	NA	NA	1	1	0.0
chr6	33267460	33269539	ENSG00000231925.5_1_1	-	33269309	NA	NA	NA	2	2	17.5071414
chr14	21558194	21558697	ENSG00000165804.8_1_1	-	21558309	NA	NA	NA	1	1	0.0
chr17	59942717	59944920	ENSG00000108506.6_1_1	-	59943498	NA	NA	NA	1	1	0.0
chr17	59942717	59944920	ENSG00000108506.6_1_1	-	59943666	NA	NA	NA	1	1	0.0
chr17	40465331	40467765	ENSG00000168610.9_1_1	-	40465889	NA	ATTAAA AAGAAA	16 2	1	1	0.0
chr17	40465331	40467765	ENSG00000168610.9_1_1	-	40467741	NA	AATAAA	30	1	1	0.0
chr16	67232023	67232831	ENSG00000205250.3_1_1	+	67232469	NA	NA	NA	1	1	0.0
chr1	205758210	205760663	ENSG00000133065.6_1_1	-	205758394	NA	NA	NA	1	1	0.0
chr17	1800466	1802858	ENSG00000132383.6_1_1	+	1800553	NA	NA	NA	1	1	0.0
chr7	1036612	1037263	ENSG00000146540.9_1_1	-	1036851	NA	NA	NA	1	1	0.0
chr9	130702847	130705473	ENSG00000167106.6_1_1	-	130703792	NA	NA	NA	1	1	0.0
chr11	47487485	47493654	ENSG00000149187.12_1_1	-	47489715	NA	NA	NA	1	1	0.0
chr11	47487485	47493654	ENSG00000149187.12_1_1	-	47490185	NA	NA	NA	1	1	0.0
chr11	47487485	47493654	ENSG00000149187.12_1_1	-	47490382	17	NA	NA	4	2	0.707106781187
chr11	47487485	47493654	ENSG00000149187.12_1_1	-	47490561	NA	NA	NA	2	2	1.58113883008
chr12	2934503	2936375	ENSG00000053702.9_1_1	-	2936298	NA	NA	NA	1	1	0.0
chr12	110475356	110477241	ENSG00000076513.9_1_1	+	110476940	NA	NA	NA	5	4	2.683281573
chr19	13054724	13055314	ENSG00000179218.6_1_1	+	13054894	NA	NA	NA	1	1	0.0
chr8	142441141	142441630	ENSG00000184489.7_1_1	+	142441551	NA	NA	NA	1	1	0.0
chr1	229456747	229460984	ENSG00000154429.6_1_1	-	229460119	NA	NA	NA	4	4	2.87228132327
chr5	71515225	71516738	ENSG00000113048.10_1_1	-	71516295	NA	NA	NA	1	1	0.0
chr15	91504996	91506363	ENSG00000166965.7_1_1	+	91505035	NA	NA	NA	1	1	0.0
chr5	176938567	176938794	ENSG00000183258.7_1_1	-	176938567	-10	NA	NA	1	1	0.0
chr1	26801636	26802473	ENSG00000198830.6_1_1	+	26801804	NA	NA	NA	3	2	0.57735026919
chr20	307513	310875	ENSG00000177732.6_1_1	+	307660	NA	NA	NA	1	1	0.0
chr16	18816164	18820893	ENSG00000157106.10_1_1	-	18820611	NA	NA	NA	1	1	0.0
chr20	61430992	61431955	ENSG00000101189.5_1_1	+	61431314	NA	NA	NA	1	1	0.0
chr9	138824804	138825248	ENSG00000130560.4_1_1	-	138825057	NA	NA	NA	1	1	0.0
chr17	8172579	8173819	ENSG00000178921.8_1_1	+	8173269	NA	NA	NA	2	2	0.707106781187
chr17	8172579	8173819	ENSG00000178921.8_1_1	+	8173445	NA	NA	NA	1	1	0.0
chr6	27369223	27371693	ENSG00000124613.4_1_1	+	27369399	NA	NA	NA	1	1	0.0
chr3	49067129	49067887	ENSG00000198218.5_1_1	-	49067724	NA	AGTAAA	5	7	3	1.30930734142
chr5	1461954	1463768	ENSG00000153395.5_1_4	-	1462607	NA	AATATA	31	1	1	0.0
chr5	1461954	1463768	ENSG00000153395.5_1_4	-	1463584	NA	NA	NA	1	1	0.0
chr11	72547779	72549838	ENSG00000137478.9_1_1	-	72548445	NA	NA	NA	1	1	0.0
chr8	21862596	21864106	ENSG00000130227.11_1_1	+	21864106	13	AATAAA	5	1	1	0.0
chr11	73106533	73108527	ENSG00000054967.7_2_1	+	73108364	NA	NA	NA	1	1	0.0
chr6	31628995	31630045	ENSG00000204438.5_1_1	-	31629415	NA	NA	NA	2	2	2.5495097568
chr1	10516568	10521549	ENSG00000160049.6_1_1	-	10521311	NA	NA	NA	1	1	0.0
chr17	76352853	76354501	ENSG00000184557.2_1_1	-	76353155	NA	NA	NA	2	1	0.0
chr17	76352853	76354501	ENSG00000184557.2_1_1	-	76354092	NA	NA	NA	1	1	0.0
chr2	100889742	100900762	ENSG00000170500.8_1_1	-	100892261	NA	NA	NA	1	1	0.0
chr17	40554457	40556707	ENSG00000177469.10_1_1	-	40554630	NA	NA	NA	2	2	1.0
chr7	44421958	44425612	ENSG00000015676.12_1_1	-	44425190	NA	NA	NA	1	1	0.0
chr20	1349611	1350716	ENSG00000088832.10_1_1	-	1349962	NA	NA	NA	1	1	0.0
chr22	22868049	22868328	ENSG00000169548.3_1_1	-	22868144	NA	NA	NA	3	2	0.816496580928
chr5	114949194	114951908	ENSG00000134970.13_1_1	-	114949713	NA	AATAAA	1	1	1	0.0
chr12	64841908	64844917	ENSG00000184575.7_1_1	+	64844175	NA	NA	NA	1	1	0.0
chr12	120118127	120119445	ENSG00000111725.5_2_1	+	120118174	NA	NA	NA	1	1	0.0
chr7	44747595	44748675	ENSG00000105953.10_2_1	+	44748657	-6	CATAAA	26	2	2	4.0
chr1	6681694	6684103	ENSG00000116273.5_1_1	+	6683391	NA	NA	NA	1	1	0.0
chr20	32263478	32264540	ENSG00000101412.9_1_1	-	32263746	NA	NA	NA	1	1	0.0
chr1	55315289	55317908	ENSG00000116133.6_1_1	-	55317453	NA	AGTAAA	12	1	1	0.0
chr12	42840417	42842432	ENSG00000134283.11_3_1	+	42840764	NA	NA	NA	1	1	0.0
chr12	1017955	1020628	ENSG00000060237.10_2_1	+	1018518	NA	NA	NA	2	2	0.707106781187
chr12	57449418	57453664	ENSG00000166881.4_1_1	-	57450985	NA	TTTAAA	15	2	1	0.0
chr18	66340916	66344172	ENSG00000166479.3_1_1	-	66342290	NA	ATTAAA	7	1	1	0.0
chr15	62144577	62146658	ENSG00000129003.10_1_1	-	62145836	NA	AATGAA	19	1	1	0.0
chr15	62144577	62146658	ENSG00000129003.10_1_1	-	62146016	NA	NA	NA	1	1	0.0
chr9	132642549	132644117	ENSG00000136878.7_1_1	+	132643002	NA	NA	NA	1	1	0.0
chr9	132642549	132644117	ENSG00000136878.7_1_1	+	132643900	NA	NA	NA	1	1	0.0
chr15	91463014	91465824	ENSG00000196547.7_1_1	+	91463239	NA	NA	NA	2	2	9.0
chr15	91463014	91465824	ENSG00000196547.7_1_1	+	91463839	NA	NA	NA	1	1	0.0
chr20	46282158	46285631	ENSG00000124151.11_2_1	+	46285317	NA	NA	NA	3	1	0.0
chrX	54842112	54842450	ENSG00000102316.11_1_1	+	54842377	NA	NA	NA	1	1	0.0
chr16	46989263	46990943	ENSG00000069345.5_1_1	-	46990319	NA	NA	NA	1	1	0.0
chr3	176737132	176743288	ENSG00000177565.10_1_1	-	176739100	NA	TTTAAA	24	1	1	0.0
chr3	176737132	176743288	ENSG00000177565.10_1_1	-	176742444	NA	NA	NA	1	1	0.0
chr17	5402737	5403270	ENSG00000091592.8_1_1	-	5402762	15	NA	NA	1	1	0.0
chrX	102930413	102931091	ENSG00000123562.10_1_1	-	102930612	NA	NA	NA	2	1	0.0
chr2	23971523	23974918	ENSG00000119778.9_1_1	-	23974430	NA	NA	NA	1	1	0.0
chr1	41492861	41493868	ENSG00000010803.12_1_1	-	41493080	NA	NA	NA	1	1	0.0
chr6	2832555	2833844	ENSG00000021355.7_1_1	-	2832816	NA	AGTAAA AAGAAA AATACA	15 25 33	1	1	0.0
chr10	7200575	7205734	ENSG00000198879.6_1_1	-	7205044	NA	NA	NA	1	1	0.0
chr10	7200575	7205734	ENSG00000198879.6_1_1	-	7205322	NA	NA	NA	1	1	0.0
chr19	39327018	39327364	ENSG00000104824.8_1_1	-	39327194	NA	NA	NA	6	4	2.16024689947
chr16	74339628	74344215	ENSG00000103035.4_1_1	+	74342924	NA	AATGAA TTTAAA	27 23	1	1	0.0
chr20	62904950	62907593	ENSG00000203880.6_1_1	+	62905162	NA	NA	NA	3	1	0.0
chr19	9759352	9763627	ENSG00000171466.4_1_1	-	9760689	NA	NA	NA	1	1	0.0
chr12	113733878	113736397	ENSG00000186815.7_2_1	+	113734777	NA	NA	NA	1	1	0.0
chr11	294746	296117	ENSG00000142102.11_1_1	+	294847	NA	NA	NA	1	1	0.0
chr1	244869088	244872345	ENSG00000121644.14_1_1	+	244869742	NA	NA	NA	1	1	0.0
chr1	244869088	244872345	ENSG00000121644.14_1_1	+	244871232	NA	NA	NA	1	1	0.0
chr19	50885856	50886276	ENSG00000131408.7_1_1	+	50886030	NA	NA	NA	1	1	0.0
chr2	174131475	174132748	ENSG00000091436.12_2_1	+	174132109	NA	NA	NA	1	1	0.0
chr17	46137000	46138916	ENSG00000082641.10_1_1	+	46138439	NA	NA	NA	1	1	0.0
chr3	33429817	33431825	ENSG00000153560.7_1_1	-	33431334	NA	AGTAAA	6	1	1	0.0
chr1	65691857	65697838	ENSG00000162433.9_1_1	+	65692232	NA	NA	NA	1	1	0.0
chr21	38595710	38597847	ENSG00000157538.8_2_1	-	38596090	NA	NA	NA	1	1	0.0
chr21	38595710	38597847	ENSG00000157538.8_2_1	-	38597210	NA	NA	NA	1	1	0.0
chrX	133559357	133562829	ENSG00000156531.12_2_1	+	133560196	NA	NA	NA	2	2	1.0
chr15	75192318	75194962	ENSG00000178761.9_1_1	-	75193539	NA	NA	NA	1	1	0.0
chr1	205577060	205585676	ENSG00000158711.8_1_1	-	205582134	NA	NA	NA	2	1	0.0
chr5	132028357	132032328	ENSG00000131437.9_1_1	-	132029443	NA	AATAAA AGTAAA	3 26	1	1	0.0
chr7	30197161	30202388	ENSG00000180354.11_1_1	+	30202171	NA	NA	NA	2	2	1.58113883008
chrX	54200211	54200564	ENSG00000184083.7_3_1	-	54200547	NA	AATAGA	25	1	1	0.0
chrX	109416676	109421026	ENSG00000157600.6_1_1	+	109418463	NA	NA	NA	1	1	0.0
chr4	6709417	6710370	ENSG00000178988.10_1_1	-	6710248	NA	NA	NA	1	1	0.0
chr5	176728441	176728746	ENSG00000169228.9_1_1	-	176728618	NA	NA	NA	1	1	0.0
chrX	64959752	64961801	ENSG00000147065.10_1_1	+	64960181	NA	NA	NA	1	1	0.0
chr20	25593560	25596563	ENSG00000170191.4_1_1	-	25595392	NA	TTTAAA	14	1	1	0.0
chr9	114695274	114697659	ENSG00000148154.5_1_1	+	114696703	NA	NA	NA	2	2	1.58113883008
chr6	34840212	34845301	ENSG00000065060.12_1_1	+	34844870	NA	NA	NA	1	1	0.0
chr17	76170149	76170842	ENSG00000167900.5_1_1	-	76170172	7	NA	NA	1	1	0.0
chr1	207191855	207195305	ENSG00000182795.12_1_1	-	207194742	NA	NA	NA	1	1	0.0
chr20	61518555	61522285	ENSG00000101191.11_2_1	-	61519238	NA	NA	NA	1	1	0.0
chr10	70242510	70243191	ENSG00000122912.9_1_1	-	70242510	-10	NA	NA	1	1	0.0
chr3	52435018	52436306	ENSG00000163930.5_1_1	-	52435525	NA	NA	NA	1	1	0.0
chr19	2100982	2102174	ENSG00000065000.9_1_1	-	2101941	NA	NA	NA	1	1	0.0
chr19	8023447	8028369	ENSG00000066044.8_1_1	-	8028035	-7	NA	NA	1	1	0.0
chr2	211295962	211299213	ENSG00000115365.7_1_1	-	211298015	NA	NA	NA	1	1	0.0
chr8	145539943	145540219	ENSG00000185000.4_1_1	-	145539957	-13	NA	NA	1	1	0.0
chr7	48002874	48004955	ENSG00000136273.7_1_1	-	48003441	NA	NA	NA	1	1	0.0
chr7	48002874	48004955	ENSG00000136273.7_1_1	-	48003917	1	NA	NA	1	1	0.0
chr1	207252361	207254379	ENSG00000123836.10_2_1	+	207253649	NA	NA	NA	2	1	0.0
chr19	24106275	24106705	ENSG00000213967.4_2_1	+	24106455	NA	NA	NA	1	1	0.0
chr5	114856597	114860007	ENSG00000145780.6_1_1	-	114858634	NA	NA	NA	1	1	0.0
chr1	89299128	89301948	ENSG00000065243.13_2_1	+	89299475	NA	NA	NA	1	1	0.0
chr7	44619485	44620667	ENSG00000158604.9_2_1	-	44619845	NA	NA	NA	1	1	0.0
chr1	160183273	160185176	ENSG00000162734.8_1_1	+	160183984	NA	NA	NA	1	1	0.0
chr1	23832911	23836374	ENSG00000007968.6_1_1	-	23833381	NA	NA	NA	1	1	0.0
chr5	158711936	158713054	ENSG00000164332.6_1_1	+	158712189	NA	NA	NA	1	1	0.0
chr19	582749	583502	ENSG00000172270.10_1_2	+	582953	NA	NA	NA	2	2	1.58113883008
chr19	47990880	47991547	ENSG00000105402.2_1_1	-	47991532	NA	AATAAA AAGAAA	17 8	1	1	0.0
chr17	4066654	4071075	ENSG00000185722.8_1_1	-	4068260	NA	GATAAA	34	1	1	0.0
chr2	54887220	54889455	ENSG00000115306.10_1_1	+	54888010	NA	NA	NA	1	1	0.0
chr10	11358786	11360687	ENSG00000181800.5_1_1	-	11359986	NA	NA	NA	1	1	0.0
chr1	27721292	27722328	ENSG00000181773.6_1_1	+	27722075	NA	NA	NA	1	1	0.0
chr15	52201004	52204345	ENSG00000138594.7_1_1	+	52203261	NA	NA	NA	1	1	0.0
chr14	69261454	69262513	ENSG00000221899.2_1_1	-	69261701	NA	NA	NA	1	1	0.0
chrX	24094899	24096098	ENSG00000130741.5_2_1	+	24095380	NA	NA	NA	1	1	0.0
chr17	27582844	27591559	ENSG00000108256.2_1_1	-	27583628	NA	NA	NA	1	1	0.0
chr5	176722457	176727226	ENSG00000165671.12_3_1	+	176724917	NA	NA	NA	1	1	0.0
chr1	228285711	228286922	ENSG00000143761.8_1_1	+	228286425	NA	NA	NA	1	1	0.0
chr19	39967036	39967316	ENSG00000196235.6_1_1	+	39967236	NA	NA	NA	1	1	0.0
chr9	115631120	115637277	ENSG00000148158.11_1_1	+	115637075	NA	NA	NA	1	1	0.0
chr3	52082924	52084833	ENSG00000164086.8_1_1	-	52084183	NA	NA	NA	1	1	0.0
chr3	52082924	52084833	ENSG00000164086.8_1_1	-	52084351	NA	NA	NA	1	1	0.0
chr1	212534109	212535210	ENSG00000066027.4_1_1	+	212534756	NA	NA	NA	1	1	0.0
chr13	100215009	100215655	ENSG00000125304.6_1_1	+	100215010	NA	NA	NA	7	2	0.755928946018
chr6	26281272	26281815	ENSG00000158406.2_1_1	-	26281339	NA	NA	NA	1	1	0.0
chr6	26285261	26285418	ENSG00000158406.2_1_2	-	26285278	NA	NA	NA	1	1	0.0
chr1	150445807	150449052	ENSG00000163125.11_2_1	+	150446466	NA	NA	NA	1	1	0.0
chr14	69846829	69847257	ENSG00000100632.5_1_1	-	69846988	NA	NA	NA	1	1	0.0
chr19	810823	812337	ENSG00000011304.10_1_1	+	810934	NA	NA	NA	1	1	0.0
chr19	810823	812337	ENSG00000011304.10_1_1	+	812015	NA	NA	NA	1	1	0.0
chr19	810823	812337	ENSG00000011304.10_1_1	+	812142	NA	NA	NA	1	1	0.0
chr1	22852886	22857660	ENSG00000184677.11_1_1	+	22855444	NA	NA	NA	1	1	0.0
chr14	78399731	78400306	ENSG00000063761.10_2_1	+	78399887	NA	NA	NA	2	2	0.707106781187
chr6	151422661	151423033	ENSG00000120254.10_4_2	+	151422764	NA	NA	NA	1	1	0.0
chr16	28975181	28978428	ENSG00000176953.5_1_1	+	28975496	NA	NA	NA	1	1	0.0
chr2	172337621	172341572	ENSG00000115827.8_2_1	+	172339804	NA	NA	NA	1	1	0.0
chr4	89647095	89649686	ENSG00000138640.10_1_1	-	89648739	NA	NA	NA	1	1	0.0
chr11	59404178	59405865	ENSG00000166889.10_1_1	-	59405206	15	NA	NA	1	1	0.0
chr17	80111475	80115611	ENSG00000176155.10_3_1	-	80114108	NA	NA	NA	4	2	5.19615242271
chr17	80111475	80115611	ENSG00000176155.10_3_1	-	80114460	NA	NA	NA	1	1	0.0
chr6	32152499	32154161	ENSG00000204304.4_1_1	-	32153272	NA	NA	NA	1	1	0.0
chrX	70519923	70521028	ENSG00000147140.10_1_1	+	70520311	NA	NA	NA	2	2	0.707106781187
chr2	239307557	239309551	ENSG00000204104.6_2_1	+	239308982	NA	NA	NA	1	1	0.0
chr15	64429814	64436443	ENSG00000028528.9_1_1	+	64436321	NA	NA	NA	1	1	0.0
chr1	246829204	246831896	ENSG00000162852.9_1_1	+	246829788	NA	NA	NA	1	1	0.0
chr4	1694516	1695326	ENSG00000163950.7_1_1	-	1694749	NA	AAGAAA TTTAAA	28 2	1	1	0.0
chr1	156884587	156886236	ENSG00000187800.9_2_1	+	156885529	NA	NA	NA	1	1	0.0
chr12	6879605	6880128	ENSG00000159335.9_1_1	+	6879939	NA	NA	NA	1	1	0.0
chr10	102799339	102801008	ENSG00000107819.8_1_1	+	102800421	NA	NA	NA	1	1	0.0
chr5	10433793	10435501	ENSG00000145495.8_2_1	+	10433963	NA	NA	NA	1	1	0.0
chr12	104343970	104345303	ENSG00000204954.4_1_1	-	104344660	NA	NA	NA	1	1	0.0
chr6	7281365	7290099	ENSG00000124783.8_2_1	-	7285854	NA	NA	NA	1	1	0.0
chr19	6535074	6535949	ENSG00000125657.2_1_1	+	6535752	NA	NA	NA	1	1	0.0
chr12	4409172	4414526	ENSG00000118971.3_1_1	+	4414235	NA	NA	NA	3	2	1.41421356237
chr17	57075558	57076740	ENSG00000108395.8_2_1	-	57076383	36	NA	NA	1	1	0.0
chr19	50191499	50191714	ENSG00000126457.15_3_1	+	50191519	NA	NA	NA	1	1	0.0
chr16	30081530	30081751	ENSG00000149925.10_1_1	+	30081713	-22	NA	NA	1	1	0.0
chr11	61553612	61556000	ENSG00000124920.9_1_1	+	61554950	NA	NA	NA	1	1	0.0
chr4	160279288	160281331	ENSG00000109756.4_1_1	+	160280343	NA	NA	NA	1	1	0.0
chr1	8412446	8415149	ENSG00000142599.13_1_1	-	8413224	NA	NA	NA	1	1	0.0
chr7	43670740	43673007	ENSG00000106603.12_1_1	-	43672966	NA	NA	NA	1	1	0.0
chr3	16299474	16302273	ENSG00000154813.5_1_1	-	16301332	NA	CATAAA	5	1	1	0.0
chr13	20660151	20665978	ENSG00000121741.10_3_1	+	20660731	NA	NA	NA	1	1	0.0
chr18	52568729	52571591	ENSG00000166510.7_1_1	-	52570676	NA	NA	NA	1	1	0.0
chr17	26975363	26976009	ENSG00000132581.2_1_1	-	26975887	NA	NA	NA	1	1	0.0
chr1	9988986	9990459	ENSG00000162441.6_1_1	-	9989918	NA	NA	NA	1	1	0.0
chr13	114294579	114295514	ENSG00000198176.7_1_1	+	114295097	NA	NA	NA	1	1	0.0
chr7	150028201	150029818	ENSG00000188707.4_1_1	+	150028434	NA	NA	NA	1	1	0.0
chr2	152331582	152333873	ENSG00000080345.12_2_1	+	152332898	NA	NA	NA	1	1	0.0
chr16	89294967	89295373	ENSG00000170100.8_1_1	+	89295102	NA	NA	NA	1	1	0.0
chr17	76168014	76169019	ENSG00000108639.2_1_1	+	76168737	NA	NA	NA	1	1	0.0
chr22	31983349	31983908	ENSG00000198089.9_2_1	+	31983536	NA	NA	NA	1	1	0.0
chr6	44414445	44418173	ENSG00000096401.7_1_1	+	44417677	NA	NA	NA	1	1	0.0
chr1	67465004	67470025	ENSG00000116704.6_1_1	-	67465740	NA	ACTAAA	16	1	1	0.0
chr6	44201262	44201898	ENSG00000112759.11_1_1	+	44201848	-30	AATATA	2	1	1	0.0
chr17	46024145	46026683	ENSG00000108439.4_1_1	+	46026204	NA	NA	NA	1	1	0.0
chr6	86318042	86322602	ENSG00000135316.12_1_1	-	86321338	NA	NA	NA	1	1	0.0
chr6	33377464	33377711	ENSG00000237649.3_1_1	+	33377513	NA	NA	NA	1	1	0.0
chr16	18802980	18804576	ENSG00000170540.7_1_1	-	18803998	NA	NA	NA	1	1	0.0
chr1	115312089	115316894	ENSG00000052723.7_1_1	-	115312963	NA	NA	NA	1	1	0.0
chr19	55602272	55602842	ENSG00000125503.6_1_1	-	55602543	NA	NA	NA	1	1	0.0
chr16	85121928	85127836	ENSG00000135709.7_1_1	+	85122872	NA	NA	NA	1	1	0.0
chr2	87000531	87005174	ENSG00000153561.8_1_1	+	87004542	NA	AAGAAA	15	1	1	0.0
chr2	99812165	99814099	ENSG00000241962.3_2_1	+	99813016	NA	NA	NA	3	2	0.57735026919
chr2	42557344	42559698	ENSG00000143924.14_1_1	+	42557832	NA	NA	NA	1	1	0.0
chr6	36569763	36571219	ENSG00000112081.10_2_1	+	36570056	NA	AATAAA	32	1	1	0.0
chr6	36569763	36571219	ENSG00000112081.10_2_1	+	36570104	NA	AATACA TTTAAA TTTAAA	33 23 29	1	1	0.0
chr6	36569763	36571219	ENSG00000112081.10_2_1	+	36570927	NA	TTTAAA	26	1	1	0.0
chr6	31502577	31503008	ENSG00000198563.8_4_1	-	31502809	NA	NA	NA	1	1	0.0
chr21	34929854	34931372	ENSG00000159140.12_1_1	+	34931336	-24	NA	NA	2	2	1.0
chr1	118166663	118171004	ENSG00000183508.4_1_1	+	118166850	NA	NA	NA	1	1	0.0
chr8	30535572	30537039	ENSG00000104687.8_1_1	-	30536437	NA	ATTAAA	20	1	1	0.0
chr8	30535572	30537039	ENSG00000104687.8_1_1	-	30536500	NA	NA	NA	1	1	0.0
chr1	1682660	1684345	ENSG00000008130.10_1_1	-	1683137	NA	NA	NA	1	1	0.0
chr1	1682660	1684345	ENSG00000008130.10_1_1	-	1684106	NA	NA	NA	2	2	0.707106781187
chr15	52839421	52844133	ENSG00000128989.4_1_1	-	52840786	NA	NA	NA	1	1	0.0
chr15	52839421	52844133	ENSG00000128989.4_1_1	-	52842748	NA	NA	NA	1	1	0.0
chr2	47128998	47132604	ENSG00000180398.7_1_1	-	47129739	NA	NA	NA	1	1	0.0
chr10	103544189	103546210	ENSG00000198408.7_1_1	-	103544596	NA	NA	NA	1	1	0.0
chr12	72003373	72004210	ENSG00000133858.10_1_1	-	72003840	NA	TTTAAA	24	2	1	0.0
chr2	27477429	27478182	ENSG00000115194.6_1_1	-	27477599	NA	NA	NA	1	1	0.0
chr18	45357911	45368200	ENSG00000175387.10_1_1	-	45368178	NA	AATAAA	28	1	1	0.0
chr17	74559251	74561440	ENSG00000163597.8_1_1	+	74560581	NA	NA	NA	2	1	0.0
chr1	68153454	68154031	ENSG00000116717.7_1_1	+	68153466	NA	NA	NA	1	1	0.0
chr20	3143252	3145102	ENSG00000088899.10_1_1	-	3145005	NA	TATAAA AAGAAA AATATA	27 16 31	1	1	0.0
chr1	244571785	244572890	ENSG00000035687.7_1_1	-	244572003	NA	NA	NA	1	1	0.0
chr1	244571785	244572890	ENSG00000035687.7_1_1	-	244572569	NA	NA	NA	1	1	0.0
chr9	139566735	139567140	ENSG00000172889.10_1_1	+	139566788	NA	NA	NA	1	1	0.0
chr9	139566735	139567140	ENSG00000172889.10_1_1	+	139567021	NA	NA	NA	1	1	0.0
chr15	50849340	50853877	ENSG00000092439.7_1_1	-	50852678	NA	NA	NA	1	1	0.0
chr12	53805021	53810231	ENSG00000185591.4_1_1	+	53810189	-30	NA	NA	1	1	0.0
chr11	17108108	17111287	ENSG00000011405.8_1_1	-	17108419	NA	NA	NA	1	1	0.0
chr11	17108108	17111287	ENSG00000011405.8_1_1	-	17110551	NA	NA	NA	1	1	0.0
chr12	120123584	120126039	ENSG00000122966.9_1_1	-	120125562	NA	NA	NA	7	4	6.011892975
chr1	161159527	161160930	ENSG00000158859.8_1_1	-	161160559	NA	NA	NA	1	1	0.0
chr2	54895703	54896822	ENSG00000115306.10_2_1	+	54895764	NA	NA	NA	1	1	0.0
chr7	111366157	111368332	ENSG00000128512.13_1_1	-	111367803	NA	NA	NA	1	1	0.0
chr5	74667147	74670016	ENSG00000113163.9_1_1	-	74669979	-3	NA	NA	2	2	1.0
chr19	18390552	18391253	ENSG00000130522.3_1_1	-	18390809	NA	NA	NA	5	5	2.44948974278
chr13	46700050	46701728	ENSG00000136167.8_1_1	-	46700617	NA	NA	NA	3	2	1.0
chr13	46700050	46701728	ENSG00000136167.8_1_1	-	46700959	NA	NA	NA	1	1	0.0
chr1	7839702	7841502	ENSG00000049245.8_1_1	+	7841053	NA	AAGAAA	27	1	1	0.0
chr10	18964142	18970578	ENSG00000165997.4_1_1	+	18964386	NA	NA	NA	1	1	0.0
chr1	183904960	183907897	ENSG00000198756.6_2_1	-	183905453	NA	NA	NA	1	1	0.0
chr10	75572248	75574263	ENSG00000148660.13_1_1	-	75574109	NA	ATTAAA AAGAAA TTTAAA AATAGA	8 30 23 0	1	1	0.0
chr3	3191684	3192551	ENSG00000113851.8_1_1	-	3192276	-35	NA	NA	2	2	4.52769256907
chr13	27640282	27643422	ENSG00000152484.9_1_1	-	27641940	NA	NA	NA	1	1	0.0
chr1	47140820	47144135	ENSG00000159658.5_1_1	-	47141633	NA	CATAAA	33	2	2	1.0
chr1	47140820	47144135	ENSG00000159658.5_1_1	-	47142481	NA	ATTAAA	26	1	1	0.0
chr1	65897599	65901700	ENSG00000213625.4_1_1	+	65897776	NA	NA	NA	1	1	0.0
chr1	65897599	65901700	ENSG00000213625.4_1_1	+	65898319	NA	NA	NA	1	1	0.0
chr5	110835834	110836619	ENSG00000164211.8_2_1	-	110836106	NA	NA	NA	1	1	0.0
chr16	30958548	30960114	ENSG00000099364.10_1_1	+	30959550	NA	NA	NA	2	2	1.0
chr11	65622261	65622809	ENSG00000172757.7_1_1	-	65622446	-16	NA	NA	1	1	0.0
chr11	65622261	65622809	ENSG00000172757.7_1_1	-	65622513	-11	NA	NA	1	1	0.0
chr1	180914721	180920760	ENSG00000135835.6_1_1	+	180919217	NA	NA	NA	1	1	0.0
chr2	70165413	70170087	ENSG00000059728.6_2_1	+	70166282	NA	NA	NA	1	1	0.0
chr2	70165413	70170087	ENSG00000059728.6_2_1	+	70166391	NA	AAGAAA	33	1	1	0.0
chr14	103192840	103196922	ENSG00000089902.4_1_1	+	103195971	NA	CATAAA	28	1	1	0.0
chr1	52882359	52884002	ENSG00000134748.11_1_1	+	52882448	NA	NA	NA	1	1	0.0
chr10	99476950	99477917	ENSG00000155254.7_1_2	+	99477373	NA	NA	NA	1	1	0.0
