chrm	beg	end	utr_ID	strand	polyA_coordinate	annotated_polyA_distance	nearby_PAS	PAS_distance	number_supporting_reads	number_unique_supporting_reads	unique_reads_spread
chr18	72907052	72913373	ENSG00000180011.5_1_1	-	72908429	NA	ATTAAA	10	1	1	0.0
chr2	85551497	85552004	ENSG00000152291.9_2_1	-	85551545	38	NA	NA	1	1	0.0
chr10	5804992	5805713	ENSG00000108021.13_1_1	+	5805547	NA	NA	NA	1	1	0.0
chr11	61567087	61569885	ENSG00000149485.10_1_1	-	61568855	NA	NA	NA	1	1	0.0
chr3	158373740	158375317	ENSG00000168827.9_1_1	+	158373950	NA	NA	NA	2	2	10.0
chr16	25247315	25251139	ENSG00000155592.9_1_1	-	25250583	NA	NA	NA	1	1	0.0
chr17	20902895	20906346	ENSG00000124422.6_1_1	-	20904585	NA	NA	NA	1	1	0.0
chr1	109852181	109856667	ENSG00000134243.7_1_1	-	109856418	NA	NA	NA	1	1	0.0
chr6	118781924	118786570	ENSG00000111860.9_1_1	-	118786441	NA	NA	NA	1	1	0.0
chr9	27546533	27548236	ENSG00000147894.10_1_1	-	27547202	NA	NA	NA	1	1	0.0
chr9	37186716	37187061	ENSG00000147905.12_1_1	+	37186716	NA	NA	NA	1	1	0.0
chr6	17759403	17761090	ENSG00000137177.12_1_1	-	17760866	NA	AATGAA	1	1	1	0.0
chr17	56078273	56082769	ENSG00000136450.5_1_1	-	56081147	NA	NA	NA	1	1	0.0
chr3	38294379	38296989	ENSG00000172939.4_2_1	+	38295914	NA	NA	NA	1	1	0.0
chr4	44703874	44705100	ENSG00000163281.6_1_1	-	44704438	NA	NA	NA	1	1	0.0
chr3	152881031	152886275	ENSG00000181467.2_1_1	+	152881716	NA	NA	NA	1	1	0.0
chr19	7977313	7979373	ENSG00000076984.11_1_1	+	7978602	NA	NA	NA	1	1	0.0
chr1	154321591	154323793	ENSG00000143515.12_2_1	+	154322567	NA	NA	NA	1	1	0.0
chr8	61099895	61102544	ENSG00000178538.5_1_1	-	61102544	NA	AATAAA TATAAA	10 28	1	1	0.0
chr9	129643190	129648167	ENSG00000177125.5_1_1	+	129645085	NA	NA	NA	1	1	0.0
chr1	15898837	15900148	ENSG00000116771.5_1_1	-	15899456	NA	NA	NA	1	1	0.0
chr21	35469651	35478569	ENSG00000198743.5_1_1	+	35471653	NA	NA	NA	1	1	0.0
chr17	41843479	41846979	ENSG00000108861.3_1_1	-	41843808	NA	NA	NA	1	1	0.0
chr21	34809266	34809838	ENSG00000159128.8_3_1	+	34809585	NA	NA	NA	1	1	0.0
chr17	44107323	44108844	ENSG00000120071.7_1_1	-	44108677	NA	NA	NA	1	1	0.0
chr19	55898117	55898418	ENSG00000108107.6_1_1	+	55898117	NA	NA	NA	1	1	0.0
chr1	204372504	204375222	ENSG00000158615.7_1_1	-	204373613	NA	NA	NA	1	1	0.0
chr5	43289486	43291235	ENSG00000112972.9_1_1	-	43289709	NA	NA	NA	1	1	0.0
chr12	69663291	69668142	ENSG00000111605.11_1_2	+	69665948	NA	NA	NA	1	1	0.0
chr12	69663291	69668142	ENSG00000111605.11_1_2	+	69665989	NA	NA	NA	1	1	0.0
chr18	9954205	9960028	ENSG00000101558.8_1_1	+	9954272	NA	NA	NA	1	1	0.0
chr19	37034507	37037770	ENSG00000186020.7_1_1	-	37036428	NA	NA	NA	1	1	0.0
chr3	37027346	37032747	ENSG00000178567.5_1_1	-	37032254	NA	NA	NA	1	1	0.0
chr19	15464330	15465728	ENSG00000105127.2_1_1	-	15465303	NA	CATAAA	6	1	1	0.0
chr8	117784078	117786933	ENSG00000147679.7_1_1	+	117785072	NA	NA	NA	1	1	0.0
chr19	35447247	35448862	ENSG00000180884.7_1_1	-	35447516	NA	NA	NA	1	1	0.0
chr11	77320419	77321410	ENSG00000178301.3_1_1	+	77321028	NA	AATAGA	19	1	1	0.0
chr1	193219839	193223041	ENSG00000134371.8_1_1	+	193221788	NA	NA	NA	1	1	0.0
chrX	77381324	77384803	ENSG00000102144.7_1_1	+	77381650	NA	NA	NA	2	2	10.0
chrX	77381324	77384803	ENSG00000102144.7_1_1	+	77382161	NA	NA	NA	1	1	0.0
chr2	26611968	26618769	ENSG00000138018.13_1_1	+	26614215	NA	NA	NA	1	1	0.0
chr21	16423237	16424702	ENSG00000256895.1_1_1	+	16423641	NA	NA	NA	2	1	0.0
chr1	169346271	169346631	ENSG00000117475.9_1_1	+	169346578	NA	NA	NA	1	1	0.0
chr3	44966327	44968183	ENSG00000163812.9_3_1	-	44966871	NA	NA	NA	1	1	0.0
chr12	80167332	80169711	ENSG00000058272.9_1_1	-	80168094	NA	NA	NA	1	1	0.0
chr12	80167332	80169711	ENSG00000058272.9_1_1	-	80169498	NA	AATGAA TTTAAA TTTAAA	0 11 32	1	1	0.0
chr11	82895933	82898503	ENSG00000165494.5_1_1	+	82896665	NA	TTTAAA ACTAAA	25 7	1	1	0.0
chr4	44705252	44709760	ENSG00000163281.6_2_1	-	44706867	NA	AATAGA	33	1	1	0.0
chr18	32837899	32839201	ENSG00000186812.6_2_1	+	32839164	-25	NA	NA	1	1	0.0
chr1	67873482	67878892	ENSG00000142864.10_1_1	-	67876490	NA	NA	NA	1	1	0.0
chr1	67873482	67878892	ENSG00000142864.10_1_1	-	67878028	-39	NA	NA	1	1	0.0
chr8	54958927	54960627	ENSG00000120992.11_1_1	-	54959950	-16	NA	NA	1	1	0.0
chr7	12728479	12730569	ENSG00000122644.8_1_1	+	12729940	NA	NA	NA	6	2	0.408248290464
chr7	12728479	12730569	ENSG00000122644.8_1_1	+	12730187	NA	NA	NA	1	1	0.0
chr3	170020912	170023779	ENSG00000163558.8_1_1	+	170022249	NA	NA	NA	1	1	0.0
chr14	60752479	60755283	ENSG00000100614.12_1_1	+	60754799	NA	NA	NA	1	1	0.0
chr6	97001376	97003162	ENSG00000014123.9_1_1	+	97001977	NA	AATAAA	16	1	1	0.0
chr2	105961825	105965678	ENSG00000135974.5_1_1	+	105964462	NA	NA	NA	3	1	0.0
chrX	76760367	76763831	ENSG00000085224.14_1_1	-	76761543	NA	TTTAAA	2	1	1	0.0
chr16	23581908	23585720	ENSG00000103353.8_1_1	+	23583609	NA	AAGAAA	20	1	1	0.0
chr7	141352721	141355054	ENSG00000006530.10_4_1	+	141353298	NA	NA	NA	1	1	0.0
chr11	107975108	107978513	ENSG00000166266.9_2_1	+	107978109	NA	TTTAAA	1	1	1	0.0
chr15	60780472	60789656	ENSG00000069667.9_1_1	-	60786729	NA	NA	NA	2	1	0.0
chr1	179041276	179045707	ENSG00000116199.7_1_1	+	179044906	NA	AAGAAA	18	1	1	0.0
chr20	48249471	48252851	ENSG00000158470.5_1_1	-	48252739	NA	TTTAAA	17	1	1	0.0
chr1	231499486	231502159	ENSG00000135766.7_1_1	-	231501382	NA	NA	NA	1	1	0.0
chr4	25757533	25758480	ENSG00000091490.6_2_1	-	25757756	NA	NA	NA	1	1	0.0
chr11	77371030	77377964	ENSG00000048649.9_1_1	-	77374486	NA	AATGAA TTTAAA	23 13	1	1	0.0
chr11	77371030	77377964	ENSG00000048649.9_1_1	-	77375837	NA	TATAAA	4	1	1	0.0
chr2	178402920	178408574	ENSG00000018510.7_1_1	+	178407584	NA	NA	NA	1	1	0.0
chr4	103182812	103184203	ENSG00000138821.8_2_1	-	103183783	NA	NA	NA	1	1	0.0
chr2	201773685	201776026	ENSG00000115942.4_1_1	-	201774874	NA	NA	NA	1	1	0.0
chr17	57917269	57917960	ENSG00000062716.4_1_1	+	57917393	NA	NA	NA	1	1	0.0
chr12	53581371	53584664	ENSG00000139651.7_1_1	+	53584478	NA	NA	NA	1	1	0.0
chr17	29221928	29222305	ENSG00000176208.3_1_1	+	29222137	NA	NA	NA	1	1	0.0
chr16	55617007	55620588	ENSG00000087253.5_1_1	+	55617596	NA	NA	NA	1	1	0.0
chr4	6643456	6644482	ENSG00000179010.10_1_2	+	6643603	NA	NA	NA	1	1	0.0
chr20	3912057	3914712	ENSG00000101236.11_1_1	-	3912364	NA	NA	NA	1	1	0.0
chr2	191064871	191068220	ENSG00000187699.6_1_1	+	191068162	NA	NA	NA	1	1	0.0
chr12	62798152	62799908	ENSG00000135655.8_3_1	+	62799776	NA	NA	NA	1	1	0.0
chr17	26671623	26674045	ENSG00000109079.3_1_1	+	26673824	NA	AGTAAA	2	1	1	0.0
chr21	40668352	40670346	ENSG00000185658.8_8_1	-	40669436	NA	NA	NA	1	1	0.0
chr20	44689613	44690941	ENSG00000124160.7_1_1	-	44689694	NA	AATAGA	26	1	1	0.0
chr9	6814763	6815159	ENSG00000107077.12_1_1	+	6814832	NA	NA	NA	1	1	0.0
chr1	86115095	86119743	ENSG00000117174.6_1_1	-	86118306	NA	AATAAA	24	1	1	0.0
chr20	279439	280975	ENSG00000177764.6_1_1	+	280956	-7	AATAAA	19	1	1	0.0
chr1	207217183	207222367	ENSG00000180667.6_1_1	-	207217301	NA	NA	NA	1	1	0.0
chr15	63555815	63559991	ENSG00000166128.7_1_1	+	63556061	NA	AATGAA	0	1	1	0.0
chr21	30244502	30248709	ENSG00000156239.7_1_1	-	30245107	NA	NA	NA	1	1	0.0
chr6	26545704	26547170	ENSG00000182952.3_1_1	+	26546590	NA	NA	NA	1	1	0.0
chr6	105725429	105726021	ENSG00000085377.8_1_1	-	105725779	NA	NA	NA	1	1	0.0
chr4	160279288	160281331	ENSG00000109756.4_1_1	+	160280319	NA	NA	NA	1	1	0.0
chr1	225589193	225591007	ENSG00000143815.10_1_1	-	225590674	NA	NA	NA	1	1	0.0
chr5	135513165	135518432	ENSG00000113658.11_1_1	+	135515206	NA	NA	NA	1	1	0.0
chr5	14693154	14699830	ENSG00000154124.4_3_1	+	14693548	NA	NA	NA	1	1	0.0
chr5	14693154	14699830	ENSG00000154124.4_3_1	+	14696118	NA	NA	NA	1	1	0.0
chr6	87879421	87880092	ENSG00000188994.8_1_1	+	87879421	NA	NA	NA	1	1	0.0
chr10	102120687	102124601	ENSG00000099194.4_1_1	+	102121502	NA	AGTAAA	7	1	1	0.0
chr1	93307713	93308942	ENSG00000154511.6_1_1	-	93308036	NA	CATAAA	7	1	1	0.0
chr4	151505258	151505853	ENSG00000181541.4_1_1	+	151505706	NA	NA	NA	1	1	0.0
chr3	88101083	88104625	ENSG00000163320.6_1_1	-	88104448	NA	ATTAAA	2	1	1	0.0
chr2	43449530	43451460	ENSG00000152518.5_1_1	-	43451192	NA	NA	NA	1	1	0.0
chr5	148871749	148876418	ENSG00000113712.10_1_1	-	148874407	NA	NA	NA	1	1	0.0
chr14	102547062	102548051	ENSG00000080824.10_1_1	-	102547962	NA	NA	NA	1	1	0.0
chr1	113212751	113214251	ENSG00000116489.8_1_1	+	113213004	NA	NA	NA	1	1	0.0
chr6	30692171	30693213	ENSG00000196230.7_1_1	+	30693036	NA	NA	NA	1	1	0.0
chr3	182655851	182662884	ENSG00000043093.8_1_1	-	182656897	NA	NA	NA	1	1	0.0
chr1	245006475	245008369	ENSG00000203667.5_1_1	+	245007500	NA	AAGAAA	4	1	1	0.0
chr5	10401026	10401883	ENSG00000145495.8_1_1	+	10401351	NA	TTTAAA	2	1	1	0.0
chr2	178084135	178086121	ENSG00000170144.11_1_2	+	178085685	NA	NA	NA	1	1	0.0
chr1	145441215	145442645	ENSG00000117289.7_1_1	+	145441585	NA	NA	NA	1	1	0.0
chr8	57870481	57876354	ENSG00000104331.4_1_1	-	57874235	NA	AAGAAA	33	1	1	0.0
chr18	721577	724426	ENSG00000176105.7_1_1	-	724197	NA	AATGAA TTTAAA	6 2	1	1	0.0
chr19	21473952	21476078	ENSG00000182141.4_1_1	-	21474684	NA	NA	NA	1	1	0.0
chr19	1272439	1274439	ENSG00000099622.8_1_1	+	1273825	NA	NA	NA	2	2	15.5080624193
chr1	155867588	155870181	ENSG00000143622.5_1_1	-	155869436	NA	NA	NA	1	1	0.0
chr1	113454458	113456515	ENSG00000155380.7_1_1	-	113455951	NA	AGTAAA	17	1	1	0.0
chr1	24086060	24088559	ENSG00000011007.7_1_1	+	24086422	NA	NA	NA	1	1	0.0
chr13	103330663	103331531	ENSG00000134900.7_1_1	+	103331168	NA	NA	NA	1	1	0.0
chr8	91634212	91637901	ENSG00000180694.9_1_1	-	91636159	NA	NA	NA	1	1	0.0
chr5	133530014	133533465	ENSG00000113575.5_1_1	-	133530641	NA	NA	NA	1	1	0.0
chr6	36567628	36568668	ENSG00000112081.10_1_1	+	36568617	NA	NA	NA	1	1	0.0
chr19	1597143	1598214	ENSG00000127540.4_1_1	-	1597871	NA	NA	NA	1	1	0.0
chr4	67760	68402	ENSG00000197701.7_1_1	+	67797	NA	NA	NA	1	1	0.0
chr1	32798642	32799246	ENSG00000116478.7_1_1	+	32799172	NA	NA	NA	1	1	0.0
chr1	173900341	173907861	ENSG00000135870.7_1_1	-	173903961	NA	ATTAAA	4	1	1	0.0
chr1	114454810	114456718	ENSG00000118655.4_1_1	+	114455115	NA	NA	NA	1	1	0.0
chrX	109437403	109441750	ENSG00000101935.5_1_1	-	109438225	NA	NA	NA	1	1	0.0
chr3	178735000	178742807	ENSG00000172667.6_1_1	-	178739035	NA	NA	NA	1	1	0.0
chr7	129770583	129773606	ENSG00000128607.8_1_1	+	129771692	NA	NA	NA	1	1	0.0
chr7	129770583	129773606	ENSG00000128607.8_1_1	+	129771942	NA	CATAAA	29	2	1	0.0
chr7	29954129	29956692	ENSG00000122574.6_2_1	+	29954344	NA	TTTAAA	17	1	1	0.0
chr6	26138281	26139346	ENSG00000180573.7_1_2	+	26138281	NA	NA	NA	1	1	0.0
chr3	124944394	124951187	ENSG00000163848.13_1_1	-	124949199	NA	NA	NA	1	1	0.0
chr2	208461779	208468165	ENSG00000118260.8_4_1	+	208464188	NA	NA	NA	1	1	0.0
chr1	144897986	144903032	ENSG00000178104.13_8_1	-	144901666	NA	AATGAA	19	1	1	0.0
chr9	74966330	74970871	ENSG00000107372.8_1_1	-	74967066	NA	NA	NA	1	1	0.0
chr9	74966330	74970871	ENSG00000107372.8_1_1	-	74968776	NA	NA	NA	1	1	0.0
chr9	74966330	74970871	ENSG00000107372.8_1_1	-	74970835	NA	AGTAAA	32	1	1	0.0
chr5	41917398	41921748	ENSG00000205765.4_1_1	+	41917713	NA	NA	NA	1	1	0.0
chr12	53434004	53436002	ENSG00000063046.11_1_1	+	53435287	NA	NA	NA	1	1	0.0
chr4	24529087	24529549	ENSG00000109606.7_1_1	-	24529459	NA	NA	NA	1	1	0.0
chr22	45736283	45737846	ENSG00000100376.7_2_1	+	45736701	NA	AATAGA	19	1	1	0.0
chr11	47487485	47493654	ENSG00000149187.12_1_1	-	47490483	NA	NA	NA	1	1	0.0
chr2	224740053	224743390	ENSG00000085449.9_1_1	-	224740102	39	NA	NA	1	1	0.0
chr8	91967737	91971646	ENSG00000123119.7_1_1	+	91967737	NA	NA	NA	1	1	0.0
chr4	68605035	68606200	ENSG00000109163.6_1_1	-	68605912	NA	NA	NA	1	1	0.0
chr2	27439813	27440056	ENSG00000138085.11_1_1	+	27440030	-3	AATAAA	14	1	1	0.0
chr18	55143952	55158540	ENSG00000119547.3_1_1	+	55151678	NA	AAGAAA	12	1	1	0.0
chr21	18965508	18965907	ENSG00000154639.14_3_1	+	18965590	NA	AGTAAA	18	1	1	0.0
chr19	58762747	58763077	ENSG00000198131.6_1_1	+	58762924	NA	NA	NA	1	1	0.0
chr4	120415539	120419758	ENSG00000138735.11_1_1	-	120419563	NA	NA	NA	1	1	0.0
chr6	31628995	31630045	ENSG00000204438.5_1_1	-	31629478	NA	NA	NA	1	1	0.0
chr8	2792981	2796109	ENSG00000183117.10_1_1	-	2794960	NA	NA	NA	1	1	0.0
chr1	63329827	63331194	ENSG00000125703.8_1_1	+	63330664	NA	NA	NA	2	1	0.0
chr5	114949194	114951908	ENSG00000134970.13_1_1	-	114949459	NA	NA	NA	1	1	0.0
chr5	114949194	114951908	ENSG00000134970.13_1_1	-	114950623	NA	NA	NA	1	1	0.0
chr12	105567064	105568094	ENSG00000136044.6_1_1	-	105567660	NA	NA	NA	1	1	0.0
chr12	1017955	1020628	ENSG00000060237.10_2_1	+	1018456	NA	NA	NA	1	1	0.0
chr11	65269494	65270117	ENSG00000257018.1_1_1	-	65269694	NA	NA	NA	2	1	0.0
chr16	50382923	50383510	ENSG00000166164.9_1_1	-	50383316	NA	NA	NA	1	1	0.0
chr3	176737132	176743288	ENSG00000177565.10_1_1	-	176741113	6	AAGAAA	31	1	1	0.0
chr3	176737132	176743288	ENSG00000177565.10_1_1	-	176741268	NA	NA	NA	1	1	0.0
chr19	9676281	9676618	ENSG00000197961.4_2_1	-	9676368	NA	NA	NA	1	1	0.0
chr11	75113491	75114999	ENSG00000149273.8_2_1	+	75114810	NA	NA	NA	1	1	0.0
chr5	6755055	6757171	ENSG00000112941.8_1_1	+	6756358	NA	NA	NA	1	1	0.0
chr2	55774417	55777049	ENSG00000138041.11_1_1	-	55775696	NA	NA	NA	1	1	0.0
chr14	53106623	53110290	ENSG00000197930.7_1_1	-	53109077	NA	NA	NA	1	1	0.0
chr11	35827932	35829785	ENSG00000166326.5_1_1	+	35829325	NA	NA	NA	1	1	0.0
chr1	1533381	1534717	ENSG00000228594.1_1_1	-	1533690	NA	NA	NA	1	1	0.0
chr7	30118400	30119553	ENSG00000106086.12_2_1	+	30119494	NA	ATTAAA	4	1	1	0.0
chrX	15337562	15339630	ENSG00000165195.9_1_1	-	15338816	NA	NA	NA	1	1	0.0
chr15	90818948	90820851	ENSG00000228998.2_1_1	+	90820713	NA	NA	NA	1	1	0.0
chr7	7917166	7918864	ENSG00000219545.4_1_1	+	7918319	NA	NA	NA	1	1	0.0
chr1	180941850	180945708	ENSG00000135823.9_1_1	-	180945094	NA	NA	NA	1	1	0.0
chr6	35216479	35220866	ENSG00000146197.7_1_1	+	35218510	NA	NA	NA	1	1	0.0
chr2	69546894	69553323	ENSG00000198380.7_1_1	-	69552833	NA	NA	NA	1	1	0.0
chr6	31765162	31765536	ENSG00000204392.5_1_1	-	31765430	NA	NA	NA	1	1	0.0
chr6	26598870	26600288	ENSG00000146109.3_1_1	+	26598974	NA	NA	NA	1	1	0.0
chr18	59711449	59713091	ENSG00000197563.4_1_1	-	59712911	NA	NA	NA	1	1	0.0
chr4	38698881	38702673	ENSG00000109787.8_2_1	+	38701659	NA	NA	NA	1	1	0.0
chr10	5019931	5022169	ENSG00000187134.7_2_1	+	5021348	NA	NA	NA	1	1	0.0
chr9	140328810	140329368	ENSG00000188833.5_1_1	-	140328858	NA	NA	NA	1	1	0.0
chr9	114695274	114697659	ENSG00000148154.5_1_1	+	114697019	NA	NA	NA	1	1	0.0
chr2	85770892	85772413	ENSG00000168906.7_2_1	+	85771178	NA	AGTAAA	23	1	1	0.0
chr10	119764416	119768511	ENSG00000107560.6_1_1	-	119766678	NA	TTTAAA	17	1	1	0.0
chr14	37745548	37748087	ENSG00000151338.12_1_1	+	37746776	NA	AGTAAA AATACA	7 11	1	1	0.0
chr16	11348251	11348702	ENSG00000185338.4_1_1	-	11348272	11	NA	NA	1	1	0.0
chr5	167975489	167984578	ENSG00000120137.6_1_1	-	167982767	NA	AATACA	8	1	1	0.0
chr5	167975489	167984578	ENSG00000120137.6_1_1	-	167984200	NA	NA	NA	1	1	0.0
chr3	101043038	101044789	ENSG00000138468.11_1_1	-	101044145	NA	ATTAAA	19	1	1	0.0
chr7	120935703	120937508	ENSG00000106034.13_3_1	+	120935703	NA	NA	NA	1	1	0.0
chr14	54880345	54880947	ENSG00000100526.12_1_1	+	54880627	NA	NA	NA	1	1	0.0
chr6	26285261	26285418	ENSG00000158406.2_1_2	-	26285347	NA	CATAAA	26	1	1	0.0
chr11	15987984	15994357	ENSG00000110693.11_1_1	-	15993678	NA	AAGAAA	28	1	1	0.0
chr5	95124612	95125097	ENSG00000164292.7_3_1	+	95124758	NA	NA	NA	1	1	0.0
chr1	109242639	109244435	ENSG00000134186.7_2_1	+	109243782	NA	NA	NA	1	1	0.0
chr5	34954816	34959079	ENSG00000168724.10_1_1	+	34958110	NA	NA	NA	1	1	0.0
chr6	134309824	134312295	ENSG00000146411.5_1_1	-	134310358	NA	NA	NA	1	1	0.0
chr9	123578320	123580186	ENSG00000095261.8_2_1	-	123578372	NA	NA	NA	1	1	0.0
chr5	38933543	38935753	ENSG00000145623.7_4_1	+	38935665	NA	NA	NA	1	1	0.0
chrX	9684283	9687790	ENSG00000101849.11_1_1	+	9686369	NA	NA	NA	1	1	0.0
chr7	11142122	11143292	ENSG00000106443.10_2_1	+	11142402	NA	NA	NA	1	1	0.0
chr4	166263095	166264322	ENSG00000052802.8_2_1	+	166263529	NA	NA	NA	1	1	0.0
chr2	188328946	188331665	ENSG00000003436.10_1_1	-	188330191	NA	NA	NA	2	1	0.0
chr5	145890202	145891534	ENSG00000113649.6_1_1	+	145891327	NA	NA	NA	1	1	0.0
chr1	112255052	112259323	ENSG00000116473.10_1_2	+	112255758	25	NA	NA	1	1	0.0
chr1	87570376	87575691	ENSG00000153936.11_2_1	+	87571281	NA	NA	NA	1	1	0.0
chr4	129957739	129959178	ENSG00000151466.7_2_1	-	129958309	NA	NA	NA	1	1	0.0
chr19	15224771	15225796	ENSG00000105137.7_1_1	+	15225795	8	AATAAA	9	1	1	0.0
chr12	42625015	42629600	ENSG00000015153.8_2_1	-	42628002	NA	NA	NA	2	2	19.0
chr12	24964284	24970944	ENSG00000060982.10_1_1	-	24969287	NA	NA	NA	1	1	0.0
chr2	152331582	152333873	ENSG00000080345.12_2_1	+	152331615	NA	NA	NA	1	1	0.0
chr1	213068629	213072715	ENSG00000162769.7_1_1	+	213072480	NA	AAGAAA	11	1	1	0.0
chr3	42251746	42254125	ENSG00000182606.9_2_1	+	42253046	NA	NA	NA	1	1	0.0
chr1	207245713	207251178	ENSG00000123836.10_1_1	+	207249614	NA	NA	NA	1	1	0.0
chr11	94862740	94865819	ENSG00000149218.4_1_1	+	94863500	NA	NA	NA	1	1	0.0
chr1	115312089	115316894	ENSG00000052723.7_1_1	-	115315900	NA	NA	NA	1	1	0.0
chr7	127010086	127011868	ENSG00000048405.5_1_1	-	127011744	NA	NA	NA	2	2	5.52268050859
chr21	34929854	34931372	ENSG00000159140.12_1_1	+	34930565	NA	TATAAA	26	1	1	0.0
chr1	1682660	1684345	ENSG00000008130.10_1_1	-	1684175	NA	NA	NA	1	1	0.0
chr18	45357911	45368200	ENSG00000175387.10_1_1	-	45364670	NA	AGTAAA AAGAAA	2 6	1	1	0.0
chr17	74559251	74561440	ENSG00000163597.8_1_1	+	74559859	NA	NA	NA	1	1	0.0
chr3	41280830	41281946	ENSG00000168036.12_1_1	+	41281069	NA	NA	NA	1	1	0.0
chr3	152057473	152058318	ENSG00000221962.3_1_1	-	152057512	29	AATATA	28	1	1	0.0
chr3	152057473	152058318	ENSG00000221962.3_1_1	-	152058099	NA	AAGAAA AAGAAA	12 25	1	1	0.0
chr16	16235135	16236941	ENSG00000103222.12_1_1	+	16236165	NA	NA	NA	1	1	0.0
chr15	49417462	49420149	ENSG00000166200.9_1_1	-	49419298	NA	CATAAA	0	1	1	0.0
chr8	117654358	117657247	ENSG00000147677.6_1_1	-	117656837	NA	AAGAAA	4	1	1	0.0
