chrm	beg	end	utr_ID	strand	polyA_coordinate	annotated_polyA_distance	nearby_PAS	PAS_distance	number_supporting_reads	number_unique_supporting_reads	unique_reads_spread
chrX	49856873	49863902	ENSG00000171365.9_1_1	+	49860988	NA	NA	NA	1	1	0.0
chr6	139693382	139694271	ENSG00000164442.7_1_1	-	139694087	NA	NA	NA	1	1	0.0
chr4	69176094	69179819	ENSG00000083896.7_1_1	-	69179489	NA	NA	NA	2	2	1.0
chr16	85007776	85009951	ENSG00000153786.7_1_1	-	85009056	NA	NA	NA	1	1	0.0
chr17	61909430	61910300	ENSG00000108604.10_1_1	-	61909773	NA	NA	NA	1	1	0.0
chr18	23596208	23598320	ENSG00000141380.8_1_1	-	23596688	NA	NA	NA	1	1	0.0
chr15	52201004	52204345	ENSG00000138594.7_1_1	+	52202957	NA	NA	NA	1	1	0.0
chr15	52201004	52204345	ENSG00000138594.7_1_1	+	52203196	NA	NA	NA	1	1	0.0
chr21	45113261	45115968	ENSG00000160208.10_1_1	+	45115233	NA	NA	NA	1	1	0.0
chr14	103807386	103811369	ENSG00000100664.5_1_1	+	103808489	NA	NA	NA	2	1	0.0
chr3	5257600	5261652	ENSG00000134109.5_3_1	+	5258905	NA	NA	NA	1	1	0.0
chr6	90352207	90353726	ENSG00000112159.6_1_1	-	90352940	NA	NA	NA	1	1	0.0
chr7	152343578	152345729	ENSG00000196584.2_1_1	-	152345492	NA	NA	NA	1	1	0.0
chr14	23516669	23517191	ENSG00000139880.13_1_2	-	23516746	NA	NA	NA	1	1	0.0
chr2	114715029	114720183	ENSG00000115091.4_4_1	+	114715995	NA	NA	NA	1	1	0.0
chr2	188328946	188331665	ENSG00000003436.10_1_1	-	188330191	NA	NA	NA	8	1	0.0
chr9	117405590	117408712	ENSG00000157693.10_1_1	+	117407341	NA	NA	NA	1	1	0.0
chr9	129596189	129600499	ENSG00000169155.5_1_1	+	129600134	NA	NA	NA	1	1	0.0
chrX	70793641	70795757	ENSG00000147162.9_1_1	+	70794282	NA	NA	NA	1	1	0.0
chrX	70793641	70795757	ENSG00000147162.9_1_1	+	70794501	NA	AATATA	19	1	1	0.0
chr16	848030	848721	ENSG00000127588.3_1_1	-	848073	33	NA	NA	10	1	0.0
chr3	49720772	49721406	ENSG00000164062.8_4_1	+	49721389	-5	NA	NA	1	1	0.0
chr22	21335317	21335659	ENSG00000183773.9_2_1	+	21335642	15	ATTAAA	22	1	1	0.0
chr5	110462578	110466200	ENSG00000134987.6_2_1	+	110462707	NA	AATAAA	3	1	1	0.0
chr1	153901966	153902775	ENSG00000198837.5_1_1	-	153902438	NA	NA	NA	1	1	0.0
chr17	56078273	56082769	ENSG00000136450.5_1_1	-	56080377	NA	NA	NA	4	2	2.29128784748
chr17	56078273	56082769	ENSG00000136450.5_1_1	-	56081381	NA	AATGAA	26	1	1	0.0
chr19	53300651	53302943	ENSG00000198538.5_1_1	-	53301086	NA	NA	NA	1	1	0.0
chr3	38294379	38296989	ENSG00000172939.4_2_1	+	38296222	NA	NA	NA	1	1	0.0
chr3	38294379	38296989	ENSG00000172939.4_2_1	+	38296349	NA	NA	NA	2	1	0.0
chr17	3714449	3716340	ENSG00000074356.10_1_1	-	3715076	NA	NA	NA	1	1	0.0
chr5	141318321	141321622	ENSG00000081791.4_1_1	+	141319320	NA	NA	NA	3	1	0.0
chr11	57583777	57587028	ENSG00000198561.8_2_1	+	57583777	NA	NA	NA	1	1	0.0
chr5	56189504	56191989	ENSG00000095015.5_1_1	+	56190601	NA	NA	NA	1	1	0.0
chr5	56189504	56191989	ENSG00000095015.5_1_1	+	56191209	NA	NA	NA	8	1	0.0
chr1	154321591	154323793	ENSG00000143515.12_2_1	+	154321955	NA	NA	NA	1	1	0.0
chr1	154321591	154323793	ENSG00000143515.12_2_1	+	154322109	NA	NA	NA	1	1	0.0
chr1	154321591	154323793	ENSG00000143515.12_2_1	+	154322567	NA	NA	NA	2	1	0.0
chr17	40351175	40353758	ENSG00000173757.4_1_1	-	40352739	NA	NA	NA	1	1	0.0
chr8	144873079	144873335	ENSG00000180900.11_1_1	-	144873259	NA	NA	NA	1	1	0.0
chr1	154916541	154917502	ENSG00000163346.9_1_1	-	154916993	NA	NA	NA	1	1	0.0
chr21	35469651	35478569	ENSG00000198743.5_1_1	+	35470307	NA	NA	NA	1	1	0.0
chr21	35469651	35478569	ENSG00000198743.5_1_1	+	35470773	NA	NA	NA	1	1	0.0
chr21	35469651	35478569	ENSG00000198743.5_1_1	+	35471913	NA	AATGAA	7	1	1	0.0
chr21	35469651	35478569	ENSG00000198743.5_1_1	+	35475781	NA	NA	NA	1	1	0.0
chr3	40574578	40579197	ENSG00000172888.7_1_1	+	40575486	NA	TTTAAA	17	1	1	0.0
chr7	38269523	38270282	ENSG00000010270.9_1_2	+	38270031	NA	AATAAA	0	1	1	0.0
chr18	47918614	47920553	ENSG00000154839.4_1_1	+	47919120	NA	NA	NA	1	1	0.0
chr10	74034943	74035804	ENSG00000168209.3_1_1	+	74035439	NA	NA	NA	1	1	0.0
chr4	175238531	175241492	ENSG00000164118.8_1_1	+	175239979	NA	NA	NA	1	1	0.0
chr17	44107323	44108844	ENSG00000120071.7_1_1	-	44107957	NA	NA	NA	1	1	0.0
chr2	219269145	219270674	ENSG00000144579.3_1_1	+	219270031	NA	NA	NA	1	1	0.0
chr4	1205225	1206030	ENSG00000159692.11_1_1	-	1205578	NA	AAGAAA	0	1	1	0.0
chr4	1205225	1206030	ENSG00000159692.11_1_1	-	1205653	NA	NA	NA	2	2	1.0
chr14	105235678	105236680	ENSG00000142208.10_1_1	-	105236011	NA	NA	NA	1	1	0.0
chr2	183960383	183964743	ENSG00000162999.8_1_1	+	183961771	NA	NA	NA	1	1	0.0
chr13	42893361	42897406	ENSG00000023516.7_1_1	+	42894417	NA	NA	NA	2	1	0.0
chrX	23802158	23802538	ENSG00000130066.11_1_1	+	23802392	NA	NA	NA	1	1	0.0
chr2	10269510	10271555	ENSG00000171848.7_2_1	+	10269555	NA	NA	NA	1	1	0.0
chr12	22841741	22842581	ENSG00000257064.1_1_1	+	22842233	NA	NA	NA	4	2	1.58113883008
chr15	75128448	75129571	ENSG00000140474.6_1_1	-	75129245	NA	NA	NA	1	1	0.0
chr12	69663291	69668142	ENSG00000111605.11_1_2	+	69666729	NA	TTTAAA	14	1	1	0.0
chr18	9954205	9960028	ENSG00000101558.8_1_1	+	9954246	NA	NA	NA	8	2	1.17260393996
chr19	37034507	37037770	ENSG00000186020.7_1_1	-	37036121	NA	NA	NA	1	1	0.0
chr3	37027346	37032747	ENSG00000178567.5_1_1	-	37029718	NA	AATAAA AATATA TTTAAA	13 17 9	4	2	5.19615242271
chr3	37027346	37032747	ENSG00000178567.5_1_1	-	37030085	NA	NA	NA	1	1	0.0
chr4	17882207	17885345	ENSG00000178177.9_3_1	-	17882409	NA	NA	NA	1	1	0.0
chr1	156495186	156496280	ENSG00000183856.6_1_1	-	156495453	NA	NA	NA	2	2	11.0
chr17	38290619	38293050	ENSG00000188895.5_1_1	+	38290836	NA	NA	NA	2	1	0.0
chr2	172337621	172341572	ENSG00000115827.8_2_1	+	172340513	NA	NA	NA	1	1	0.0
chr6	33663554	33664361	ENSG00000096433.5_1_1	+	33663981	NA	NA	NA	1	1	0.0
chr1	180080293	180084025	ENSG00000135837.11_2_1	+	180082111	NA	NA	NA	1	1	0.0
chr7	72854717	72856023	ENSG00000009954.6_1_1	-	72855934	NA	NA	NA	1	1	0.0
chr17	43227634	43229478	ENSG00000186834.2_1_1	+	43227652	NA	NA	NA	1	1	0.0
chr1	35319380	35321302	ENSG00000163866.7_2_1	-	35319747	NA	NA	NA	1	1	0.0
chr1	150523533	150524377	ENSG00000225996.2_1_1	+	150523533	NA	NA	NA	1	1	0.0
chr1	193219839	193223041	ENSG00000134371.8_1_1	+	193221315	NA	TTTAAA	31	1	1	0.0
chr1	36769615	36770968	ENSG00000054118.9_1_1	+	36770617	NA	NA	NA	2	1	0.0
chrX	77381324	77384803	ENSG00000102144.7_1_1	+	77383260	NA	NA	NA	1	1	0.0
chr15	41672381	41673255	ENSG00000137804.6_1_1	+	41672454	NA	NA	NA	2	1	0.0
chr20	35280158	35281925	ENSG00000101079.15_1_1	-	35280814	37	AATGAA	31	1	1	0.0
chr12	123346297	123347517	ENSG00000130787.8_1_1	+	123346613	-16	NA	NA	1	1	0.0
chr6	118880240	118881903	ENSG00000198523.5_1_1	+	118881309	NA	NA	NA	1	1	0.0
chrX	129506921	129507345	ENSG00000102078.11_2_1	+	129506921	NA	NA	NA	2	1	0.0
chr10	3178768	3179007	ENSG00000067057.10_1_1	+	3178821	NA	NA	NA	1	1	0.0
chr6	35800732	35803083	ENSG00000096063.10_1_1	-	35801917	NA	NA	NA	1	1	0.0
chr1	234740004	234742885	ENSG00000168264.6_1_1	-	234742205	NA	TTTAAA	19	3	1	0.0
chr1	17733245	17735588	ENSG00000179051.9_1_1	-	17734208	NA	NA	NA	1	1	0.0
chr1	160395165	160398478	ENSG00000162738.5_1_1	+	160395287	NA	NA	NA	2	1	0.0
chr20	49202634	49203771	ENSG00000042062.7_1_1	-	49203727	NA	NA	NA	2	1	0.0
chr1	59120400	59125671	ENSG00000162601.5_1_1	-	59121971	NA	NA	NA	1	1	0.0
chr19	32973143	32976805	ENSG00000178904.9_1_1	+	32976000	NA	NA	NA	1	1	0.0
chr21	44834384	44836624	ENSG00000142178.7_1_1	-	44836040	NA	NA	NA	1	1	0.0
chr1	155867588	155870181	ENSG00000143622.5_1_1	-	155869436	NA	NA	NA	1	1	0.0
chr2	208618419	208620908	ENSG00000163249.5_3_1	+	208618613	NA	NA	NA	1	1	0.0
chr7	44617482	44619080	ENSG00000158604.9_1_1	-	44618454	NA	NA	NA	1	1	0.0
chr7	44617482	44619080	ENSG00000158604.9_1_1	-	44619038	NA	NA	NA	1	1	0.0
chr7	25159699	25163322	ENSG00000172115.4_1_1	-	25160756	NA	NA	NA	1	1	0.0
chr4	129043666	129045034	ENSG00000138709.13_3_1	+	129043666	NA	NA	NA	2	1	0.0
chrX	85224081	85226574	ENSG00000188419.8_2_1	-	85225108	NA	NA	NA	1	1	0.0
chr9	131018097	131019348	ENSG00000167110.10_1_1	-	131019348	NA	AATAAA	10	1	1	0.0
chr1	52485792	52486607	ENSG00000117862.6_1_1	-	52486099	NA	NA	NA	1	1	0.0
chr17	64771337	64774643	ENSG00000154229.6_1_2	+	64772442	NA	NA	NA	1	1	0.0
chr12	58141070	58142004	ENSG00000135452.4_1_1	+	58141544	NA	TTTAAA	9	1	1	0.0
chr7	24727230	24729169	ENSG00000105926.9_1_1	+	24728407	NA	TATAAA AATATA	13 7	1	1	0.0
chr8	124025447	124027689	ENSG00000136986.4_1_1	-	124026396	8	NA	NA	1	1	0.0
chr4	177249478	177253406	ENSG00000129128.8_1_1	+	177253212	NA	AAGAAA	6	3	2	4.24264068712
chr2	190635038	190636495	ENSG00000128699.9_1_1	-	190635544	NA	NA	NA	1	1	0.0
chrX	12994927	12995356	ENSG00000205542.6_1_1	+	12994927	NA	NA	NA	1	1	0.0
chr19	10426884	10428132	ENSG00000161847.7_1_1	-	10428050	NA	NA	NA	1	1	0.0
chr20	45837848	45839408	ENSG00000101040.14_1_1	-	45838951	NA	NA	NA	2	1	0.0
chr20	43535076	43537183	ENSG00000166913.8_1_1	+	43536336	NA	NA	NA	1	1	0.0
chr10	104235738	104236812	ENSG00000138111.7_1_1	+	104235851	NA	NA	NA	1	1	0.0
chr12	80167332	80169711	ENSG00000058272.9_1_1	-	80169498	NA	AATGAA TTTAAA TTTAAA	0 11 32	2	1	0.0
chr12	110367596	110370785	ENSG00000139436.12_1_1	-	110370242	NA	NA	NA	1	1	0.0
chr22	30421787	30426865	ENSG00000100330.10_1_1	+	30422052	28	NA	NA	2	1	0.0
chr10	72637089	72640940	ENSG00000166224.11_1_1	+	72637611	NA	NA	NA	1	1	0.0
chr22	50356772	50357738	ENSG00000198355.4_1_1	+	50356852	NA	NA	NA	1	1	0.0
chr12	76438671	76442211	ENSG00000187109.7_1_1	-	76441085	NA	AATATA	3	1	1	0.0
chr12	76438671	76442211	ENSG00000187109.7_1_1	-	76441747	-30	NA	NA	1	1	0.0
chr17	27206342	27207581	ENSG00000132589.8_1_1	-	27207303	NA	NA	NA	1	1	0.0
chr15	78841283	78841614	ENSG00000041357.10_1_1	+	78841374	NA	NA	NA	1	1	0.0
chr7	12728479	12730569	ENSG00000122644.8_1_1	+	12729940	NA	NA	NA	3	1	0.0
chr6	129897266	129899660	ENSG00000146376.5_1_1	-	129899357	NA	NA	NA	1	1	0.0
chr9	32552986	32553876	ENSG00000165264.6_1_1	-	32553006	10	NA	NA	1	1	0.0
chr2	11964914	11967545	ENSG00000134324.7_1_1	+	11967345	NA	AATATA	3	1	1	0.0
chr2	136540454	136542643	ENSG00000144224.11_3_1	+	136542427	NA	NA	NA	1	1	0.0
chr8	144464818	144466400	ENSG00000158106.8_1_1	+	144464818	NA	NA	NA	1	1	0.0
chr16	23581908	23585720	ENSG00000103353.8_1_1	+	23584455	NA	NA	NA	1	1	0.0
chr6	159186762	159187948	ENSG00000092820.13_1_1	-	159187331	NA	NA	NA	1	1	0.0
chr17	73000166	73001905	ENSG00000109089.7_1_1	+	73000538	NA	NA	NA	1	1	0.0
chr3	33131902	33134328	ENSG00000188167.4_1_1	-	33132419	NA	NA	NA	1	1	0.0
chr13	38934912	38937150	ENSG00000120686.7_2_1	+	38936619	NA	NA	NA	4	1	0.0
chr12	54789038	54790079	ENSG00000161638.5_1_1	-	54789936	NA	NA	NA	1	1	0.0
chr2	170494030	170497926	ENSG00000138398.10_3_1	+	170497730	NA	NA	NA	1	1	0.0
chr4	57325701	57327544	ENSG00000128050.4_1_1	+	57326077	NA	NA	NA	1	1	0.0
chr7	129804544	129806293	ENSG00000146842.11_1_1	-	129805972	NA	AATACA ACTAAA	0 19	1	1	0.0
chr5	130977396	130980380	ENSG00000217128.5_2_1	-	130978258	NA	CATAAA AATGAA	20 24	1	1	0.0
chr8	42978017	42978587	ENSG00000185900.5_1_1	+	42978130	NA	NA	NA	1	1	0.0
chr18	60646661	60647676	ENSG00000081913.8_1_1	+	60647287	NA	NA	NA	1	1	0.0
chr14	70238175	70238732	ENSG00000100650.9_2_1	+	70238212	NA	NA	NA	1	1	0.0
chr3	129033604	129034106	ENSG00000184897.4_1_1	-	129034049	NA	NA	NA	1	1	0.0
chr1	26142206	26144723	ENSG00000162430.12_1_1	+	26143709	NA	NA	NA	1	1	0.0
chr1	70716485	70718745	ENSG00000116754.9_3_1	+	70717905	NA	NA	NA	1	1	0.0
chr1	70716485	70718745	ENSG00000116754.9_3_1	+	70718230	NA	NA	NA	2	1	0.0
chr3	50333822	50334036	ENSG00000243477.1_1_1	-	50333909	NA	NA	NA	1	1	0.0
chr1	22852886	22857660	ENSG00000184677.11_1_1	+	22855210	NA	NA	NA	1	1	0.0
chr17	60019956	60023831	ENSG00000108510.4_1_1	-	60023568	NA	NA	NA	1	1	0.0
chr9	138700322	138703157	ENSG00000130559.14_1_1	-	138702021	NA	AAGAAA	27	1	1	0.0
chr12	7031960	7032871	ENSG00000111674.2_1_1	+	7032478	NA	NA	NA	2	1	0.0
chr2	20647814	20649210	ENSG00000143878.8_1_1	+	20648946	NA	NA	NA	1	1	0.0
chr17	57917269	57917960	ENSG00000062716.4_1_1	+	57917383	NA	NA	NA	1	1	0.0
chr2	191797585	191800025	ENSG00000115419.8_2_1	+	191799184	NA	NA	NA	1	1	0.0
chr9	127619906	127620160	ENSG00000136918.3_1_1	+	127620158	0	NA	NA	7	2	0.925820099773
chr3	47626751	47629701	ENSG00000173473.6_1_1	-	47627517	NA	NA	NA	1	1	0.0
chr7	101892319	101901523	ENSG00000160967.12_2_1	+	101900605	NA	NA	NA	1	1	0.0
chr11	33375111	33378579	ENSG00000110422.7_1_1	+	33377653	NA	NA	NA	1	1	0.0
chr11	108376147	108380266	ENSG00000110723.6_1_1	-	108379263	NA	NA	NA	1	1	0.0
chr1	6581396	6585916	ENSG00000162408.10_1_1	-	6585151	NA	NA	NA	1	1	0.0
chr22	19881770	19882658	ENSG00000184470.13_2_1	-	19882157	NA	NA	NA	1	1	0.0
chr4	6643456	6644482	ENSG00000179010.10_1_2	+	6643548	32	NA	NA	1	1	0.0
chr1	109637118	109639566	ENSG00000215717.4_1_1	+	109637118	NA	NA	NA	1	1	0.0
chr1	21069143	21071292	ENSG00000127483.12_1_1	-	21070587	NA	TTTAAA	34	1	1	0.0
chr1	21069143	21071292	ENSG00000127483.12_1_1	-	21070977	NA	NA	NA	1	1	0.0
chr19	53912377	53915270	ENSG00000196417.6_1_1	+	53914563	NA	NA	NA	1	1	0.0
chr2	191064871	191068220	ENSG00000187699.6_1_1	+	191065653	NA	AATAAA	7	1	1	0.0
chr18	32912165	32917198	ENSG00000172466.9_1_1	-	32913102	NA	NA	NA	1	1	0.0
chr13	107194010	107196346	ENSG00000134884.8_1_1	-	107196174	NA	NA	NA	2	1	0.0
chr13	107194010	107196346	ENSG00000134884.8_1_1	-	107196246	NA	NA	NA	2	2	2.5495097568
chr16	50263236	50269231	ENSG00000121274.6_1_1	+	50264190	NA	NA	NA	1	1	0.0
chr21	40768862	40769825	ENSG00000182093.8_1_1	+	40768985	NA	AAGAAA	4	2	1	0.0
chr16	86563771	86565619	ENSG00000103248.11_1_1	-	86564219	NA	NA	NA	1	1	0.0
chr13	79173216	79175552	ENSG00000152192.4_1_1	-	79173414	NA	NA	NA	1	1	0.0
chr19	13883092	13885106	ENSG00000037757.8_1_1	+	13883842	NA	TTTAAA	3	1	1	0.0
chr12	118852235	118855850	ENSG00000111707.7_1_1	+	118853748	NA	NA	NA	1	1	0.0
chr14	70791787	70793052	ENSG00000133983.8_1_1	-	70793033	NA	AATAAA AGTAAA	27 34	1	1	0.0
chr19	13948609	13950528	ENSG00000247349.3_1_1	-	13949223	NA	NA	NA	1	1	0.0
chr1	29041282	29045875	ENSG00000162419.7_1_1	+	29043720	NA	NA	NA	1	1	0.0
chr16	84695736	84701302	ENSG00000135686.7_1_1	+	84696561	NA	NA	NA	1	1	0.0
chr12	74932183	74935233	ENSG00000253719.2_1_1	+	74934668	NA	NA	NA	2	1	0.0
chr1	149855999	149857812	ENSG00000184678.8_1_1	-	149856607	NA	NA	NA	1	1	0.0
chr16	68392219	68395111	ENSG00000103056.5_1_1	-	68392487	NA	NA	NA	1	1	0.0
chr15	67482871	67487543	ENSG00000166949.9_1_1	+	67486942	NA	NA	NA	1	1	0.0
chr3	13357726	13359183	ENSG00000132182.7_1_1	-	13358494	NA	NA	NA	2	1	0.0
chr5	154193653	154197177	ENSG00000155506.12_5_1	+	154194647	NA	NA	NA	1	1	0.0
chr5	154193653	154197177	ENSG00000155506.12_5_1	+	154196113	NA	NA	NA	5	4	11.2071405809
chr4	83343706	83346036	ENSG00000152795.12_1_1	-	83344678	NA	NA	NA	2	2	2.5495097568
chr4	83343706	83346036	ENSG00000152795.12_1_1	-	83345842	NA	NA	NA	1	1	0.0
chr2	39208526	39212967	ENSG00000115904.7_1_1	-	39211220	NA	NA	NA	1	1	0.0
chr2	43449530	43451460	ENSG00000152518.5_1_1	-	43450844	NA	NA	NA	2	1	0.0
chr1	19542147	19545799	ENSG00000127463.8_1_1	-	19542728	NA	NA	NA	1	1	0.0
chr22	47073145	47075698	ENSG00000075240.12_1_1	+	47073213	NA	NA	NA	9	1	0.0
chr12	8926377	8929797	ENSG00000166532.10_1_1	+	8926692	NA	NA	NA	1	1	0.0
chr19	1257268	1259149	ENSG00000167470.6_1_1	+	1257910	NA	NA	NA	1	1	0.0
chr19	1257268	1259149	ENSG00000167470.6_1_1	+	1258508	NA	NA	NA	1	1	0.0
chr6	75962629	75965820	ENSG00000112697.10_1_1	-	75963844	NA	NA	NA	1	1	0.0
chr12	57976959	57976998	ENSG00000155980.5_1_1	+	57976959	NA	NA	NA	1	1	0.0
chr16	75141630	75144621	ENSG00000186187.5_1_2	+	75142155	NA	NA	NA	1	1	0.0
chr6	118028175	118031813	ENSG00000153989.7_1_1	+	118029827	NA	NA	NA	1	1	0.0
chrX	41206969	41209472	ENSG00000215301.4_2_1	+	41209169	NA	NA	NA	1	1	0.0
chr2	55199314	55200294	ENSG00000115310.13_1_1	-	55200046	NA	NA	NA	1	1	0.0
chr19	47112407	47114049	ENSG00000160014.11_1_1	+	47113306	NA	NA	NA	1	1	0.0
chr5	148871749	148876418	ENSG00000113712.10_1_1	-	148875306	NA	NA	NA	1	1	0.0
chr17	25639392	25640667	ENSG00000109046.9_2_1	+	25639720	NA	NA	NA	2	1	0.0
chr17	25639392	25640667	ENSG00000109046.9_2_1	+	25640296	NA	NA	NA	1	1	0.0
chrX	123509742	123514388	ENSG00000009694.9_1_1	-	123510096	NA	NA	NA	1	1	0.0
chrX	123509742	123514388	ENSG00000009694.9_1_1	-	123510266	NA	NA	NA	1	1	0.0
chr6	99845916	99848418	ENSG00000132424.10_1_1	-	99848036	NA	NA	NA	1	1	0.0
chr6	99845916	99848418	ENSG00000132424.10_1_1	-	99848191	NA	NA	NA	1	1	0.0
chr1	203276563	203278740	ENSG00000159388.5_1_1	+	203276691	NA	AATGAA TTTAAA	5 1	1	1	0.0
chr1	113212751	113214251	ENSG00000116489.8_1_1	+	113213004	NA	NA	NA	1	1	0.0
chr9	127113223	127115596	ENSG00000119408.11_1_1	+	127115137	NA	NA	NA	1	1	0.0
chr19	49621644	49621892	ENSG00000221916.2_1_1	-	49621717	NA	NA	NA	2	1	0.0
chr5	10401026	10401883	ENSG00000145495.8_1_1	+	10401098	NA	NA	NA	2	1	0.0
chr2	152331582	152333873	ENSG00000080345.12_2_1	+	152331780	NA	NA	NA	1	1	0.0
chr1	145441215	145442645	ENSG00000117289.7_1_1	+	145441263	NA	AAGAAA	3	2	1	0.0
chr1	145441215	145442645	ENSG00000117289.7_1_1	+	145442272	NA	NA	NA	1	1	0.0
chr2	120443287	120444093	ENSG00000144120.7_2_1	+	120443450	NA	NA	NA	1	1	0.0
chr2	63272632	63273632	ENSG00000115504.9_1_1	+	63272632	NA	NA	NA	1	1	0.0
chr8	48889335	48890730	ENSG00000104738.10_2_1	+	48890079	NA	NA	NA	1	1	0.0
chr19	55861065	55862168	ENSG00000160471.4_1_1	-	55861496	NA	NA	NA	1	1	0.0
chr7	912965	914567	ENSG00000164828.12_2_1	+	912965	NA	NA	NA	1	1	0.0
chr13	52986828	52989967	ENSG00000136100.7_1_1	-	52989060	NA	NA	NA	1	1	0.0
chr12	54624722	54635541	ENSG00000094916.7_1_1	-	54627808	NA	NA	NA	1	1	0.0
chr4	71847771	71853895	ENSG00000173542.4_1_1	+	71851256	NA	TTTAAA	5	1	1	0.0
chr1	207245713	207251178	ENSG00000123836.10_1_1	+	207249616	NA	NA	NA	1	1	0.0
chr7	157208789	157210143	ENSG00000105993.8_3_1	+	157209441	NA	NA	NA	1	1	0.0
chr9	32455289	32457122	ENSG00000107201.4_1_1	-	32455626	NA	AATGAA	12	1	1	0.0
chr10	94211430	94214203	ENSG00000119912.10_1_1	-	94212408	NA	AATACA TTTAAA	27 13	1	1	0.0
chr19	1272439	1274439	ENSG00000099622.8_1_1	+	1272756	NA	NA	NA	2	2	3.0
chr19	1272439	1274439	ENSG00000099622.8_1_1	+	1272788	NA	NA	NA	4	1	0.0
chr19	1272439	1274439	ENSG00000099622.8_1_1	+	1272891	NA	NA	NA	1	1	0.0
chr19	1272439	1274439	ENSG00000099622.8_1_1	+	1273060	NA	NA	NA	1	1	0.0
chr19	1272439	1274439	ENSG00000099622.8_1_1	+	1273823	NA	NA	NA	6	4	9.318440499
chr22	36134772	36140244	ENSG00000100320.16_1_1	-	36135517	NA	AATAAA	9	1	1	0.0
chr22	36134772	36140244	ENSG00000100320.16_1_1	-	36140020	16	NA	NA	2	2	17.0
chr1	2238201	2241568	ENSG00000157933.9_1_1	+	2238498	NA	NA	NA	1	1	0.0
chr1	113454458	113456515	ENSG00000155380.7_1_1	-	113455428	NA	NA	NA	1	1	0.0
chr1	24086060	24088559	ENSG00000011007.7_1_1	+	24086808	NA	NA	NA	1	1	0.0
chr5	153433270	153437024	ENSG00000037749.7_1_1	+	153434392	NA	NA	NA	1	1	0.0
chr12	123745517	123746285	ENSG00000111328.2_1_1	-	123746059	NA	TTTAAA	22	1	1	0.0
chr1	155232648	155233011	ENSG00000176444.13_1_1	-	155232978	NA	AATAAA	33	1	1	0.0
chr2	10192631	10194973	ENSG00000172059.6_1_1	+	10192849	NA	NA	NA	1	1	0.0
chr17	21217539	21218562	ENSG00000034152.13_1_1	+	21218187	NA	NA	NA	1	1	0.0
chr2	153508096	153512822	ENSG00000196504.10_1_1	-	153512006	NA	TTTAAA	26	1	1	0.0
chr2	153508096	153512822	ENSG00000196504.10_1_1	-	153512444	NA	TATAAA	27	1	1	0.0
chr7	100400176	100401085	ENSG00000196411.5_1_1	-	100400475	NA	NA	NA	1	1	0.0
chr10	112044742	112047133	ENSG00000119950.14_1_1	+	112045301	NA	NA	NA	1	1	0.0
chr14	39617005	39619556	ENSG00000182400.9_1_1	-	39619556	NA	AATAAA AAGAAA ACTAAA	4 16 12	1	1	0.0
chr14	78183953	78184433	ENSG00000100603.7_1_1	-	78184246	NA	NA	NA	1	1	0.0
chr22	22108778	22118529	ENSG00000100030.9_1_1	-	22116735	NA	AATGAA	7	1	1	0.0
chr4	67760	68402	ENSG00000197701.7_1_1	+	67797	NA	NA	NA	2	1	0.0
chr4	67760	68402	ENSG00000197701.7_1_1	+	67939	NA	NA	NA	1	1	0.0
chr2	105961825	105965678	ENSG00000135974.5_1_1	+	105964462	NA	NA	NA	2	1	0.0
chr1	33321636	33324486	ENSG00000116497.13_2_1	+	33322697	NA	NA	NA	1	1	0.0
chr16	1820310	1820652	ENSG00000103024.2_1_1	-	1820316	0	NA	NA	3	2	1.15470053838
chr16	1820310	1820652	ENSG00000103024.2_1_1	-	1820344	28	NA	NA	1	1	0.0
chr1	173900341	173907861	ENSG00000135870.7_1_1	-	173901626	NA	TATAAA	15	1	1	0.0
chr1	173900341	173907861	ENSG00000135870.7_1_1	-	173903961	NA	ATTAAA	4	1	1	0.0
chr14	95552554	95556837	ENSG00000100697.8_1_1	-	95556509	NA	TTTAAA	20	1	1	0.0
chr3	178735000	178742807	ENSG00000172667.6_1_1	-	178736237	NA	NA	NA	1	1	0.0
chr12	56735373	56737175	ENSG00000170581.6_1_1	-	56736070	NA	CATAAA	1	2	2	11.0
chr17	79523904	79526287	ENSG00000182446.7_1_1	-	79525920	NA	NA	NA	2	1	0.0
chr2	37070772	37076601	ENSG00000115808.6_1_1	-	37071348	NA	CATAAA	12	1	1	0.0
chr7	129770583	129773606	ENSG00000128607.8_1_1	+	129772131	NA	NA	NA	5	1	0.0
chr19	58791174	58791859	ENSG00000083842.6_1_1	+	58791261	NA	NA	NA	1	1	0.0
chr3	124944394	124951187	ENSG00000163848.13_1_1	-	124945578	NA	NA	NA	1	1	0.0
chr9	72324427	72333260	ENSG00000188647.8_1_1	-	72331871	NA	ATTAAA	0	2	1	0.0
chr3	44481251	44488069	ENSG00000185219.10_1_1	-	44485627	NA	AATAAA GATAAA	9 5	1	1	0.0
chrX	153903519	153906457	ENSG00000160219.7_1_1	-	153903948	NA	NA	NA	1	1	0.0
chrX	153903519	153906457	ENSG00000160219.7_1_1	-	153904095	NA	NA	NA	2	1	0.0
chr6	34555054	34558344	ENSG00000196821.5_1_1	-	34555542	NA	NA	NA	1	1	0.0
chr2	7179888	7184323	ENSG00000151692.9_1_1	+	7181703	NA	NA	NA	2	1	0.0
chr10	104417108	104418174	ENSG00000171206.7_1_1	+	104417290	NA	NA	NA	1	1	0.0
chr22	19833650	19838692	ENSG00000215012.4_1_1	-	19834922	NA	NA	NA	2	1	0.0
chr17	56566882	56569026	ENSG00000108389.4_1_1	-	56567785	NA	NA	NA	1	1	0.0
chr3	196555273	196559528	ENSG00000180370.5_1_1	+	196557760	NA	AAGAAA	3	1	1	0.0
chr11	64807261	64808054	ENSG00000110025.7_1_1	+	64807480	NA	NA	NA	1	1	0.0
chr5	41917398	41921748	ENSG00000205765.4_1_1	+	41918118	NA	NA	NA	1	1	0.0
chr5	41917398	41921748	ENSG00000205765.4_1_1	+	41919120	NA	NA	NA	1	1	0.0
chr12	53434004	53436002	ENSG00000063046.11_1_1	+	53434585	NA	NA	NA	1	1	0.0
chr12	53434004	53436002	ENSG00000063046.11_1_1	+	53435286	NA	NA	NA	9	2	1.29099444874
chr1	156180219	156182597	ENSG00000160785.7_1_1	+	156180853	NA	NA	NA	1	1	0.0
chr10	73992871	73993597	ENSG00000166295.3_1_1	+	73993374	NA	TTTAAA	18	1	1	0.0
chr17	79876138	79880483	ENSG00000197063.5_1_1	-	79879215	NA	NA	NA	1	1	0.0
chr1	171669289	171673648	ENSG00000117533.10_1_1	-	171670117	NA	AGTAAA AATGAA	18 22	1	1	0.0
chr6	33267460	33269539	ENSG00000231925.5_1_1	-	33269351	NA	NA	NA	1	1	0.0
chr7	56078749	56079457	ENSG00000146733.9_1_1	-	56079222	NA	NA	NA	1	1	0.0
chr12	54104891	54105730	ENSG00000012822.7_1_1	-	54105578	NA	AAGAAA	14	1	1	0.0
chr17	40465331	40467765	ENSG00000168610.9_1_1	-	40466689	NA	NA	NA	1	1	0.0
chr11	47487485	47493654	ENSG00000149187.12_1_1	-	47490154	NA	NA	NA	1	1	0.0
chr11	47487485	47493654	ENSG00000149187.12_1_1	-	47490254	NA	NA	NA	1	1	0.0
chr11	47487485	47493654	ENSG00000149187.12_1_1	-	47490448	NA	NA	NA	3	1	0.0
chr11	47487485	47493654	ENSG00000149187.12_1_1	-	47493498	NA	NA	NA	1	1	0.0
chrX	150573527	150577846	ENSG00000160131.9_1_1	+	150576380	NA	NA	NA	1	1	0.0
chr16	69334824	69342965	ENSG00000168807.10_1_1	+	69335140	NA	NA	NA	1	1	0.0
chr12	110475356	110477241	ENSG00000076513.9_1_1	+	110476886	NA	NA	NA	1	1	0.0
chrX	153212993	153214800	ENSG00000172534.9_1_1	-	153213939	NA	NA	NA	2	2	13.0
chr19	13054724	13055314	ENSG00000179218.6_1_1	+	13054931	NA	TTTAAA	27	2	2	9.51314879522
chr5	173383137	173388989	ENSG00000113742.8_1_1	+	173384624	NA	NA	NA	1	1	0.0
chr13	52506798	52508894	ENSG00000123191.9_1_1	-	52508410	NA	AATAAA	1	1	1	0.0
chr19	18417709	18418276	ENSG00000130520.3_1_1	-	18418015	NA	NA	NA	1	1	0.0
chr1	26801636	26802473	ENSG00000198830.6_1_1	+	26801744	NA	TATAAA	7	2	2	9.0
chr8	91967737	91971646	ENSG00000123119.7_1_1	+	91969327	NA	NA	NA	1	1	0.0
chr8	91967737	91971646	ENSG00000123119.7_1_1	+	91970708	NA	ATTAAA AAGAAA	29 18	1	1	0.0
chr4	17630918	17634157	ENSG00000047662.4_1_1	-	17631648	NA	NA	NA	1	1	0.0
chr20	49367022	49370288	ENSG00000124171.4_1_1	+	49367817	NA	NA	NA	1	1	0.0
chr22	45580533	45583902	ENSG00000093000.13_2_1	+	45581197	NA	AAGAAA AATGAA	8 12	1	1	0.0
chr11	8633573	8639493	ENSG00000166436.10_1_1	-	8636166	NA	NA	NA	1	1	0.0
chr10	106071883	106074168	ENSG00000148841.10_1_1	-	106073609	NA	NA	NA	1	1	0.0
chr11	838189	838844	ENSG00000177697.12_1_1	+	838410	NA	NA	NA	1	1	0.0
chr1	166819643	166823720	ENSG00000143157.7_1_1	+	166819739	NA	NA	NA	1	1	0.0
chr17	76352853	76354501	ENSG00000184557.2_1_1	-	76353196	NA	NA	NA	1	1	0.0
chr2	100889742	100900762	ENSG00000170500.8_1_1	-	100898100	NA	NA	NA	1	1	0.0
chr9	129643190	129648167	ENSG00000177125.5_1_1	+	129644239	NA	NA	NA	1	1	0.0
chrX	100881106	100882843	ENSG00000102401.14_1_1	+	100881324	NA	NA	NA	1	1	0.0
chr2	96850586	96852470	ENSG00000084090.9_1_1	-	96851115	NA	NA	NA	5	1	0.0
chrX	129198838	129200698	ENSG00000102034.12_1_1	-	129199639	NA	NA	NA	1	1	0.0
chr19	18260533	18262509	ENSG00000099308.4_1_1	+	18260978	NA	NA	NA	1	1	0.0
chr17	46626221	46627698	ENSG00000120093.5_1_1	-	46626589	NA	TTTAAA	13	1	1	0.0
chr8	86193575	86196312	ENSG00000185015.3_1_1	+	86195167	NA	NA	NA	1	1	0.0
chr12	64841908	64844917	ENSG00000184575.7_1_1	+	64843955	NA	NA	NA	9	3	1.73205080757
chr12	64841908	64844917	ENSG00000184575.7_1_1	+	64844109	NA	NA	NA	1	1	0.0
chr12	120118127	120119445	ENSG00000111725.5_2_1	+	120118798	NA	NA	NA	1	1	0.0
chr3	33908014	33911204	ENSG00000170248.8_4_1	+	33908809	NA	AATAAA	11	1	1	0.0
chr16	47115537	47117134	ENSG00000171208.4_1_1	-	47116719	NA	NA	NA	1	1	0.0
chr16	47115537	47117134	ENSG00000171208.4_1_1	-	47116980	NA	ATTAAA AATATA	5 10	1	1	0.0
chr12	42840417	42842432	ENSG00000134283.11_3_1	+	42841669	NA	TTTAAA	8	1	1	0.0
chr20	46282158	46285631	ENSG00000124151.11_2_1	+	46283696	NA	NA	NA	1	1	0.0
chr14	21819620	21820834	ENSG00000092201.3_1_1	-	21820119	NA	NA	NA	1	1	0.0
chr15	42190559	42192845	ENSG00000103966.4_1_1	-	42192374	NA	NA	NA	1	1	0.0
chr14	53241901	53245031	ENSG00000100522.3_1_1	-	53242967	NA	ATTAAA	7	1	1	0.0
chr3	176737132	176743288	ENSG00000177565.10_1_1	-	176741335	NA	NA	NA	1	1	0.0
chrX	55033865	55035500	ENSG00000169188.4_1_1	+	55035489	1	AATAAA	22	1	1	0.0
chr2	101885872	101886788	ENSG00000158435.3_1_1	+	101886161	NA	NA	NA	1	1	0.0
chr12	98941633	98944167	ENSG00000120802.6_2_1	+	98943018	NA	NA	NA	1	1	0.0
chr15	91043337	91045485	ENSG00000140575.6_1_1	+	91043337	NA	NA	NA	1	1	0.0
chr10	7200575	7205734	ENSG00000198879.6_1_1	-	7205109	NA	TTTAAA	5	1	1	0.0
chr20	62904950	62907593	ENSG00000203880.6_1_1	+	62905093	NA	NA	NA	1	1	0.0
chr6	149911971	149912894	ENSG00000055211.7_1_1	+	149912875	-7	AATAAA	15	1	1	0.0
chr4	57259517	57261520	ENSG00000128059.4_1_1	-	57261373	NA	TTTAAA	30	1	1	0.0
chr22	22273782	22277467	ENSG00000100034.8_1_1	-	22275214	NA	NA	NA	1	1	0.0
chr1	146626674	146631146	ENSG00000131791.6_1_1	-	146630670	NA	NA	NA	1	1	0.0
chr4	77079879	77082868	ENSG00000138760.4_1_1	-	77082066	NA	NA	NA	1	1	0.0
chr21	43305210	43309235	ENSG00000157617.12_1_1	-	43307081	NA	NA	NA	2	1	0.0
chr21	43305210	43309235	ENSG00000157617.12_1_1	-	43307157	NA	NA	NA	1	1	0.0
chr14	24028046	24028797	ENSG00000157306.8_1_1	+	24028772	-11	AATATA	29	2	2	5.0
chr15	77775311	77777959	ENSG00000140382.9_1_2	+	77776679	NA	NA	NA	1	1	0.0
chrX	133559357	133562829	ENSG00000156531.12_2_1	+	133560131	-20	NA	NA	1	1	0.0
chr21	37747591	37748954	ENSG00000159256.7_1_1	+	37748113	NA	NA	NA	1	1	0.0
chr1	205577060	205585676	ENSG00000158711.8_1_1	-	205577893	NA	AATACA	34	1	1	0.0
chr9	131678647	131680328	ENSG00000136802.7_1_1	+	131679596	NA	NA	NA	1	1	0.0
chr7	30197161	30202388	ENSG00000180354.11_1_1	+	30198702	NA	NA	NA	1	1	0.0
chr5	139062489	139063477	ENSG00000171604.7_1_1	+	139062872	NA	NA	NA	1	1	0.0
chr4	38698881	38702673	ENSG00000109787.8_2_1	+	38700920	NA	NA	NA	1	1	0.0
chrX	109416676	109421026	ENSG00000157600.6_1_1	+	109420485	NA	NA	NA	1	1	0.0
chrX	109416676	109421026	ENSG00000157600.6_1_1	+	109420582	NA	NA	NA	1	1	0.0
chr9	140328810	140329368	ENSG00000188833.5_1_1	-	140328858	NA	NA	NA	2	1	0.0
chr2	85770892	85772413	ENSG00000168906.7_2_1	+	85771590	NA	NA	NA	2	1	0.0
chr2	85770892	85772413	ENSG00000168906.7_2_1	+	85771796	NA	NA	NA	2	2	2.5495097568
chr10	119764416	119768511	ENSG00000107560.6_1_1	-	119765539	NA	ACTAAA	31	1	1	0.0
chr19	3630171	3633167	ENSG00000186111.3_1_1	-	3631002	NA	NA	NA	1	1	0.0
chr20	32244882	32245637	ENSG00000125967.11_1_1	-	32245464	NA	NA	NA	2	1	0.0
chr20	32244882	32245637	ENSG00000125967.11_1_1	-	32245637	NA	AATAAA	7	1	1	0.0
chr1	51819924	51822374	ENSG00000085832.12_1_1	-	51822189	NA	AGTAAA	26	1	1	0.0
chr5	158711936	158713054	ENSG00000164332.6_1_1	+	158712100	NA	NA	NA	1	1	0.0
chr6	68598583	68598713	ENSG00000227706.2_1_1	-	68598713	NA	NA	NA	1	1	0.0
chr19	582749	583502	ENSG00000172270.10_1_2	+	582884	NA	NA	NA	1	1	0.0
chr11	82968392	82969334	ENSG00000137494.8_5_1	+	82969322	0	ATTAAA AATACA	19 30	1	1	0.0
chr17	37687566	37690810	ENSG00000167258.6_1_1	+	37688194	NA	NA	NA	1	1	0.0
chr3	191109546	191116469	ENSG00000152492.9_1_1	+	191112314	NA	NA	NA	1	1	0.0
chr7	19735074	19737941	ENSG00000105849.5_1_1	-	19735830	NA	GATAAA AATGAA	25 14	1	1	0.0
chr1	27180331	27182217	ENSG00000204160.5_1_1	+	27181208	NA	NA	NA	1	1	0.0
chr7	120935703	120937508	ENSG00000106034.13_3_1	+	120937275	NA	TTTAAA	17	1	1	0.0
chr22	21304130	21308047	ENSG00000099942.8_1_1	+	21304634	NA	NA	NA	6	2	9.89949493661
chr22	21304130	21308047	ENSG00000099942.8_1_1	+	21304720	NA	NA	NA	2	1	0.0
chr8	17077764	17082318	ENSG00000104219.8_1_2	+	17079511	NA	NA	NA	1	1	0.0
chr19	58865714	58867507	ENSG00000174586.4_1_1	-	58866549	NA	NA	NA	2	1	0.0
chrX	24094899	24096098	ENSG00000130741.5_2_1	+	24095219	NA	NA	NA	1	1	0.0
chr1	228285711	228286922	ENSG00000143761.8_1_1	+	228286123	NA	NA	NA	2	2	3.0
chr1	2336225	2337207	ENSG00000157911.5_1_1	-	2336875	NA	AATACA	15	1	1	0.0
chr1	38422636	38423860	ENSG00000183431.7_1_1	-	38423793	NA	NA	NA	1	1	0.0
chr6	26285261	26285418	ENSG00000158406.2_1_2	-	26285347	NA	CATAAA	26	1	1	0.0
chr18	211281	213749	ENSG00000101557.8_1_1	+	211711	NA	NA	NA	1	1	0.0
chr19	810823	812337	ENSG00000011304.10_1_1	+	810952	NA	TTTAAA	23	2	2	13.5092560861
chr16	28975181	28978428	ENSG00000176953.5_1_1	+	28976565	NA	NA	NA	1	1	0.0
chr9	123578320	123580186	ENSG00000095261.8_2_1	-	123578372	NA	NA	NA	1	1	0.0
chr9	139334538	139336209	ENSG00000148396.12_1_1	-	139334826	NA	NA	NA	1	1	0.0
chr13	107211158	107211533	ENSG00000134884.8_2_1	-	107211405	NA	GATAAA	11	1	1	0.0
chr17	80111475	80115611	ENSG00000176155.10_3_1	-	80114173	NA	NA	NA	1	1	0.0
chr6	32152499	32154161	ENSG00000204304.4_1_1	-	32153377	NA	NA	NA	1	1	0.0
chrX	70519923	70521028	ENSG00000147140.10_1_1	+	70520267	NA	NA	NA	4	2	2.5495097568
chrX	9684283	9687790	ENSG00000101849.11_1_1	+	9686995	NA	NA	NA	1	1	0.0
chr2	27466383	27466670	ENSG00000084774.8_1_1	+	27466431	NA	NA	NA	1	1	0.0
chr6	34255986	34256532	ENSG00000112664.4_1_1	-	34256341	NA	NA	NA	1	1	0.0
chr11	117038412	117041771	ENSG00000168092.8_1_1	+	117039368	NA	NA	NA	1	1	0.0
chr20	23355148	23358015	ENSG00000125814.12_1_1	-	23355924	NA	NA	NA	1	1	0.0
chr6	7281365	7290099	ENSG00000124783.8_2_1	-	7285912	NA	ATTAAA	30	1	1	0.0
chr4	166263095	166264322	ENSG00000052802.8_2_1	+	166263529	NA	NA	NA	2	1	0.0
chr5	145890202	145891534	ENSG00000113649.6_1_1	+	145890609	25	AAGAAA	6	2	1	0.0
chr5	145890202	145891534	ENSG00000113649.6_1_1	+	145890739	NA	NA	NA	1	1	0.0
chr17	30807770	30809408	ENSG00000108671.4_1_2	+	30808839	NA	NA	NA	1	1	0.0
chr9	131395610	131395951	ENSG00000197694.7_1_1	+	131395940	3	AATAAA	18	1	1	0.0
chr13	115037915	115038208	ENSG00000130177.10_1_1	+	115037915	NA	NA	NA	1	1	0.0
chr4	160279288	160281331	ENSG00000109756.4_1_1	+	160280274	NA	NA	NA	1	1	0.0
chr4	160279288	160281331	ENSG00000109756.4_1_1	+	160280319	NA	NA	NA	2	1	0.0
chr9	33041751	33047293	ENSG00000122692.7_1_1	-	33043930	NA	NA	NA	1	1	0.0
chr2	105880860	105883842	ENSG00000135966.7_1_1	-	105881623	NA	NA	NA	1	1	0.0
chr12	50720002	50721030	ENSG00000185958.5_1_1	-	50720629	NA	NA	NA	3	2	0.57735026919
chr19	15224771	15225796	ENSG00000105137.7_1_1	+	15225787	0	AATAAA	17	1	1	0.0
chr4	17625418	17627264	ENSG00000118579.6_1_1	+	17625649	NA	GATAAA	12	1	1	0.0
chr2	37477634	37480322	ENSG00000115825.5_1_1	-	37479022	NA	NA	NA	1	1	0.0
chr3	183900779	183901096	ENSG00000161203.8_1_1	+	183900963	NA	NA	NA	1	1	0.0
chr6	43303797	43304898	ENSG00000171467.10_1_1	-	43304152	NA	NA	NA	1	1	0.0
chr7	138982579	138992991	ENSG00000157741.9_2_1	+	138986840	NA	NA	NA	1	1	0.0
chr7	138982579	138992991	ENSG00000157741.9_2_1	+	138990506	NA	NA	NA	1	1	0.0
chr7	94185067	94186341	ENSG00000127995.12_2_1	+	94185786	NA	TATAAA	15	1	1	0.0
chr17	53853458	53854758	ENSG00000141179.6_1_1	+	53854069	NA	NA	NA	2	1	0.0
chr19	15348290	15349190	ENSG00000141867.11_1_1	-	15348398	NA	NA	NA	1	1	0.0
chr2	42557344	42559698	ENSG00000143924.14_1_1	+	42557776	NA	NA	NA	1	1	0.0
chr2	102507708	102508459	ENSG00000071054.10_1_1	+	102507909	NA	NA	NA	1	1	0.0
chrX	119570338	119573011	ENSG00000005893.10_3_1	-	119571487	NA	AATACA	14	1	1	0.0
chr6	31502577	31503008	ENSG00000198563.8_4_1	-	31502897	NA	NA	NA	1	1	0.0
chr8	30535572	30537039	ENSG00000104687.8_1_1	-	30536758	NA	AATATA	15	1	1	0.0
chr16	570836	573021	ENSG00000090565.10_1_1	+	572192	NA	NA	NA	1	1	0.0
chr10	103544189	103546210	ENSG00000198408.7_1_1	-	103544453	NA	NA	NA	1	1	0.0
chr17	74559251	74561440	ENSG00000163597.8_1_1	+	74559859	NA	NA	NA	2	1	0.0
chr7	6728053	6730481	ENSG00000164631.13_1_1	-	6729529	NA	NA	NA	1	1	0.0
chr20	47729867	47731417	ENSG00000124214.14_1_1	-	47730813	NA	NA	NA	1	1	0.0
chr16	677619	679282	ENSG00000197562.4_1_1	+	677957	NA	NA	NA	1	1	0.0
chr12	53805021	53810231	ENSG00000185591.4_1_1	+	53805544	NA	NA	NA	1	1	0.0
chr3	152057473	152058318	ENSG00000221962.3_1_1	-	152057512	29	AATATA	28	1	1	0.0
chr9	34086511	34088350	ENSG00000198876.7_1_1	-	34087296	NA	NA	NA	1	1	0.0
chr15	37100651	37102442	ENSG00000186073.6_1_1	+	37101048	NA	NA	NA	1	1	0.0
chr12	32896341	32898594	ENSG00000087470.11_3_1	+	32897897	NA	NA	NA	1	1	0.0
chr3	195686647	195686957	ENSG00000244385.2_1_1	-	195686957	NA	NA	NA	1	1	0.0
chr13	46700050	46701728	ENSG00000136167.8_1_1	-	46701023	NA	NA	NA	1	1	0.0
chr8	17913923	17915045	ENSG00000104763.12_1_1	-	17914871	NA	NA	NA	1	1	0.0
chr17	8062456	8064175	ENSG00000220205.3_1_1	-	8063454	NA	NA	NA	1	1	0.0
chr1	65897599	65901700	ENSG00000213625.4_1_1	+	65900390	NA	NA	NA	1	1	0.0
chr5	76722376	76725642	ENSG00000113231.9_1_1	+	76723744	NA	NA	NA	1	1	0.0
chr17	36921931	36925946	ENSG00000141720.6_1_1	-	36923641	NA	NA	NA	1	1	0.0
chr1	52882359	52884002	ENSG00000134748.11_1_1	+	52883033	NA	NA	NA	1	1	0.0
chr10	99476950	99477917	ENSG00000155254.7_1_2	+	99477303	NA	NA	NA	2	2	0.707106781187
