chrm	beg	end	utr_ID	strand	polyA_coordinate	annotated_polyA_distance	nearby_PAS	PAS_distance	number_supporting_reads	number_unique_supporting_reads	unique_reads_spread
chr15	91185369	91188587	ENSG00000140577.9_1_1	+	91188162	NA	ACTAAA	9	1	1	0.0
chr15	79189406	79190485	ENSG00000185787.9_1_1	+	79189599	NA	NA	NA	2	1	0.0
chr19	19616280	19619750	ENSG00000167491.10_1_1	+	19616797	NA	NA	NA	1	1	0.0
chr11	35016716	35017529	ENSG00000110435.6_1_1	+	35017063	NA	NA	NA	1	1	0.0
chr2	85551497	85552004	ENSG00000152291.9_2_1	-	85551545	38	NA	NA	2	1	0.0
chr16	29676249	29681821	ENSG00000197471.5_1_1	+	29676392	NA	NA	NA	13	2	2.51151195651
chr16	29676249	29681821	ENSG00000197471.5_1_1	+	29679557	NA	NA	NA	2	1	0.0
chr16	29676249	29681821	ENSG00000197471.5_1_1	+	29680539	NA	AATAGA	15	1	1	0.0
chr17	41120094	41121167	ENSG00000108825.11_3_1	-	41120550	NA	NA	NA	1	1	0.0
chr12	110927939	110928198	ENSG00000204856.6_2_1	+	110927939	NA	NA	NA	1	1	0.0
chr4	17802267	17805116	ENSG00000163257.6_1_1	-	17803234	NA	NA	NA	1	1	0.0
chr4	17802267	17805116	ENSG00000163257.6_1_1	-	17804264	NA	NA	NA	6	1	0.0
chr14	103807386	103811369	ENSG00000100664.5_1_1	+	103807606	NA	NA	NA	1	1	0.0
chr13	48619932	48621292	ENSG00000136159.2_1_1	+	48620740	NA	NA	NA	1	1	0.0
chr3	5257600	5261652	ENSG00000134109.5_3_1	+	5260548	NA	TTTAAA	26	4	2	5.19615242271
chr11	61567087	61569885	ENSG00000149485.10_1_1	-	61567233	NA	CATAAA	15	1	1	0.0
chr11	61567087	61569885	ENSG00000149485.10_1_1	-	61567940	NA	NA	NA	2	1	0.0
chr17	62224785	62226331	ENSG00000136478.2_1_1	-	62224992	NA	NA	NA	2	1	0.0
chr9	96326819	96328407	ENSG00000048828.11_3_1	+	96327690	NA	NA	NA	1	1	0.0
chr7	152343578	152345729	ENSG00000196584.2_1_1	-	152345494	NA	NA	NA	4	2	2.64575131106
chr16	25247315	25251139	ENSG00000155592.9_1_1	-	25250583	NA	NA	NA	2	1	0.0
chr6	159186762	159187948	ENSG00000092820.13_1_1	-	159187347	NA	NA	NA	1	1	0.0
chr2	196602416	196602647	ENSG00000118997.8_1_1	-	196602424	-1	NA	NA	2	2	2.0
chr1	179809091	179815208	ENSG00000169905.7_1_1	-	179811338	NA	NA	NA	2	1	0.0
chrX	24001826	24006040	ENSG00000174010.9_1_1	-	24005614	NA	NA	NA	1	1	0.0
chrX	70793641	70795757	ENSG00000147162.9_1_1	+	70794501	NA	AATATA	19	1	1	0.0
chrX	70793641	70795757	ENSG00000147162.9_1_1	+	70794622	NA	NA	NA	1	1	0.0
chr3	123210390	123213737	ENSG00000206527.5_1_1	-	123212732	NA	NA	NA	2	1	0.0
chr16	848030	848721	ENSG00000127588.3_1_1	-	848073	33	NA	NA	1	1	0.0
chr1	10516568	10521549	ENSG00000160049.6_1_1	-	10519785	NA	AATATA	25	5	1	0.0
chr16	21666750	21668804	ENSG00000197006.7_1_1	+	21666987	NA	NA	NA	1	1	0.0
chr22	21975955	21978333	ENSG00000185651.10_1_1	+	21976227	NA	NA	NA	1	1	0.0
chr22	21975955	21978333	ENSG00000185651.10_1_1	+	21977449	NA	NA	NA	1	1	0.0
chr15	91425105	91426698	ENSG00000140564.4_1_1	+	91426037	NA	NA	NA	1	1	0.0
chr22	22838763	22842094	ENSG00000198477.3_1_1	-	22840336	NA	NA	NA	2	1	0.0
chr17	73622561	73622923	ENSG00000188126.7_1_1	+	73622922	1	AATAAA	26	4	1	0.0
chr5	110462578	110466200	ENSG00000134987.6_2_1	+	110463641	NA	NA	NA	1	1	0.0
chr15	49935772	49937347	ENSG00000104047.9_1_1	+	49936482	NA	NA	NA	1	1	0.0
chr19	20003553	20004302	ENSG00000256771.1_1_1	+	20003804	NA	TATAAA	2	1	1	0.0
chr17	79528797	79532348	ENSG00000182446.7_2_1	-	79529964	NA	NA	NA	2	1	0.0
chr19	44088510	44096180	ENSG00000167378.3_1_1	-	44095997	NA	AATACA	4	1	1	0.0
chr6	7609103	7612101	ENSG00000168566.9_1_1	+	7611605	NA	TTTAAA	26	3	1	0.0
chr1	19585321	19586632	ENSG00000053372.4_1_1	+	19585321	NA	NA	NA	1	1	0.0
chrX	13730352	13732528	ENSG00000196459.7_1_1	-	13731570	NA	NA	NA	1	1	0.0
chr10	101992044	101992986	ENSG00000095485.11_1_1	-	101992905	NA	NA	NA	1	1	0.0
chr5	56189504	56191989	ENSG00000095015.5_1_1	+	56191209	NA	NA	NA	5	1	0.0
chr1	226170392	226173005	ENSG00000143751.7_1_1	-	226171986	NA	TTTAAA	26	1	1	0.0
chr1	226170392	226173005	ENSG00000143751.7_1_1	-	226172111	NA	NA	NA	1	1	0.0
chr1	226170392	226173005	ENSG00000143751.7_1_1	-	226172348	NA	NA	NA	1	1	0.0
chr1	226170392	226173005	ENSG00000143751.7_1_1	-	226172653	NA	NA	NA	5	2	1.67332005307
chr4	83739803	83740229	ENSG00000138674.12_1_1	-	83740039	NA	NA	NA	1	1	0.0
chr12	110478972	110480158	ENSG00000174456.6_1_1	-	110479726	NA	NA	NA	1	1	0.0
chr1	33473574	33476432	ENSG00000004455.10_1_1	-	33475498	NA	NA	NA	1	1	0.0
chr5	36098503	36104150	ENSG00000164187.5_1_1	-	36103831	NA	NA	NA	1	1	0.0
chr6	57053596	57055261	ENSG00000112210.6_1_1	-	57054068	NA	NA	NA	1	1	0.0
chr6	57053596	57055261	ENSG00000112210.6_1_1	-	57055044	NA	AATATA	9	1	1	0.0
chr1	145498775	145501679	ENSG00000152022.6_1_1	+	145500804	NA	NA	NA	1	1	0.0
chr11	73386927	73388945	ENSG00000175582.13_1_1	-	73387528	NA	TATAAA	19	1	1	0.0
chr21	35469651	35478569	ENSG00000198743.5_1_1	+	35478272	NA	TTTAAA	7	2	1	0.0
chr3	40574578	40579197	ENSG00000172888.7_1_1	+	40575979	NA	NA	NA	1	1	0.0
chr3	40574578	40579197	ENSG00000172888.7_1_1	+	40577752	NA	NA	NA	4	1	0.0
chr12	56537643	56538470	ENSG00000139641.6_1_1	+	56538017	NA	AATACA	12	1	1	0.0
chr11	27516112	27520198	ENSG00000148943.7_1_1	-	27517518	NA	TATAAA	12	1	1	0.0
chr7	38269523	38270282	ENSG00000010270.9_1_2	+	38269523	NA	NA	NA	3	1	0.0
chr15	83502285	83503623	ENSG00000156232.4_1_1	+	83502795	NA	NA	NA	1	1	0.0
chr14	100743934	100749139	ENSG00000100811.4_1_1	+	100744227	NA	NA	NA	1	1	0.0
chr18	47918614	47920553	ENSG00000154839.4_1_1	+	47918722	NA	NA	NA	1	1	0.0
chr18	47918614	47920553	ENSG00000154839.4_1_1	+	47918920	NA	NA	NA	1	1	0.0
chr18	47918614	47920553	ENSG00000154839.4_1_1	+	47919120	NA	NA	NA	4	1	0.0
chr10	74034943	74035804	ENSG00000168209.3_1_1	+	74035426	NA	NA	NA	4	1	0.0
chr4	175238531	175241492	ENSG00000164118.8_1_1	+	175239973	NA	NA	NA	13	2	1.66410058868
chr6	21231267	21232645	ENSG00000145996.7_1_1	+	21231671	NA	AATAAA	12	1	1	0.0
chr14	75598162	75601590	ENSG00000170348.3_1_1	-	75599098	NA	NA	NA	8	2	0.866025403784
chr14	75598162	75601590	ENSG00000170348.3_1_1	-	75600004	NA	AGTAAA AATACA	10 24	1	1	0.0
chr17	39847075	39848930	ENSG00000173812.4_1_1	+	39848061	NA	NA	NA	1	1	0.0
chr9	80943999	80945019	ENSG00000135069.8_1_1	+	80944736	NA	NA	NA	1	1	0.0
chr1	204372504	204375222	ENSG00000158615.7_1_1	-	204373613	NA	NA	NA	2	1	0.0
chr14	39501112	39502445	ENSG00000100934.7_1_1	-	39501831	NA	TTTAAA	16	1	1	0.0
chr15	65868714	65870703	ENSG00000074696.6_1_1	+	65868806	NA	NA	NA	2	1	0.0
chr4	1205225	1206030	ENSG00000159692.11_1_1	-	1205654	NA	NA	NA	2	1	0.0
chr2	183960383	183964743	ENSG00000162999.8_1_1	+	183961771	NA	NA	NA	2	1	0.0
chr2	183960383	183964743	ENSG00000162999.8_1_1	+	183962395	NA	NA	NA	3	1	0.0
chr4	44700695	44702953	ENSG00000151806.9_2_1	+	44701207	NA	NA	NA	1	1	0.0
chr4	56236255	56239273	ENSG00000128039.6_1_1	+	56237838	NA	NA	NA	1	1	0.0
chrX	135951342	135952576	ENSG00000147274.8_1_1	-	135951879	NA	NA	NA	1	1	0.0
chr3	45265947	45266619	ENSG00000249992.1_1_1	-	45265978	21	NA	NA	1	1	0.0
chr10	30598719	30602540	ENSG00000107951.7_1_1	-	30599826	NA	NA	NA	1	1	0.0
chr8	146034602	146035471	ENSG00000197363.4_1_2	+	146034885	NA	NA	NA	1	1	0.0
chr6	31477683	31478911	ENSG00000204516.5_1_1	+	31478225	NA	AATATA	14	1	1	0.0
chr12	69663291	69668142	ENSG00000111605.11_1_2	+	69665948	NA	NA	NA	1	1	0.0
chr17	79003491	79004720	ENSG00000226137.2_1_1	-	79003671	NA	NA	NA	1	1	0.0
chr18	9954205	9960028	ENSG00000101558.8_1_1	+	9954248	NA	NA	NA	13	3	2.36968027704
chr19	37034507	37037770	ENSG00000186020.7_1_1	-	37036121	NA	NA	NA	1	1	0.0
chr19	37034507	37037770	ENSG00000186020.7_1_1	-	37036603	NA	NA	NA	1	1	0.0
chr3	37027346	37032747	ENSG00000178567.5_1_1	-	37029715	NA	AATAAA AATATA TTTAAA	16 20 12	2	2	1.58113883008
chr3	37027346	37032747	ENSG00000178567.5_1_1	-	37032034	NA	NA	NA	1	1	0.0
chr3	37027346	37032747	ENSG00000178567.5_1_1	-	37032223	NA	ATTAAA	13	1	1	0.0
chr3	37027346	37032747	ENSG00000178567.5_1_1	-	37032418	NA	NA	NA	1	1	0.0
chr12	63037755	63042271	ENSG00000111110.5_1_1	-	63039156	NA	TATAAA	24	1	1	0.0
chr8	120846205	120847135	ENSG00000136982.5_1_1	-	120846303	NA	AAGAAA	0	1	1	0.0
chr7	102113554	102114098	ENSG00000005075.11_1_1	-	102113612	NA	NA	NA	10	2	1.26491106407
chr3	100082264	100084410	ENSG00000154174.6_1_1	-	100082585	NA	AATAAA	4	1	1	0.0
chr4	186080808	186083954	ENSG00000164323.8_1_1	-	186082754	NA	TATAAA TTTAAA TTTAAA	4 16 27	2	2	1.0
chr2	172337621	172341572	ENSG00000115827.8_2_1	+	172339190	NA	NA	NA	1	1	0.0
chr10	53455236	53457461	ENSG00000177613.7_1_1	-	53455510	NA	NA	NA	2	1	0.0
chr12	56555625	56557475	ENSG00000139613.6_1_1	-	56556767	NA	NA	NA	1	1	0.0
chr14	34901984	34904409	ENSG00000165389.6_1_1	-	34903169	NA	CATAAA	20	1	1	0.0
chr4	165997245	166000812	ENSG00000170088.7_1_1	-	165998979	NA	NA	NA	1	1	0.0
chrX	62567096	62569951	ENSG00000186767.5_1_1	-	62568995	NA	AATATA	11	1	1	0.0
chr7	72854717	72856023	ENSG00000009954.6_1_1	-	72855188	NA	NA	NA	2	1	0.0
chr2	188328946	188331665	ENSG00000003436.10_1_1	-	188330066	NA	NA	NA	1	1	0.0
chr2	188328946	188331665	ENSG00000003436.10_1_1	-	188330191	NA	NA	NA	70	2	0.119522860933
chr2	188328946	188331665	ENSG00000003436.10_1_1	-	188330230	NA	NA	NA	3	2	11.313708499
chr2	188328946	188331665	ENSG00000003436.10_1_1	-	188330296	NA	NA	NA	1	1	0.0
chr17	7215140	7215792	ENSG00000132507.12_1_2	+	7215263	NA	NA	NA	1	1	0.0
chr20	35219831	35222363	ENSG00000118707.3_1_1	+	35220730	NA	NA	NA	1	1	0.0
chr20	35219831	35222363	ENSG00000118707.3_1_1	+	35220812	NA	NA	NA	2	1	0.0
chr20	35219831	35222363	ENSG00000118707.3_1_1	+	35221221	NA	NA	NA	1	1	0.0
chr1	35319380	35321302	ENSG00000163866.7_2_1	-	35319599	NA	NA	NA	10	1	0.0
chr1	35319380	35321302	ENSG00000163866.7_2_1	-	35319916	NA	NA	NA	1	1	0.0
chr17	46684594	46685206	ENSG00000120087.5_1_1	-	46684918	NA	NA	NA	5	1	0.0
chr1	24113863	24114732	ENSG00000057757.5_1_1	+	24114237	NA	NA	NA	10	1	0.0
chr13	95672072	95673831	ENSG00000125257.9_1_1	-	95672988	NA	NA	NA	1	1	0.0
chr1	28087089	28088485	ENSG00000009780.10_1_1	+	28087475	NA	NA	NA	1	1	0.0
chr16	30565074	30566517	ENSG00000169951.3_1_1	-	30565948	NA	NA	NA	2	1	0.0
chr17	30551749	30552756	ENSG00000126858.11_1_1	+	30552491	NA	AATAAA	1	1	1	0.0
chr17	73885030	73886862	ENSG00000141569.5_1_1	-	73886010	NA	NA	NA	1	1	0.0
chr19	35435739	35436084	ENSG00000168661.8_1_1	+	35436001	NA	NA	NA	1	1	0.0
chr15	43650359	43653273	ENSG00000140265.7_1_1	-	43652543	NA	NA	NA	2	1	0.0
chr11	2418093	2418637	ENSG00000110651.6_1_1	+	2418229	NA	NA	NA	1	1	0.0
chr7	23165435	23165674	ENSG00000122550.11_3_1	+	23165435	NA	NA	NA	1	1	0.0
chr15	41672381	41673255	ENSG00000137804.6_1_1	+	41672438	NA	NA	NA	3	2	10.8627804912
chr15	41672381	41673255	ENSG00000137804.6_1_1	+	41672489	NA	NA	NA	1	1	0.0
chr16	69730262	69738579	ENSG00000102908.14_1_2	+	69734869	NA	NA	NA	3	1	0.0
chrX	129506921	129507345	ENSG00000102078.11_2_1	+	129506921	NA	NA	NA	4	1	0.0
chr6	35800732	35803083	ENSG00000096063.10_1_1	-	35802281	NA	NA	NA	2	2	3.0
chr16	89629447	89630960	ENSG00000167526.8_1_1	+	89630173	NA	NA	NA	4	1	0.0
chr5	76029325	76031616	ENSG00000181104.6_1_1	+	76031345	NA	AATAAA AATAAA AATAAA	3 14 22	1	1	0.0
chr1	17733245	17735588	ENSG00000179051.9_1_1	-	17734203	NA	NA	NA	1	1	0.0
chr1	17733245	17735588	ENSG00000179051.9_1_1	-	17734654	NA	NA	NA	1	1	0.0
chr1	17733245	17735588	ENSG00000179051.9_1_1	-	17735286	NA	NA	NA	1	1	0.0
chr2	26611968	26618769	ENSG00000138018.13_1_1	+	26614219	NA	NA	NA	1	1	0.0
chr4	89910764	89912122	ENSG00000138640.10_6_1	-	89911431	NA	NA	NA	1	1	0.0
chr1	160395165	160398478	ENSG00000162738.5_1_1	+	160395287	NA	NA	NA	2	1	0.0
chr2	70436565	70439853	ENSG00000116001.10_1_1	-	70437284	NA	NA	NA	1	1	0.0
chr20	49202634	49203771	ENSG00000042062.7_1_1	-	49203727	NA	NA	NA	2	1	0.0
chr6	43489035	43489274	ENSG00000171453.11_2_1	+	43489134	NA	NA	NA	3	1	0.0
chr10	75135192	75135855	ENSG00000138279.9_1_1	-	75135799	NA	NA	NA	1	1	0.0
chr1	59120400	59125671	ENSG00000162601.5_1_1	-	59121043	NA	NA	NA	2	1	0.0
chr1	59120400	59125671	ENSG00000162601.5_1_1	-	59123215	NA	NA	NA	2	1	0.0
chr1	59120400	59125671	ENSG00000162601.5_1_1	-	59123987	NA	NA	NA	1	1	0.0
chr12	109038880	109041181	ENSG00000110880.5_1_1	-	109040817	NA	NA	NA	1	1	0.0
chr22	42905963	42908918	ENSG00000189306.6_1_1	-	42908566	NA	NA	NA	1	1	0.0
chr2	10269510	10271555	ENSG00000171848.7_2_1	+	10269555	NA	NA	NA	1	1	0.0
chrX	48770448	48771410	ENSG00000102096.9_1_1	-	48770885	NA	NA	NA	1	1	0.0
chr4	120218196	120219934	ENSG00000164096.10_1_1	-	120218490	NA	TATAAA AATATA	16 14	2	1	0.0
chr6	150569953	150571503	ENSG00000198729.4_1_1	+	150570084	NA	NA	NA	2	1	0.0
chr6	150569953	150571503	ENSG00000198729.4_1_1	+	150570341	NA	NA	NA	1	1	0.0
chr6	2887489	2890399	ENSG00000170542.5_1_1	-	2889081	NA	TATAAA	7	1	1	0.0
chr10	104497516	104498961	ENSG00000156398.6_1_1	+	104498071	NA	NA	NA	2	1	0.0
chr19	1227591	1228444	ENSG00000118046.8_1_2	+	1228288	NA	NA	NA	2	2	1.0
chr6	56966891	56974524	ENSG00000112200.11_1_1	+	56970643	NA	AGTAAA	8	2	1	0.0
chr6	56966891	56974524	ENSG00000112200.11_1_1	+	56974058	NA	NA	NA	2	1	0.0
chr15	41028071	41028741	ENSG00000137824.9_1_1	-	41028092	9	NA	NA	2	1	0.0
chr1	52485792	52486607	ENSG00000117862.6_1_1	-	52486098	NA	NA	NA	3	2	0.816496580928
chr12	80167332	80169711	ENSG00000058272.9_1_1	-	80168412	NA	ATTAAA	31	1	1	0.0
chr12	80167332	80169711	ENSG00000058272.9_1_1	-	80168949	NA	NA	NA	2	1	0.0
chr12	80167332	80169711	ENSG00000058272.9_1_1	-	80169498	NA	AATGAA TTTAAA TTTAAA	0 11 32	1	1	0.0
chr12	80167332	80169711	ENSG00000058272.9_1_1	-	80169550	NA	NA	NA	1	1	0.0
chr15	41059544	41060094	ENSG00000137880.3_1_1	+	41060070	-12	NA	NA	28	6	2.24403972463
chr1	154243392	154243996	ENSG00000143569.13_4_1	+	154243693	NA	NA	NA	1	1	0.0
chr14	35030289	35032330	ENSG00000129515.13_1_1	-	35032273	NA	NA	NA	3	1	0.0
chrX	102471441	102472184	ENSG00000102409.9_1_1	+	102471516	NA	NA	NA	1	1	0.0
chr15	42823673	42825269	ENSG00000092531.4_1_1	+	42824307	NA	AATAGA	5	10	1	0.0
chr15	42823673	42825269	ENSG00000092531.4_1_1	+	42824461	NA	NA	NA	2	1	0.0
chr12	58141070	58142004	ENSG00000135452.4_1_1	+	58141996	-6	NA	NA	3	2	2.0
chr19	17452509	17453549	ENSG00000130299.10_1_1	+	17453282	NA	NA	NA	6	1	0.0
chr4	177249478	177253406	ENSG00000129128.8_1_1	+	177250212	NA	NA	NA	1	1	0.0
chr4	177249478	177253406	ENSG00000129128.8_1_1	+	177252388	NA	AATGAA	12	2	1	0.0
chr4	177249478	177253406	ENSG00000129128.8_1_1	+	177252694	NA	CATAAA	26	1	1	0.0
chr18	55267885	55268886	ENSG00000134440.6_1_1	-	55268182	NA	NA	NA	1	1	0.0
chr3	38294379	38296989	ENSG00000172939.4_2_1	+	38294863	NA	NA	NA	3	2	1.91485421551
chr3	38294379	38296989	ENSG00000172939.4_2_1	+	38296222	NA	NA	NA	3	1	0.0
chr8	133023139	133025899	ENSG00000132294.8_1_1	+	133023554	NA	NA	NA	4	1	0.0
chr10	43881054	43882087	ENSG00000169813.11_1_1	-	43882077	NA	TATAAA TTTAAA	16 29	1	1	0.0
chr10	96087754	96088156	ENSG00000138193.8_2_1	+	96088115	-31	NA	NA	1	1	0.0
chr16	14042201	14046215	ENSG00000175595.8_1_1	+	14043837	NA	NA	NA	1	1	0.0
chr6	35434119	35434890	ENSG00000112039.3_1_1	+	35434338	NA	NA	NA	2	1	0.0
chr1	174979212	174980861	ENSG00000116161.12_1_1	+	174980484	NA	NA	NA	2	1	0.0
chr19	10426884	10428132	ENSG00000161847.7_1_1	-	10427729	NA	NA	NA	2	1	0.0
chr16	50263236	50269231	ENSG00000121274.6_1_1	+	50263703	NA	NA	NA	1	1	0.0
chr6	33271339	33271554	ENSG00000231925.5_2_1	-	33271412	NA	AATAGA	26	2	1	0.0
chr20	45837848	45839408	ENSG00000101040.14_1_1	-	45839130	NA	AAGAAA	12	1	1	0.0
chr20	43535076	43537183	ENSG00000166913.8_1_1	+	43536235	NA	NA	NA	3	1	0.0
chr20	43535076	43537183	ENSG00000166913.8_1_1	+	43536301	NA	NA	NA	2	1	0.0
chr20	43535076	43537183	ENSG00000166913.8_1_1	+	43536336	NA	NA	NA	1	1	0.0
chr3	197398253	197401891	ENSG00000145016.9_1_1	-	197401752	NA	NA	NA	2	1	0.0
chr12	56495836	56497138	ENSG00000065361.6_2_1	+	56496778	NA	AAGAAA	24	1	1	0.0
chr17	34050715	34053444	ENSG00000006125.10_1_1	+	34051316	NA	NA	NA	1	1	0.0
chr12	112943628	112947727	ENSG00000179295.10_2_2	+	112944260	NA	NA	NA	1	1	0.0
chr12	112943628	112947727	ENSG00000179295.10_2_2	+	112946524	NA	NA	NA	1	1	0.0
chr22	50356772	50357738	ENSG00000198355.4_1_1	+	50357461	NA	NA	NA	1	1	0.0
chr17	30807770	30809408	ENSG00000108671.4_1_2	+	30808852	NA	NA	NA	1	1	0.0
chr17	27206342	27207581	ENSG00000132589.8_1_1	-	27207316	NA	NA	NA	6	3	6.7082039325
chr8	54958927	54960627	ENSG00000120992.11_1_1	-	54959995	29	NA	NA	2	2	3.53553390593
chr1	3545164	3546701	ENSG00000158109.9_1_1	+	3545644	NA	NA	NA	2	1	0.0
chr2	203744982	203745585	ENSG00000138442.3_1_1	-	203745271	NA	TTTAAA	4	1	1	0.0
chr3	45959385	45963259	ENSG00000163820.10_1_1	-	45960563	NA	NA	NA	1	1	0.0
chr14	90871058	90874627	ENSG00000198668.5_1_1	+	90871059	NA	NA	NA	1	1	0.0
chr1	245006475	245008369	ENSG00000203667.5_1_1	+	245007349	NA	AAGAAA AATATA	1 15	2	1	0.0
chr12	93802079	93803817	ENSG00000177889.4_1_1	-	93802987	NA	TATAAA CATAAA	11 32	1	1	0.0
chr12	93802079	93803817	ENSG00000177889.4_1_1	-	93803453	NA	NA	NA	1	1	0.0
chr16	83845025	83846604	ENSG00000230989.1_1_2	+	83846172	NA	NA	NA	7	1	0.0
chr19	5205508	5206787	ENSG00000105426.8_1_1	-	5206272	NA	NA	NA	1	1	0.0
chr12	111886103	111889436	ENSG00000111252.4_1_1	+	111887750	NA	NA	NA	9	1	0.0
chr9	32552986	32553876	ENSG00000165264.6_1_1	-	32553006	10	NA	NA	1	1	0.0
chr9	124101344	124103482	ENSG00000148175.7_1_1	-	124103031	-5	NA	NA	1	1	0.0
chr3	10191646	10193914	ENSG00000134086.6_1_1	+	10192595	NA	NA	NA	1	1	0.0
chr9	114980704	114986133	ENSG00000119314.11_1_1	-	114982677	NA	AGTAAA AAGAAA	4 14	1	1	0.0
chr9	114980704	114986133	ENSG00000119314.11_1_1	-	114983919	NA	NA	NA	1	1	0.0
chr9	114980704	114986133	ENSG00000119314.11_1_1	-	114984304	NA	NA	NA	1	1	0.0
chr9	114980704	114986133	ENSG00000119314.11_1_1	-	114984949	9	AATAAA TATAAA	13 9	1	1	0.0
chr15	56382721	56385545	ENSG00000181827.8_1_1	-	56382995	NA	NA	NA	1	1	0.0
chr16	23581908	23585720	ENSG00000103353.8_1_1	+	23584455	NA	NA	NA	1	1	0.0
chr19	13883092	13885106	ENSG00000037757.8_1_1	+	13883842	NA	TTTAAA	3	1	1	0.0
chr7	141352721	141355054	ENSG00000006530.10_4_1	+	141353297	NA	NA	NA	2	1	0.0
chr3	160212772	160219894	ENSG00000186432.4_1_1	-	160219089	NA	CATAAA	22	1	1	0.0
chr4	153242399	153244035	ENSG00000109670.7_1_1	-	153243517	NA	NA	NA	1	1	0.0
chr19	1037896	1039070	ENSG00000064666.6_1_1	+	1037982	NA	NA	NA	5	3	2.64575131106
chr19	1037896	1039070	ENSG00000064666.6_1_1	+	1038599	NA	NA	NA	1	1	0.0
chr19	5909150	5910271	ENSG00000187650.2_1_1	+	5909509	NA	NA	NA	4	1	0.0
chr6	89319974	89322440	ENSG00000111880.10_1_1	-	89321643	NA	NA	NA	4	1	0.0
chr13	38934912	38937150	ENSG00000120686.7_2_1	+	38936605	NA	NA	NA	4	3	14.4395290782
chr2	65248277	65251009	ENSG00000115902.5_1_1	+	65249710	NA	NA	NA	1	1	0.0
chr4	129960337	129961364	ENSG00000151466.7_3_1	-	129960831	NA	NA	NA	1	1	0.0
chr20	48249471	48252851	ENSG00000158470.5_1_1	-	48251241	NA	NA	NA	1	1	0.0
chr20	61826770	61828062	ENSG00000149658.12_1_1	-	61827479	NA	NA	NA	2	1	0.0
chr10	97626137	97637033	ENSG00000138185.11_2_1	+	97632798	NA	NA	NA	1	1	0.0
chr4	57325701	57327544	ENSG00000128050.4_1_1	+	57326235	NA	NA	NA	6	2	1.0
chr4	57325701	57327544	ENSG00000128050.4_1_1	+	57327252	NA	NA	NA	2	1	0.0
chr15	77336348	77339179	ENSG00000140391.7_1_1	-	77338997	NA	NA	NA	1	1	0.0
chr1	231499486	231502159	ENSG00000135766.7_1_1	-	231500250	NA	TTTAAA	23	1	1	0.0
chr7	129804544	129806293	ENSG00000146842.11_1_1	-	129805898	-22	NA	NA	4	2	7.36545993133
chr18	60646661	60647676	ENSG00000081913.8_1_1	+	60647120	NA	NA	NA	1	1	0.0
chr14	53237821	53241726	ENSG00000198252.6_1_1	+	53239014	NA	NA	NA	1	1	0.0
chr14	53237821	53241726	ENSG00000198252.6_1_1	+	53240075	NA	NA	NA	1	1	0.0
chr1	26142206	26144723	ENSG00000162430.12_1_1	+	26143709	NA	NA	NA	1	1	0.0
chr1	70716485	70718745	ENSG00000116754.9_3_1	+	70717452	NA	TTTAAA	2	1	1	0.0
chr1	70716485	70718745	ENSG00000116754.9_3_1	+	70718230	NA	NA	NA	2	1	0.0
chr6	37141864	37143212	ENSG00000137193.8_1_1	+	37142725	NA	NA	NA	4	2	1.32287565553
chr17	60019956	60023831	ENSG00000108510.4_1_1	-	60022472	NA	NA	NA	1	1	0.0
chr8	37611630	37616629	ENSG00000147475.9_3_1	+	37612366	NA	NA	NA	1	1	0.0
chrX	16170765	16171154	ENSG00000126010.4_1_1	+	16171077	NA	NA	NA	3	1	0.0
chr4	103182812	103184203	ENSG00000138821.8_2_1	-	103183489	NA	TATAAA	34	1	1	0.0
chr5	68505623	68506194	ENSG00000153044.5_1_1	+	68505827	NA	NA	NA	4	2	5.6789083458
chr5	162918167	162918957	ENSG00000072571.13_1_1	+	162918345	NA	NA	NA	1	1	0.0
chr4	99992121	99993570	ENSG00000197894.6_1_1	-	99992686	NA	NA	NA	1	1	0.0
chr15	41772882	41775771	ENSG00000137815.9_1_1	+	41773581	NA	NA	NA	1	1	0.0
chr10	1085837	1087129	ENSG00000067064.6_1_1	-	1086846	NA	AATAGA	24	1	1	0.0
chr7	5645102	5646296	ENSG00000075618.11_1_1	+	5645871	NA	NA	NA	1	1	0.0
chr8	41786986	41789725	ENSG00000083168.5_1_1	-	41788590	NA	NA	NA	2	1	0.0
chr4	73146675	73148855	ENSG00000156140.4_1_1	-	73147533	NA	AGTAAA AATGAA	10 17	2	1	0.0
chr19	52095025	52095891	ENSG00000167765.2_1_1	-	52095761	NA	NA	NA	1	1	0.0
chr9	127619906	127620160	ENSG00000136918.3_1_1	+	127620158	0	NA	NA	18	4	1.05409255339
chr19	56164109	56164537	ENSG00000173581.2_1_1	+	56164463	NA	NA	NA	1	1	0.0
chr18	9859319	9862563	ENSG00000168461.6_1_1	+	9861760	NA	NA	NA	1	1	0.0
chr11	108376147	108380266	ENSG00000110723.6_1_1	-	108379259	NA	NA	NA	1	1	0.0
chr5	177637621	177638174	ENSG00000197451.6_1_1	+	177638051	NA	NA	NA	1	1	0.0
chr8	101165541	101166240	ENSG00000147669.6_2_1	+	101165596	NA	NA	NA	1	1	0.0
chr15	40512957	40513388	ENSG00000156970.6_1_1	+	40513059	NA	NA	NA	1	1	0.0
chr16	11931185	11931646	ENSG00000171490.7_1_1	-	11931523	NA	NA	NA	1	1	0.0
chr1	109852181	109856667	ENSG00000134243.7_1_1	-	109855132	NA	NA	NA	1	1	0.0
chr1	109852181	109856667	ENSG00000134243.7_1_1	-	109856372	NA	NA	NA	1	1	0.0
chr1	6581396	6585916	ENSG00000162408.10_1_1	-	6583221	NA	NA	NA	3	2	0.816496580928
chr19	12903626	12904134	ENSG00000171223.4_1_1	+	12904031	NA	AAGAAA	24	2	1	0.0
chr1	3805678	3806526	ENSG00000198912.6_1_1	-	3806265	NA	NA	NA	5	1	0.0
chr1	101440774	101447319	ENSG00000162695.6_2_2	+	101443315	NA	NA	NA	1	1	0.0
chr1	101440774	101447319	ENSG00000162695.6_2_2	+	101446234	NA	NA	NA	1	1	0.0
chr1	21069143	21071292	ENSG00000127483.12_1_1	-	21070166	NA	NA	NA	3	1	0.0
chr1	21069143	21071292	ENSG00000127483.12_1_1	-	21070584	NA	NA	NA	5	3	4.64758001545
chr1	28904145	28905061	ENSG00000180098.5_1_1	+	28905053	4	AATATA AATACA	32 20	5	2	2.96647939484
chr12	62798152	62799908	ENSG00000135655.8_3_1	+	62798910	NA	NA	NA	1	1	0.0
chr18	32912165	32917198	ENSG00000172466.9_1_1	-	32913873	NA	NA	NA	1	1	0.0
chr18	32912165	32917198	ENSG00000172466.9_1_1	-	32914156	NA	AATAAA	31	1	1	0.0
chr18	10550214	10552772	ENSG00000134265.6_1_1	+	10551013	NA	NA	NA	3	1	0.0
chr5	180001197	180005415	ENSG00000113300.7_1_1	+	180002997	NA	NA	NA	1	1	0.0
chr12	120936010	120936307	ENSG00000088986.5_1_1	+	120936012	NA	NA	NA	1	1	0.0
chr17	57771210	57773681	ENSG00000141367.5_1_1	+	57772129	NA	AATAAA TTTAAA	15 10	1	1	0.0
chr17	57771210	57773681	ENSG00000141367.5_1_1	+	57772179	NA	ATTAAA	9	1	1	0.0
chr13	107194010	107196346	ENSG00000134884.8_1_1	-	107196258	NA	NA	NA	4	2	9.0
chr16	57286176	57287557	ENSG00000102931.2_1_1	+	57286236	NA	NA	NA	2	1	0.0
chr15	96880848	96883502	ENSG00000185551.7_1_1	+	96881346	NA	NA	NA	1	1	0.0
chr19	2273104	2273497	ENSG00000104904.4_1_1	+	2273244	NA	AATAAA	17	1	1	0.0
chr5	150647009	150650011	ENSG00000196743.4_2_1	+	150647736	NA	NA	NA	1	1	0.0
chr22	39069238	39069869	ENSG00000100211.6_1_1	+	39069295	NA	NA	NA	1	1	0.0
chr20	30252244	30253754	ENSG00000171552.8_1_1	-	30252552	NA	NA	NA	1	1	0.0
chr20	30252244	30253754	ENSG00000171552.8_1_1	-	30253343	NA	NA	NA	1	1	0.0
chr9	37438100	37440517	ENSG00000168795.4_1_1	-	37438910	NA	NA	NA	1	1	0.0
chr17	1421276	1423832	ENSG00000174238.7_1_1	-	1423829	NA	AATAAA	18	2	1	0.0
chr16	20744980	20748204	ENSG00000066654.7_1_1	-	20747200	NA	NA	NA	1	1	0.0
chr20	44527086	44527469	ENSG00000064601.11_1_1	+	44527399	NA	NA	NA	1	1	0.0
chrX	123041028	123047839	ENSG00000101966.8_1_1	+	123046678	NA	NA	NA	1	1	0.0
chr1	90058599	90063433	ENSG00000197147.6_2_1	+	90061626	NA	NA	NA	1	1	0.0
chr1	86115095	86119743	ENSG00000117174.6_1_1	-	86119287	NA	NA	NA	1	1	0.0
chr11	63527353	63530892	ENSG00000188070.6_1_1	-	63527358	-5	NA	NA	1	1	0.0
chr15	85212766	85213252	ENSG00000140612.8_1_1	-	85213252	NA	AATAAA TTTAAA	9 5	1	1	0.0
chr1	115259523	115260792	ENSG00000009307.11_1_1	-	115259895	-29	NA	NA	2	1	0.0
chr16	75476941	75481458	ENSG00000166822.6_1_1	-	75480074	NA	NA	NA	3	2	1.91485421551
chr12	118852235	118855850	ENSG00000111707.7_1_1	+	118853749	NA	NA	NA	7	2	1.0
chr10	32297927	32300444	ENSG00000170759.9_1_1	-	32298588	NA	NA	NA	1	1	0.0
chr5	74656164	74657939	ENSG00000113161.10_1_1	+	74656184	NA	NA	NA	1	1	0.0
chr1	100547762	100548943	ENSG00000156875.9_1_1	+	100548260	NA	AAGAAA ACTAAA	29 20	1	1	0.0
chr9	131395610	131395951	ENSG00000197694.7_1_1	+	131395940	3	AATAAA	18	1	1	0.0
chr5	133737767	133738608	ENSG00000237190.3_1_1	-	133738191	NA	NA	NA	1	1	0.0
chr18	3457935	3458419	ENSG00000177426.13_1_1	+	3458149	NA	NA	NA	2	1	0.0
chrX	129190108	129192068	ENSG00000085185.10_1_1	+	129190280	NA	NA	NA	2	1	0.0
chr1	1497721	1499917	ENSG00000160075.9_2_1	-	1499070	NA	NA	NA	1	1	0.0
chr6	119498363	119500986	ENSG00000111885.5_1_1	-	119500706	NA	NA	NA	1	1	0.0
chr5	71501063	71505405	ENSG00000131711.10_2_1	+	71504138	NA	NA	NA	5	1	0.0
chr6	29705898	29706244	ENSG00000204642.7_2_2	+	29706219	-13	NA	NA	1	1	0.0
chr16	84695736	84701302	ENSG00000135686.7_1_1	+	84696559	NA	NA	NA	2	2	1.58113883008
chr12	124081273	124083126	ENSG00000086598.4_1_1	+	124082012	NA	NA	NA	1	1	0.0
chr12	74932183	74935233	ENSG00000253719.2_1_1	+	74933860	NA	NA	NA	4	2	9.96242942259
chr22	42481518	42482189	ENSG00000184983.4_1_1	-	42482033	NA	NA	NA	1	1	0.0
chr20	7957984	7962900	ENSG00000125827.4_1_1	-	7960385	NA	NA	NA	1	1	0.0
chr19	24102889	24104353	ENSG00000213967.4_1_1	+	24103238	NA	NA	NA	1	1	0.0
chr16	56510114	56511417	ENSG00000087263.10_1_1	+	56510346	NA	ATTAAA	7	3	1	0.0
chr10	102120687	102124601	ENSG00000099194.4_1_1	+	102122308	NA	NA	NA	1	1	0.0
chr5	140698046	140698564	ENSG00000178913.5_1_1	-	140698410	NA	NA	NA	1	1	0.0
chr17	66526587	66528918	ENSG00000108946.7_1_1	+	66527693	NA	NA	NA	1	1	0.0
chr5	154193653	154197177	ENSG00000155506.12_5_1	+	154196594	NA	NA	NA	1	1	0.0
chr10	70451568	70454249	ENSG00000138336.7_1_1	+	70453385	NA	NA	NA	1	1	0.0
chr15	91043337	91045485	ENSG00000140575.6_1_1	+	91043597	-4	NA	NA	1	1	0.0
chr12	29493590	29494091	ENSG00000087502.11_1_1	-	29494055	NA	NA	NA	1	1	0.0
chr10	94413550	94415160	ENSG00000138160.4_1_1	+	94414236	NA	NA	NA	1	1	0.0
chr14	50796299	50796794	ENSG00000100490.5_1_1	-	50796770	NA	NA	NA	3	1	0.0
chr8	23047954	23049209	ENSG00000104689.5_1_1	-	23049137	NA	TATAAA	11	1	1	0.0
chr10	60154831	60158991	ENSG00000108064.6_1_1	+	60155596	NA	NA	NA	1	1	0.0
chr22	39126706	39129602	ENSG00000100226.11_2_1	+	39128721	NA	NA	NA	1	1	0.0
chr19	6440064	6441988	ENSG00000125648.8_2_1	-	6441213	NA	NA	NA	2	1	0.0
chr3	152881031	152886275	ENSG00000181467.2_1_1	+	152881865	NA	NA	NA	1	1	0.0
chr3	152881031	152886275	ENSG00000181467.2_1_1	+	152881966	NA	NA	NA	2	1	0.0
chr6	30152221	30153655	ENSG00000234127.3_1_1	-	30152500	NA	NA	NA	1	1	0.0
chr7	92234224	92244456	ENSG00000105810.5_1_1	-	92243506	NA	NA	NA	1	1	0.0
chr10	35858095	35860862	ENSG00000108100.12_1_1	+	35858194	NA	NA	NA	1	1	0.0
chr10	35858095	35860862	ENSG00000108100.12_1_1	+	35858565	12	NA	NA	2	1	0.0
chr10	35858095	35860862	ENSG00000108100.12_1_1	+	35858889	NA	NA	NA	1	1	0.0
chr15	64973890	64978277	ENSG00000180357.3_2_2	+	64975967	NA	TTTAAA	34	1	1	0.0
chr12	117153587	117155617	ENSG00000111412.3_1_1	-	117155027	NA	NA	NA	1	1	0.0
chr22	47073145	47075698	ENSG00000075240.12_1_1	+	47073213	NA	NA	NA	10	1	0.0
chr19	1257268	1259149	ENSG00000167470.6_1_1	+	1257910	NA	NA	NA	1	1	0.0
chr17	7143322	7144175	ENSG00000170296.4_1_1	-	7144034	NA	ACTAAA	10	2	1	0.0
chr14	53241901	53245031	ENSG00000100522.3_1_1	-	53242900	NA	ATTAAA TTTAAA	31 17	2	1	0.0
chr2	48602579	48606444	ENSG00000170802.9_1_1	+	48605539	NA	AGTAAA	4	1	1	0.0
chr2	48602579	48606444	ENSG00000170802.9_1_1	+	48605827	NA	NA	NA	1	1	0.0
chr10	103922023	103923637	ENSG00000166197.11_1_1	+	103922220	NA	NA	NA	1	1	0.0
chr10	103922023	103923637	ENSG00000166197.11_1_1	+	103922723	NA	AATATA	26	2	1	0.0
chr7	149169874	149171477	ENSG00000181220.9_1_1	-	149171204	NA	CATAAA	2	4	1	0.0
chr14	75201630	75203393	ENSG00000119616.6_1_1	+	75202291	NA	NA	NA	2	1	0.0
chr9	128125022	128129496	ENSG00000165219.14_3_1	+	128126543	NA	NA	NA	1	1	0.0
chr5	140085338	140086276	ENSG00000146007.5_1_1	+	140085656	NA	NA	NA	1	1	0.0
chr5	140085338	140086276	ENSG00000146007.5_1_1	+	140085718	NA	NA	NA	1	1	0.0
chr5	174953734	174956755	ENSG00000164466.7_2_1	+	174954590	NA	NA	NA	1	1	0.0
chr6	38643708	38645073	ENSG00000124767.5_1_1	-	38644669	NA	NA	NA	1	1	0.0
chr2	55199314	55200294	ENSG00000115310.13_1_1	-	55200046	NA	NA	NA	1	1	0.0
chr1	110564299	110566367	ENSG00000168710.13_1_1	+	110564385	NA	AAGAAA	2	1	1	0.0
chr1	110564299	110566367	ENSG00000168710.13_1_1	+	110565921	NA	NA	NA	1	1	0.0
chr7	127732107	127732669	ENSG00000197157.5_1_1	+	127732385	NA	TTTAAA	32	2	1	0.0
chr19	47112407	47114049	ENSG00000160014.11_1_1	+	47112779	NA	NA	NA	2	1	0.0
chr19	47112407	47114049	ENSG00000160014.11_1_1	+	47113307	NA	NA	NA	10	2	1.84390889146
chr1	31404342	31406060	ENSG00000134644.10_1_1	-	31404912	7	TATAAA AATATA	9 16	1	1	0.0
chr17	27582844	27591559	ENSG00000108256.2_1_1	-	27586594	NA	NA	NA	5	1	0.0
chr16	19711795	19712452	ENSG00000103544.8_3_1	+	19711910	NA	NA	NA	1	1	0.0
chr4	6882690	6885907	ENSG00000170871.7_1_1	+	6883282	NA	NA	NA	1	1	0.0
chr5	148871749	148876418	ENSG00000113712.10_1_1	-	148875306	NA	NA	NA	6	2	0.816496580928
chrX	148558510	148564279	ENSG00000010404.13_1_1	-	148564053	-20	NA	NA	3	1	0.0
chr17	25639392	25640667	ENSG00000109046.9_2_1	+	25639605	NA	TATAAA AATATA	26 24	1	1	0.0
chr17	25639392	25640667	ENSG00000109046.9_2_1	+	25640296	NA	NA	NA	2	1	0.0
chrX	123509742	123514388	ENSG00000009694.9_1_1	-	123510143	NA	NA	NA	3	1	0.0
chr1	203276563	203278740	ENSG00000159388.5_1_1	+	203277863	NA	AATAAA ACTAAA	8 4	2	1	0.0
chr14	102547062	102548051	ENSG00000080824.10_1_1	-	102547895	NA	NA	NA	6	1	0.0
chr1	113212751	113214251	ENSG00000116489.8_1_1	+	113213004	NA	NA	NA	19	1	0.0
chr12	56429112	56432229	ENSG00000123411.9_1_1	+	56429401	NA	TTTAAA	33	1	1	0.0
chr19	49621644	49621892	ENSG00000221916.2_1_1	-	49621717	NA	NA	NA	14	1	0.0
chr7	12728479	12730569	ENSG00000122644.8_1_1	+	12729940	NA	NA	NA	1	1	0.0
chr6	30692171	30693213	ENSG00000196230.7_1_1	+	30692289	NA	NA	NA	5	4	3.60555127546
chr6	30692171	30693213	ENSG00000196230.7_1_1	+	30692859	NA	NA	NA	2	1	0.0
chr6	30692171	30693213	ENSG00000196230.7_1_1	+	30692914	NA	NA	NA	8	2	5.95818764391
chr15	52839421	52844133	ENSG00000128989.4_1_1	-	52840703	NA	NA	NA	1	1	0.0
chr8	63775831	63776067	ENSG00000185942.6_1_1	+	63775831	NA	NA	NA	2	1	0.0
chr3	182655851	182662884	ENSG00000043093.8_1_1	-	182660730	NA	NA	NA	2	1	0.0
chr1	3696773	3697654	ENSG00000130764.5_1_1	-	3697551	NA	NA	NA	3	2	8.9814623902
chr12	32896341	32898594	ENSG00000087470.11_3_1	+	32896858	NA	NA	NA	1	1	0.0
chr1	167673930	167675496	ENSG00000198771.6_1_1	+	167675411	NA	NA	NA	1	1	0.0
chr22	39081537	39083909	ENSG00000100221.6_1_1	-	39083336	NA	NA	NA	3	1	0.0
chr8	103265229	103266532	ENSG00000104517.7_1_1	-	103265568	NA	NA	NA	2	1	0.0
chrX	118672101	118673692	ENSG00000018610.8_1_1	-	118673494	NA	NA	NA	1	1	0.0
chr1	145441215	145442645	ENSG00000117289.7_1_1	+	145441971	NA	NA	NA	3	1	0.0
chr8	48889335	48890730	ENSG00000104738.10_2_1	+	48890079	NA	NA	NA	1	1	0.0
chr7	912965	914567	ENSG00000164828.12_2_1	+	913468	NA	NA	NA	1	1	0.0
chr19	16243111	16244453	ENSG00000167461.6_1_1	+	16243689	NA	NA	NA	1	1	0.0
chr7	75162610	75167495	ENSG00000127946.12_1_1	-	75165512	NA	NA	NA	1	1	0.0
chr6	84799197	84800610	ENSG00000135324.5_1_1	+	84799543	NA	ATTAAA TTTAAA	10 0	3	1	0.0
chr12	54624722	54635541	ENSG00000094916.7_1_1	-	54635506	NA	NA	NA	1	1	0.0
chr8	117858163	117859741	ENSG00000164754.7_1_1	-	117859741	NA	AATAAA	6	1	1	0.0
chr14	70177693	70181871	ENSG00000100647.6_1_1	+	70178559	NA	NA	NA	1	1	0.0
chrX	153903519	153906457	ENSG00000160219.7_1_1	-	153903923	NA	NA	NA	1	1	0.0
chr21	30376694	30378740	ENSG00000156253.2_1_1	-	30377388	NA	TTTAAA AATAGA	22 26	2	1	0.0
chr4	71847771	71853895	ENSG00000173542.4_1_1	+	71850305	NA	TATAAA	18	1	1	0.0
chr4	71847771	71853895	ENSG00000173542.4_1_1	+	71851246	NA	TTTAAA	15	3	2	6.13731754651
chr4	159825693	159829211	ENSG00000052795.8_1_1	+	159827153	NA	NA	NA	1	1	0.0
chr8	23154691	23155558	ENSG00000134013.9_1_1	-	23154938	NA	NA	NA	1	1	0.0
chr18	34359490	34360028	ENSG00000134775.8_1_1	+	34359937	NA	AAGAAA	11	1	1	0.0
chr18	34359490	34360028	ENSG00000134775.8_1_1	+	34360016	0	AATAAA ACTAAA AATAGA	22 18 26	2	1	0.0
chr19	1272439	1274439	ENSG00000099622.8_1_1	+	1272788	NA	NA	NA	2	1	0.0
chr19	1272439	1274439	ENSG00000099622.8_1_1	+	1273810	NA	NA	NA	3	1	0.0
chr19	1272439	1274439	ENSG00000099622.8_1_1	+	1273841	NA	NA	NA	2	2	0.707106781187
chr19	1272439	1274439	ENSG00000099622.8_1_1	+	1274003	NA	NA	NA	1	1	0.0
chr15	75661709	75664322	ENSG00000169375.10_1_1	-	75663820	NA	NA	NA	4	2	1.0
chr15	75094851	75095549	ENSG00000103653.10_1_1	+	75095180	NA	NA	NA	2	2	10.0
chr10	105885459	105886153	ENSG00000156384.10_1_1	+	105885541	NA	ATTAAA	4	1	1	0.0
chr2	224831748	224832441	ENSG00000135900.3_1_1	+	224831945	NA	NA	NA	2	2	17.5071414
chr7	6442074	6443618	ENSG00000136238.13_1_1	+	6442222	NA	NA	NA	3	1	0.0
chr5	82348654	82352905	ENSG00000174695.5_1_1	-	82351456	NA	NA	NA	2	1	0.0
chr8	98736895	98741008	ENSG00000147649.5_2_1	+	98740578	NA	ACTAAA	24	1	1	0.0
chr19	47341412	47341706	ENSG00000042753.6_1_1	-	47341701	NA	AATAAA	10	1	1	0.0
chr1	16265919	16266965	ENSG00000065526.5_2_1	+	16266243	NA	AATGAA	17	1	1	0.0
chr1	24086060	24088559	ENSG00000011007.7_1_1	+	24086112	NA	AATACA	31	1	1	0.0
chr1	24086060	24088559	ENSG00000011007.7_1_1	+	24087009	NA	NA	NA	3	1	0.0
chr8	59494296	59495429	ENSG00000137575.7_1_1	+	59494749	NA	NA	NA	1	1	0.0
chr20	62521295	62522908	ENSG00000101150.11_1_1	+	62521995	NA	AATACA	10	1	1	0.0
chr5	133530014	133533465	ENSG00000113575.5_1_1	-	133533007	NA	ATTAAA	31	1	1	0.0
chr12	123745517	123746285	ENSG00000111328.2_1_1	-	123746053	NA	TTTAAA	28	2	1	0.0
chr17	5344221	5347527	ENSG00000005100.7_1_1	-	5345137	NA	NA	NA	1	1	0.0
chr6	18222220	18224094	ENSG00000165097.8_1_1	+	18222735	NA	NA	NA	1	1	0.0
chr19	21366834	21368815	ENSG00000196705.3_1_1	+	21368254	NA	NA	NA	6	1	0.0
chr4	106766731	106768895	ENSG00000138780.9_2_1	+	106767172	NA	NA	NA	1	1	0.0
chr10	112044742	112047133	ENSG00000119950.14_1_1	+	112045868	NA	NA	NA	3	1	0.0
chr17	73314146	73316451	ENSG00000177885.8_1_1	-	73315398	NA	NA	NA	4	1	0.0
chr17	73314146	73316451	ENSG00000177885.8_1_1	-	73316167	NA	NA	NA	3	3	3.87298334621
chr22	39079843	39080828	ENSG00000100216.4_1_1	+	39079936	NA	NA	NA	1	1	0.0
chr17	41362090	41363716	ENSG00000188554.7_1_1	+	41362395	NA	NA	NA	1	1	0.0
chr12	124242576	124245559	ENSG00000185344.7_2_1	+	124245472	NA	TTTAAA	15	1	1	0.0
chr4	67760	68402	ENSG00000197701.7_1_1	+	67797	NA	NA	NA	8	1	0.0
chr4	67760	68402	ENSG00000197701.7_1_1	+	67932	NA	NA	NA	1	1	0.0
chr12	51373566	51375511	ENSG00000110911.9_1_1	-	51373855	NA	TTTAAA	27	1	1	0.0
chr8	38173924	38175476	ENSG00000147548.10_2_1	-	38175172	NA	NA	NA	1	1	0.0
chr17	40023150	40024065	ENSG00000131473.10_1_1	-	40023618	NA	NA	NA	4	1	0.0
chr2	105961825	105965678	ENSG00000135974.5_1_1	+	105964463	NA	NA	NA	7	2	2.80305955291
chr2	27844325	27845973	ENSG00000243943.3_1_1	+	27844495	NA	NA	NA	1	1	0.0
chr1	33321636	33324486	ENSG00000116497.13_2_1	+	33322697	NA	NA	NA	2	1	0.0
chr16	1820310	1820652	ENSG00000103024.2_1_1	-	1820326	10	NA	NA	3	2	12.274635093
chr14	95552554	95556837	ENSG00000100697.8_1_1	-	95556509	NA	TTTAAA	20	2	1	0.0
chrX	109437403	109441750	ENSG00000101935.5_1_1	-	109439102	NA	NA	NA	3	1	0.0
chr19	5691834	5692045	ENSG00000196365.5_1_1	-	5691886	NA	NA	NA	3	1	0.0
chr17	79523904	79526287	ENSG00000182446.7_1_1	-	79525611	NA	NA	NA	2	1	0.0
chr1	211916788	211923243	ENSG00000123684.8_1_1	-	211922025	NA	NA	NA	3	1	0.0
chr7	129770583	129773606	ENSG00000128607.8_1_1	+	129771915	NA	NA	NA	1	1	0.0
chr10	96369609	96373672	ENSG00000119969.10_4_2	+	96370363	NA	AATAGA	18	1	1	0.0
chr15	49170934	49172200	ENSG00000255302.1_1_1	+	49171728	NA	AAGAAA	7	1	1	0.0
chr2	32842968	32843976	ENSG00000115760.9_1_1	+	32843171	NA	NA	NA	1	1	0.0
chr2	32842968	32843976	ENSG00000115760.9_1_1	+	32843306	NA	NA	NA	2	1	0.0
chr19	23921986	23926416	ENSG00000196172.8_1_1	-	23925331	NA	NA	NA	2	1	0.0
chr6	26138281	26139346	ENSG00000180573.7_1_2	+	26138627	NA	NA	NA	2	2	1.58113883008
chr1	46092965	46093930	ENSG00000159592.6_1_1	-	46093394	NA	ATTAAA	29	2	2	3.0
chr14	24649414	24649650	ENSG00000196497.8_1_1	-	24649650	NA	NA	NA	1	1	0.0
chr15	72875630	72879702	ENSG00000166233.6_1_1	+	72875930	NA	NA	NA	3	1	0.0
chr6	34555054	34558344	ENSG00000196821.5_1_1	-	34555542	NA	NA	NA	1	1	0.0
chr6	34555054	34558344	ENSG00000196821.5_1_1	-	34557948	NA	NA	NA	1	1	0.0
chr15	58245611	58247397	ENSG00000128918.8_1_1	-	58246597	NA	NA	NA	1	1	0.0
chr2	7179888	7184323	ENSG00000151692.9_1_1	+	7183010	NA	NA	NA	6	1	0.0
chr1	228363211	228369968	ENSG00000181873.8_1_1	+	228368368	NA	NA	NA	1	1	0.0
chr10	104417108	104418174	ENSG00000171206.7_1_1	+	104417290	NA	NA	NA	1	1	0.0
chr22	19833650	19838692	ENSG00000215012.4_1_1	-	19835328	NA	NA	NA	1	1	0.0
chr17	56566882	56569026	ENSG00000108389.4_1_1	-	56567368	NA	NA	NA	1	1	0.0
chr3	196555273	196559528	ENSG00000180370.5_1_1	+	196556799	NA	NA	NA	1	1	0.0
chr11	64807261	64808054	ENSG00000110025.7_1_1	+	64807492	NA	NA	NA	1	1	0.0
chr10	65380626	65384893	ENSG00000165476.6_1_1	+	65382486	NA	NA	NA	1	1	0.0
chr5	41917398	41921748	ENSG00000205765.4_1_1	+	41918407	NA	NA	NA	1	1	0.0
chr5	41917398	41921748	ENSG00000205765.4_1_1	+	41921101	NA	NA	NA	1	1	0.0
chr12	53434004	53436002	ENSG00000063046.11_1_1	+	53434585	NA	NA	NA	1	1	0.0
chr12	53434004	53436002	ENSG00000063046.11_1_1	+	53435285	NA	NA	NA	35	2	1.72378321474
chr16	29930851	29930963	ENSG00000174939.5_1_3	+	29930957	6	NA	NA	1	1	0.0
chr10	69676347	69678157	ENSG00000096717.7_1_1	+	69676856	NA	NA	NA	1	1	0.0
chr19	4502193	4504473	ENSG00000167676.3_1_1	-	4502220	17	NA	NA	5	3	7.5894663844
chr17	79876138	79880483	ENSG00000197063.5_1_1	-	79878339	NA	NA	NA	1	1	0.0
chr6	17608567	17611960	ENSG00000137414.4_1_1	+	17609285	NA	NA	NA	1	1	0.0
chr6	33267460	33269539	ENSG00000231925.5_1_1	-	33268867	NA	NA	NA	3	1	0.0
chr6	33267460	33269539	ENSG00000231925.5_1_1	-	33269351	NA	NA	NA	4	1	0.0
chr19	16212153	16213823	ENSG00000167460.8_1_1	+	16212353	NA	NA	NA	2	1	0.0
chr10	74766964	74767982	ENSG00000122884.7_1_1	-	74767399	NA	NA	NA	3	3	0.816496580928
chr3	45718548	45727840	ENSG00000144791.5_2_1	+	45718898	NA	NA	NA	1	1	0.0
chr3	45718548	45727840	ENSG00000144791.5_2_1	+	45722178	NA	NA	NA	1	1	0.0
chr7	56078749	56079457	ENSG00000146733.9_1_1	-	56079222	NA	NA	NA	1	1	0.0
chr7	56078749	56079457	ENSG00000146733.9_1_1	-	56079283	NA	NA	NA	1	1	0.0
chr17	40465331	40467765	ENSG00000168610.9_1_1	-	40466689	NA	NA	NA	2	1	0.0
chr1	205758210	205760663	ENSG00000133065.6_1_1	-	205760261	NA	NA	NA	2	2	1.0
chr1	193219839	193223041	ENSG00000134371.8_1_1	+	193220988	NA	NA	NA	1	1	0.0
chr1	193219839	193223041	ENSG00000134371.8_1_1	+	193221806	NA	NA	NA	1	1	0.0
chr16	779742	780419	ENSG00000103245.6_1_1	-	779748	-10	NA	NA	2	1	0.0
chr15	90623058	90625442	ENSG00000140548.4_1_1	+	90624159	NA	NA	NA	1	1	0.0
chrX	150573527	150577846	ENSG00000160131.9_1_1	+	150576380	NA	NA	NA	16	1	0.0
chr20	33862409	33864814	ENSG00000125966.7_1_1	+	33864159	NA	NA	NA	1	1	0.0
chr20	33862409	33864814	ENSG00000125966.7_1_1	+	33864750	NA	TTTAAA	27	9	4	8.80025252163
chr12	110475356	110477241	ENSG00000076513.9_1_1	+	110476886	NA	NA	NA	8	1	0.0
chrX	153212993	153214800	ENSG00000172534.9_1_1	-	153213945	NA	NA	NA	3	2	8.02080627701
chr19	13054724	13055314	ENSG00000179218.6_1_1	+	13054922	NA	NA	NA	4	1	0.0
chr19	13054724	13055314	ENSG00000179218.6_1_1	+	13054951	NA	TTTAAA	7	1	1	0.0
chr9	19450631	19452028	ENSG00000177076.4_1_1	+	19451952	NA	NA	NA	1	1	0.0
chr1	26801636	26802473	ENSG00000198830.6_1_1	+	26801753	NA	NA	NA	1	1	0.0
chr10	72181500	72188384	ENSG00000148730.6_1_1	+	72182637	NA	NA	NA	1	1	0.0
chr10	72181500	72188384	ENSG00000148730.6_1_1	+	72182769	NA	NA	NA	1	1	0.0
chr10	72181500	72188384	ENSG00000148730.6_1_1	+	72186004	NA	NA	NA	2	1	0.0
chr10	72181500	72188384	ENSG00000148730.6_1_1	+	72186547	NA	NA	NA	1	1	0.0
chr4	17630918	17634157	ENSG00000047662.4_1_1	-	17634129	NA	ATTAAA	12	1	1	0.0
chr19	21905557	21909487	ENSG00000197020.5_1_1	-	21906162	NA	NA	NA	1	1	0.0
chr16	4930130	4932371	ENSG00000118900.7_1_1	+	4931001	NA	NA	NA	1	1	0.0
chr2	118588297	118589965	ENSG00000088205.7_1_1	+	118589733	NA	NA	NA	1	1	0.0
chr15	23043266	23048831	ENSG00000170113.10_1_1	-	23044308	NA	NA	NA	1	1	0.0
chr1	32696794	32697215	ENSG00000084623.7_1_1	+	32696794	NA	NA	NA	1	1	0.0
chr1	32696794	32697215	ENSG00000084623.7_1_1	+	32696858	NA	NA	NA	1	1	0.0
chr17	1247555	1248743	ENSG00000108953.9_1_1	-	1248316	NA	NA	NA	2	2	5.0
chr15	44816369	44821246	ENSG00000137770.8_1_1	+	44816735	NA	NA	NA	1	1	0.0
chr1	10479803	10480243	ENSG00000142657.13_1_1	+	10479911	NA	NA	NA	3	1	0.0
chr16	85007776	85009951	ENSG00000153786.7_1_1	-	85008773	NA	NA	NA	2	1	0.0
chr16	85007776	85009951	ENSG00000153786.7_1_1	-	85009053	NA	NA	NA	1	1	0.0
chr19	30314681	30315226	ENSG00000105173.7_1_1	+	30314877	NA	NA	NA	2	1	0.0
chr15	42705011	42709504	ENSG00000103994.9_1_1	-	42709495	NA	AATAAA AATACA	17 4	1	1	0.0
chr13	42893361	42897406	ENSG00000023516.7_1_1	+	42893849	NA	TTTAAA	8	1	1	0.0
chr13	42893361	42897406	ENSG00000023516.7_1_1	+	42894417	NA	NA	NA	1	1	0.0
chr20	30753244	30755071	ENSG00000101337.9_2_1	+	30753468	NA	NA	NA	2	1	0.0
chr3	142025438	142030355	ENSG00000114127.6_1_1	-	142026211	NA	AGTAAA	8	1	1	0.0
chr22	21242121	21245512	ENSG00000099940.6_1_1	+	21244235	NA	NA	NA	1	1	0.0
chr12	6857159	6857713	ENSG00000089693.5_1_1	-	6857433	NA	NA	NA	1	1	0.0
chr12	6857159	6857713	ENSG00000089693.5_1_1	-	6857670	NA	NA	NA	1	1	0.0
chr19	8920371	8921959	ENSG00000167785.3_1_1	-	8920824	NA	AATACA	33	1	1	0.0
chr2	96850586	96852470	ENSG00000084090.9_1_1	-	96851115	NA	NA	NA	14	1	0.0
chr2	96850586	96852470	ENSG00000084090.9_1_1	-	96851138	NA	NA	NA	1	1	0.0
chr2	96850586	96852470	ENSG00000084090.9_1_1	-	96851602	NA	NA	NA	1	1	0.0
chr10	70742565	70744839	ENSG00000165732.7_1_1	+	70744587	NA	AATAAA ACTAAA	3 11	1	1	0.0
chr8	29963375	29966050	ENSG00000104660.13_1_1	+	29965328	NA	NA	NA	1	1	0.0
chr20	1349611	1350716	ENSG00000088832.10_1_1	-	1350026	NA	ATTAAA	28	4	1	0.0
chr20	1349611	1350716	ENSG00000088832.10_1_1	-	1350485	NA	AAGAAA	33	1	1	0.0
chr10	49654066	49654436	ENSG00000128805.9_1_1	-	49654436	NA	ATTAAA	7	2	1	0.0
chr5	114949194	114951908	ENSG00000134970.13_1_1	-	114950623	NA	NA	NA	1	1	0.0
chr1	54570530	54571760	ENSG00000212670.1_1_1	+	54571318	NA	NA	NA	2	1	0.0
chr12	64841908	64844917	ENSG00000184575.7_1_1	+	64843956	NA	NA	NA	5	3	1.0
chr7	32907773	32908959	ENSG00000170852.5_1_1	-	32908042	NA	NA	NA	2	1	0.0
chr11	62360675	62361349	ENSG00000149480.2_1_1	-	62360912	NA	NA	NA	1	1	0.0
chr3	98298275	98299529	ENSG00000080819.2_2_1	-	98298559	NA	NA	NA	2	1	0.0
chr7	106545829	106547600	ENSG00000105851.6_1_1	+	106547294	NA	NA	NA	1	1	0.0
chr7	140424932	140426296	ENSG00000157764.7_1_1	-	140425499	NA	NA	NA	1	1	0.0
chr16	47115537	47117134	ENSG00000171208.4_1_1	-	47116985	NA	ATTAAA AATATA	0 5	1	1	0.0
chr22	17618390	17618913	ENSG00000069998.8_1_1	-	17618716	NA	NA	NA	1	1	0.0
chr12	107365166	107367821	ENSG00000151135.4_1_1	+	107366193	NA	NA	NA	1	1	0.0
chr12	57449418	57453664	ENSG00000166881.4_1_1	-	57451444	NA	NA	NA	1	1	0.0
chr10	104622678	104624728	ENSG00000166275.10_1_1	+	104623433	NA	NA	NA	3	1	0.0
chr9	140174410	140177103	ENSG00000198113.2_1_1	+	140176670	NA	NA	NA	1	1	0.0
chr17	4172501	4175811	ENSG00000132388.7_1_1	-	4172970	NA	NA	NA	3	1	0.0
chr15	42190559	42192845	ENSG00000103966.4_1_1	-	42192374	NA	NA	NA	1	1	0.0
chr1	183595341	183596669	ENSG00000162704.10_1_1	-	183596321	NA	NA	NA	2	1	0.0
chr9	100777710	100778235	ENSG00000136938.7_1_1	+	100777828	NA	NA	NA	1	1	0.0
chr3	176737132	176743288	ENSG00000177565.10_1_1	-	176739157	NA	NA	NA	5	2	0.894427191
chr3	176737132	176743288	ENSG00000177565.10_1_1	-	176740805	NA	NA	NA	1	1	0.0
chr10	61548510	61552677	ENSG00000108091.10_1_1	-	61549191	NA	CATAAA	20	1	1	0.0
chr19	9676281	9676618	ENSG00000197961.4_2_1	-	9676376	NA	NA	NA	5	2	9.79795897113
chr12	93894994	93896442	ENSG00000198015.6_1_1	+	93895782	NA	NA	NA	4	1	0.0
chr12	93894994	93896442	ENSG00000198015.6_1_1	+	93895872	NA	NA	NA	1	1	0.0
chr10	105147977	105148832	ENSG00000148835.9_1_1	+	105148813	-5	AATAAA	17	4	2	4.35889894354
chrX	135955609	135956303	ENSG00000147274.8_2_1	-	135956156	NA	AGTAAA	16	1	1	0.0
chrX	55033865	55035500	ENSG00000169188.4_1_1	+	55035489	1	AATAAA	22	11	2	0.904534033733
chrX	102930413	102931091	ENSG00000123562.10_1_1	-	102930671	NA	AAGAAA	4	7	2	1.0
chr16	84087355	84088056	ENSG00000140943.9_1_1	-	84087587	-29	NA	NA	1	1	0.0
chr12	98941633	98944167	ENSG00000120802.6_2_1	+	98943018	NA	NA	NA	1	1	0.0
chr12	98941633	98944167	ENSG00000120802.6_2_1	+	98943298	NA	NA	NA	1	1	0.0
chr14	103969561	103970174	ENSG00000075413.10_1_1	+	103969727	NA	NA	NA	1	1	0.0
chr10	7200575	7205734	ENSG00000198879.6_1_1	-	7205111	NA	TTTAAA	3	6	2	2.0
chr13	73282484	73284462	ENSG00000204899.5_1_1	-	73283097	NA	NA	NA	1	1	0.0
chr14	53106623	53110290	ENSG00000197930.7_1_1	-	53107703	NA	NA	NA	1	1	0.0
chr2	70377001	70377490	ENSG00000115998.3_1_1	-	70377073	NA	TTTAAA	30	1	1	0.0
chr7	91741454	91742981	ENSG00000001630.10_1_1	-	91741981	NA	NA	NA	1	1	0.0
chr19	2428153	2430911	ENSG00000176619.4_1_1	-	2430511	NA	NA	NA	1	1	0.0
chrX	15337562	15339630	ENSG00000165195.9_1_1	-	15339302	NA	NA	NA	1	1	0.0
chr16	74655286	74657828	ENSG00000168411.7_1_1	-	74656370	NA	NA	NA	1	1	0.0
chr22	22273782	22277467	ENSG00000100034.8_1_1	-	22276601	NA	NA	NA	3	1	0.0
chr16	30591966	30593883	ENSG00000197162.6_1_1	-	30593406	NA	NA	NA	1	1	0.0
chr11	63676706	63678501	ENSG00000072518.14_2_1	+	63678139	NA	NA	NA	1	1	0.0
chr17	38434474	38440398	ENSG00000171475.8_1_1	+	38436921	NA	NA	NA	1	1	0.0
chr1	244869088	244872345	ENSG00000121644.14_1_1	+	244869306	NA	NA	NA	1	1	0.0
chr1	244869088	244872345	ENSG00000121644.14_1_1	+	244871622	NA	TTTAAA	13	4	1	0.0
chr15	45898709	45901919	ENSG00000104164.4_1_1	+	45901604	NA	NA	NA	1	1	0.0
chr11	47487485	47493654	ENSG00000149187.12_1_1	-	47490244	NA	NA	NA	1	1	0.0
chr11	47487485	47493654	ENSG00000149187.12_1_1	-	47491290	NA	NA	NA	1	1	0.0
chr12	125509973	125515694	ENSG00000184992.9_1_1	+	125510883	NA	NA	NA	1	1	0.0
chr12	125509973	125515694	ENSG00000184992.9_1_1	+	125513391	NA	NA	NA	1	1	0.0
chr19	34960123	34960805	ENSG00000126261.5_2_1	+	34960552	NA	NA	NA	2	1	0.0
chr19	54377749	54379701	ENSG00000179820.10_1_1	+	54377937	NA	NA	NA	1	1	0.0
chr19	54377749	54379701	ENSG00000179820.10_1_1	+	54378048	NA	NA	NA	1	1	0.0
chr19	54377749	54379701	ENSG00000179820.10_1_1	+	54378208	NA	NA	NA	1	1	0.0
chr17	37408886	37417715	ENSG00000108306.6_1_1	-	37409625	NA	NA	NA	2	1	0.0
chr2	69546894	69553323	ENSG00000198380.7_1_1	-	69547920	NA	CATAAA	8	2	1	0.0
chr14	24028046	24028797	ENSG00000157306.8_1_1	+	24028777	-6	AATATA	24	9	4	7.65941686205
chr3	194995454	195000059	ENSG00000114331.8_1_1	-	194998789	NA	NA	NA	1	1	0.0
chr15	77775311	77777959	ENSG00000140382.9_1_2	+	77776480	NA	NA	NA	1	1	0.0
chr21	38595710	38597847	ENSG00000157538.8_2_1	-	38597284	NA	NA	NA	3	2	5.65685424949
chrX	133559357	133562829	ENSG00000156531.12_2_1	+	133562174	NA	NA	NA	1	1	0.0
chr6	80194697	80196723	ENSG00000135338.7_1_1	-	80196385	NA	NA	NA	1	1	0.0
chr9	131678647	131680328	ENSG00000136802.7_1_1	+	131679595	NA	NA	NA	1	1	0.0
chr4	174252835	174253233	ENSG00000164104.7_1_1	-	174253109	NA	NA	NA	1	1	0.0
chr18	59711449	59713091	ENSG00000197563.4_1_1	-	59712911	NA	NA	NA	2	1	0.0
chr18	11852107	11854458	ENSG00000255112.1_1_1	+	11852627	NA	NA	NA	1	1	0.0
chr5	145665590	145668705	ENSG00000091009.6_1_1	+	145668177	NA	NA	NA	2	1	0.0
chr3	127788502	127790535	ENSG00000058262.5_1_1	+	127789833	NA	NA	NA	3	1	0.0
chr19	53995337	53999519	ENSG00000198346.6_1_1	+	53998479	NA	NA	NA	8	2	1.45773797371
chrX	64959752	64961801	ENSG00000147065.10_1_1	+	64961389	NA	NA	NA	2	1	0.0
chr4	57798315	57802020	ENSG00000084093.10_1_1	+	57801451	NA	AAGAAA	17	4	1	0.0
chr14	77580658	77583639	ENSG00000198894.2_1_1	+	77581599	NA	NA	NA	1	1	0.0
chr9	114695274	114697659	ENSG00000148154.5_1_1	+	114697019	NA	NA	NA	1	1	0.0
chr15	66782950	66783892	ENSG00000169032.3_1_1	+	66783482	NA	NA	NA	1	1	0.0
chr19	8023447	8028369	ENSG00000066044.8_1_1	-	8027407	NA	NA	NA	2	1	0.0
chr12	12482187	12482963	ENSG00000111261.8_1_1	-	12482821	NA	NA	NA	1	1	0.0
chr5	133307595	133308464	ENSG00000213585.5_1_1	-	133307861	NA	NA	NA	1	1	0.0
chr1	92974242	92979215	ENSG00000067208.8_1_1	-	92977002	NA	AAGAAA	29	1	1	0.0
chr1	207252361	207254379	ENSG00000123836.10_2_1	+	207253582	NA	NA	NA	2	1	0.0
chr13	53049273	53050495	ENSG00000136108.8_2_1	+	53049716	NA	TTTAAA	10	2	1	0.0
chr3	10283909	10285437	ENSG00000134070.4_1_1	+	10284400	NA	NA	NA	3	2	1.15470053838
chr3	10283909	10285437	ENSG00000134070.4_1_1	+	10284687	NA	NA	NA	3	1	0.0
chr2	242664443	242668903	ENSG00000168395.10_3_1	+	242666739	NA	NA	NA	1	1	0.0
chr7	44866379	44869745	ENSG00000105968.14_1_1	-	44869202	NA	NA	NA	3	1	0.0
chr4	99363265	99365022	ENSG00000138698.9_2_1	+	99364199	NA	NA	NA	1	1	0.0
chrX	151934641	151935224	ENSG00000221867.4_1_1	-	151934922	NA	NA	NA	1	1	0.0
chr2	99204068	99207506	ENSG00000040933.10_1_1	+	99204187	NA	NA	NA	2	1	0.0
chr1	51819924	51822374	ENSG00000085832.12_1_1	-	51822186	NA	AGTAAA	29	1	1	0.0
chr19	13063860	13064458	ENSG00000179262.3_1_1	+	13063936	NA	TATAAA AAGAAA AATATA	22 27 34	1	1	0.0
chr1	67465004	67470025	ENSG00000116704.6_1_1	-	67465790	NA	NA	NA	1	1	0.0
chr15	63555815	63559991	ENSG00000166128.7_1_1	+	63557944	NA	NA	NA	2	1	0.0
chrX	70279085	70280868	ENSG00000147164.6_1_1	-	70280359	NA	NA	NA	1	1	0.0
chr1	23832911	23836374	ENSG00000007968.6_1_1	-	23833225	NA	NA	NA	1	1	0.0
chr5	167975489	167984578	ENSG00000120137.6_1_1	-	167982291	NA	NA	NA	1	1	0.0
chr14	69254364	69256252	ENSG00000185650.6_1_1	-	69255947	NA	NA	NA	1	1	0.0
chr5	71515225	71516738	ENSG00000113048.10_1_1	-	71515705	NA	NA	NA	1	1	0.0
chr5	71515225	71516738	ENSG00000113048.10_1_1	-	71516362	NA	NA	NA	1	1	0.0
chr22	21304130	21308047	ENSG00000099942.8_1_1	+	21304629	NA	NA	NA	2	2	2.5495097568
chr22	21304130	21308047	ENSG00000099942.8_1_1	+	21304692	NA	NA	NA	23	5	6.4234624281
chr22	21304130	21308047	ENSG00000099942.8_1_1	+	21304720	NA	NA	NA	2	1	0.0
chr22	21304130	21308047	ENSG00000099942.8_1_1	+	21307389	NA	NA	NA	3	1	0.0
chr22	21304130	21308047	ENSG00000099942.8_1_1	+	21307437	NA	NA	NA	3	1	0.0
chr15	89738651	89745601	ENSG00000140526.10_1_1	+	89744769	NA	CATAAA	16	1	1	0.0
chr15	89738651	89745601	ENSG00000140526.10_1_1	+	89745241	NA	NA	NA	1	1	0.0
chr1	151375189	151377280	ENSG00000143442.15_1_1	-	151375813	NA	NA	NA	1	1	0.0
chr1	26449065	26452044	ENSG00000175087.5_1_1	+	26449683	NA	AATGAA	4	3	2	1.15470053838
chr19	58865714	58867507	ENSG00000174586.4_1_1	-	58866548	NA	NA	NA	5	2	1.0
chr15	52201004	52204345	ENSG00000138594.7_1_1	+	52202952	NA	NA	NA	10	2	1.58113883008
chr15	52201004	52204345	ENSG00000138594.7_1_1	+	52203196	NA	NA	NA	1	1	0.0
chr1	160964990	160968663	ENSG00000158769.11_1_1	-	160966576	NA	NA	NA	3	2	4.7609522857
chr1	160964990	160968663	ENSG00000158769.11_1_1	-	160967477	NA	NA	NA	2	1	0.0
chrX	24094899	24096098	ENSG00000130741.5_2_1	+	24095065	NA	NA	NA	2	1	0.0
chrX	24094899	24096098	ENSG00000130741.5_2_1	+	24095216	NA	NA	NA	3	3	5.9160797831
chrX	24094899	24096098	ENSG00000130741.5_2_1	+	24095578	NA	AATAAA	24	1	1	0.0
chr1	228285711	228286922	ENSG00000143761.8_1_1	+	228285903	NA	NA	NA	2	1	0.0
chr1	228285711	228286922	ENSG00000143761.8_1_1	+	228286129	NA	TTTAAA	33	1	1	0.0
chr12	102139267	102140944	ENSG00000111670.8_1_1	-	102139950	NA	NA	NA	1	1	0.0
chr14	100610072	100610582	ENSG00000196405.6_1_1	+	100610262	NA	NA	NA	1	1	0.0
chr14	100610072	100610582	ENSG00000196405.6_1_1	+	100610305	NA	NA	NA	1	1	0.0
chr17	37562843	37563730	ENSG00000125686.6_2_1	-	37562949	NA	NA	NA	1	1	0.0
chr1	2336225	2337207	ENSG00000157911.5_1_1	-	2336875	NA	AATACA	15	2	1	0.0
chr8	91967737	91971646	ENSG00000123119.7_1_1	+	91968980	NA	NA	NA	1	1	0.0
chr8	91967737	91971646	ENSG00000123119.7_1_1	+	91969266	NA	NA	NA	5	2	1.67332005307
chr8	91967737	91971646	ENSG00000123119.7_1_1	+	91970708	NA	ATTAAA AAGAAA	29 18	1	1	0.0
chr8	91967737	91971646	ENSG00000123119.7_1_1	+	91970866	NA	TTTAAA	6	1	1	0.0
chr3	160968695	160970105	ENSG00000169251.6_1_1	+	160969830	38	NA	NA	1	1	0.0
chr19	19103166	19104549	ENSG00000064607.11_1_1	-	19104164	NA	NA	NA	1	1	0.0
chr8	74235268	74237526	ENSG00000121039.5_1_1	+	74235909	NA	ACTAAA	1	1	1	0.0
chr19	18474390	18480773	ENSG00000130517.5_1_1	+	18477079	NA	NA	NA	1	1	0.0
chr17	48770542	48773360	ENSG00000154945.5_1_1	-	48771491	NA	NA	NA	1	1	0.0
chr9	123578320	123580186	ENSG00000095261.8_2_1	-	123579885	NA	AATAAA AATATA	11 2	1	1	0.0
chr7	138728255	138732342	ENSG00000105939.7_1_1	-	138731920	NA	NA	NA	1	1	0.0
chr16	70284123	70284987	ENSG00000223496.1_1_1	-	70284721	NA	NA	NA	1	1	0.0
chr11	117778158	117779135	ENSG00000137747.9_4_1	-	117778510	NA	NA	NA	1	1	0.0
chr6	32152499	32154161	ENSG00000204304.4_1_1	-	32153338	NA	TATAAA	21	2	2	0.707106781187
chr6	32152499	32154161	ENSG00000204304.4_1_1	-	32153928	NA	NA	NA	1	1	0.0
chrX	70519923	70521028	ENSG00000147140.10_1_1	+	70520085	NA	NA	NA	1	1	0.0
chrX	70519923	70521028	ENSG00000147140.10_1_1	+	70520263	NA	NA	NA	13	3	8.0622577483
chrX	70519923	70521028	ENSG00000147140.10_1_1	+	70520372	NA	NA	NA	1	1	0.0
chrX	70519923	70521028	ENSG00000147140.10_1_1	+	70520748	NA	NA	NA	1	1	0.0
chrX	9684283	9687790	ENSG00000101849.11_1_1	+	9684819	NA	NA	NA	1	1	0.0
chr3	75779101	75779766	ENSG00000227124.4_1_1	-	75779504	NA	NA	NA	7	2	0.845154254729
chr5	133291190	133292552	ENSG00000113583.5_1_1	-	133292150	NA	NA	NA	1	1	0.0
chr6	34255986	34256532	ENSG00000112664.4_1_1	-	34256148	NA	AAGAAA	5	1	1	0.0
chr15	101715917	101717595	ENSG00000131873.4_1_1	-	101717172	NA	NA	NA	3	1	0.0
chr11	117038412	117041771	ENSG00000168092.8_1_1	+	117039188	NA	NA	NA	1	1	0.0
chr11	117038412	117041771	ENSG00000168092.8_1_1	+	117039368	NA	NA	NA	9	1	0.0
chr11	117038412	117041771	ENSG00000168092.8_1_1	+	117039497	NA	NA	NA	1	1	0.0
chr5	175773053	175774605	ENSG00000122203.10_1_1	-	175774035	NA	NA	NA	1	1	0.0
chr1	118502067	118503059	ENSG00000065183.10_2_1	+	118502114	NA	NA	NA	1	1	0.0
chr2	174086255	174091884	ENSG00000091436.12_1_1	+	174086667	NA	NA	NA	1	1	0.0
chr6	7281365	7290099	ENSG00000124783.8_2_1	-	7285912	NA	ATTAAA	30	4	1	0.0
chr6	7281365	7290099	ENSG00000124783.8_2_1	-	7289284	NA	NA	NA	1	1	0.0
chr4	166263095	166264322	ENSG00000052802.8_2_1	+	166263529	NA	NA	NA	21	1	0.0
chr7	148700143	148700888	ENSG00000155660.6_1_1	-	148700767	NA	NA	NA	1	1	0.0
chr5	145890202	145891534	ENSG00000113649.6_1_1	+	145890609	25	AAGAAA	6	1	1	0.0
chr19	6535074	6535949	ENSG00000125657.2_1_1	+	6535358	NA	TTTAAA	2	1	1	0.0
chr19	6535074	6535949	ENSG00000125657.2_1_1	+	6535690	NA	NA	NA	2	1	0.0
chr12	4409172	4414526	ENSG00000118971.3_1_1	+	4409532	NA	NA	NA	1	1	0.0
chr12	4409172	4414526	ENSG00000118971.3_1_1	+	4414172	NA	NA	NA	4	2	9.96242942259
chr1	87570376	87575691	ENSG00000153936.11_2_1	+	87575227	NA	NA	NA	1	1	0.0
chr20	55033800	55034406	ENSG00000087589.12_1_1	+	55034125	NA	ATTAAA	8	1	1	0.0
chr10	120794345	120795553	ENSG00000107581.6_1_1	-	120795211	NA	NA	NA	1	1	0.0
chr4	17625418	17627264	ENSG00000118579.6_1_1	+	17626094	NA	NA	NA	1	1	0.0
chr12	133345484	133349693	ENSG00000090615.7_1_1	-	133347116	NA	NA	NA	1	1	0.0
chr5	180620913	180622168	ENSG00000146054.13_1_1	-	180621429	NA	NA	NA	1	1	0.0
chr1	32799422	32800200	ENSG00000175130.6_1_1	-	32799512	NA	NA	NA	1	1	0.0
chr2	54001659	54002343	ENSG00000143942.4_1_1	+	54001816	NA	TTTAAA	23	1	1	0.0
chr2	75118065	75120496	ENSG00000159399.4_1_1	+	75118961	NA	NA	NA	3	1	0.0
chr2	75118065	75120496	ENSG00000159399.4_1_1	+	75120176	NA	NA	NA	1	1	0.0
chr5	178507095	178510548	ENSG00000177932.6_1_1	+	178509709	NA	NA	NA	3	1	0.0
chr13	114294579	114295514	ENSG00000198176.7_1_1	+	114294644	NA	AAGAAA	23	1	1	0.0
chrX	12840912	12842351	ENSG00000101911.7_1_1	+	12841452	NA	NA	NA	1	1	0.0
chr1	180853199	180859397	ENSG00000143324.9_1_1	+	180853988	NA	NA	NA	2	1	0.0
chr1	180853199	180859397	ENSG00000143324.9_1_1	+	180854143	NA	NA	NA	1	1	0.0
chr2	152331582	152333873	ENSG00000080345.12_2_1	+	152332838	NA	AATATA TTTAAA	1 33	1	1	0.0
chr1	213068629	213072715	ENSG00000162769.7_1_1	+	213069491	NA	TTTAAA	12	3	1	0.0
chr14	31915231	31917337	ENSG00000129480.7_1_1	-	31917043	NA	AGTAAA	30	1	1	0.0
chr1	207245713	207251178	ENSG00000123836.10_1_1	+	207249819	NA	NA	NA	2	1	0.0
chr1	160183273	160185176	ENSG00000162734.8_1_1	+	160184511	NA	NA	NA	1	1	0.0
chr11	94862740	94865819	ENSG00000149218.4_1_1	+	94863500	NA	NA	NA	2	1	0.0
chr17	46024145	46026683	ENSG00000108439.4_1_1	+	46024392	NA	NA	NA	4	1	0.0
chr17	46024145	46026683	ENSG00000108439.4_1_1	+	46024806	NA	NA	NA	2	1	0.0
chr1	115312089	115316894	ENSG00000052723.7_1_1	-	115313022	NA	NA	NA	2	2	6.5192024052
chr1	115312089	115316894	ENSG00000052723.7_1_1	-	115315901	NA	NA	NA	1	1	0.0
chr2	87000531	87005174	ENSG00000153561.8_1_1	+	87001247	NA	NA	NA	2	1	0.0
chr2	87000531	87005174	ENSG00000153561.8_1_1	+	87004474	NA	NA	NA	3	1	0.0
chr2	99812165	99814099	ENSG00000241962.3_2_1	+	99812782	NA	TATAAA	3	1	1	0.0
chr6	36569763	36571219	ENSG00000112081.10_2_1	+	36570091	NA	NA	NA	1	1	0.0
chr6	36569763	36571219	ENSG00000112081.10_2_1	+	36570145	NA	NA	NA	2	1	0.0
chr4	39122683	39127862	ENSG00000109790.11_3_1	+	39123574	NA	NA	NA	1	1	0.0
chr10	119039989	119042781	ENSG00000165650.7_1_1	-	119042224	NA	TTTAAA	1	1	1	0.0
chr5	37288228	37292004	ENSG00000113569.10_1_1	-	37288850	NA	NA	NA	1	1	0.0
chr5	37288228	37292004	ENSG00000113569.10_1_1	-	37290581	NA	NA	NA	2	1	0.0
chr12	51323930	51326310	ENSG00000185432.8_1_1	+	51324245	NA	NA	NA	1	1	0.0
chr9	91090189	91093619	ENSG00000106723.11_1_1	+	91090569	NA	NA	NA	4	1	0.0
chr8	30535572	30537039	ENSG00000104687.8_1_1	-	30536199	NA	NA	NA	2	1	0.0
chr8	30535572	30537039	ENSG00000104687.8_1_1	-	30536793	NA	NA	NA	8	4	1.54110350074
chrX	151870252	151870835	ENSG00000197172.6_1_1	+	151870556	NA	NA	NA	1	1	0.0
chr12	72003373	72004210	ENSG00000133858.10_1_1	-	72003902	NA	NA	NA	1	1	0.0
chr3	105374294	105377816	ENSG00000114423.13_1_1	-	105375130	NA	NA	NA	3	1	0.0
chr18	45357911	45368200	ENSG00000175387.10_1_1	-	45363933	NA	ATTAAA	24	1	1	0.0
chr17	74559251	74561440	ENSG00000163597.8_1_1	+	74559859	NA	NA	NA	78	2	1.13227703414
chr17	74559251	74561440	ENSG00000163597.8_1_1	+	74559886	NA	NA	NA	3	1	0.0
chr17	74559251	74561440	ENSG00000163597.8_1_1	+	74560153	NA	NA	NA	1	1	0.0
chr17	74559251	74561440	ENSG00000163597.8_1_1	+	74560205	NA	NA	NA	11	1	0.0
chr17	74559251	74561440	ENSG00000163597.8_1_1	+	74560514	NA	NA	NA	1	1	0.0
chrX	20168018	20173518	ENSG00000177189.8_1_1	-	20170422	NA	NA	NA	1	1	0.0
chr1	1716714	1718492	ENSG00000078369.9_1_1	-	1718250	NA	NA	NA	2	1	0.0
chr1	1716714	1718492	ENSG00000078369.9_1_1	-	1718359	NA	NA	NA	1	1	0.0
chr9	33110624	33113454	ENSG00000086062.7_2_1	-	33111249	NA	NA	NA	1	1	0.0
chr1	244571785	244572890	ENSG00000035687.7_1_1	-	244572633	NA	TTTAAA	9	1	1	0.0
chr9	116169504	116171093	ENSG00000148229.8_1_1	-	116170512	NA	NA	NA	1	1	0.0
chr9	116169504	116171093	ENSG00000148229.8_1_1	-	116170821	NA	NA	NA	3	1	0.0
chr12	53805021	53810231	ENSG00000185591.4_1_1	+	53805679	NA	NA	NA	1	1	0.0
chr16	11961976	11966978	ENSG00000103342.7_1_1	-	11963976	NA	AATAGA	0	3	1	0.0
chr16	11961976	11966978	ENSG00000103342.7_1_1	-	11966648	NA	NA	NA	1	1	0.0
chr7	106800024	106802266	ENSG00000005249.6_1_1	+	106800765	NA	NA	NA	1	1	0.0
chr7	106800024	106802266	ENSG00000005249.6_1_1	+	106801096	NA	NA	NA	1	1	0.0
chr7	106800024	106802266	ENSG00000005249.6_1_1	+	106801698	NA	NA	NA	1	1	0.0
chr19	18390552	18391253	ENSG00000130522.3_1_1	-	18390865	NA	NA	NA	1	1	0.0
chr10	45499488	45500784	ENSG00000165512.4_1_1	+	45500153	NA	NA	NA	4	1	0.0
chr13	46700050	46701728	ENSG00000136167.8_1_1	-	46701497	NA	NA	NA	1	1	0.0
chr1	7839702	7841502	ENSG00000049245.8_1_1	+	7839814	NA	NA	NA	2	1	0.0
chr1	38030659	38032458	ENSG00000163879.8_1_1	+	38032420	-36	AAGAAA	16	2	2	2.0
chr3	14239613	14242629	ENSG00000170860.3_1_1	+	14239613	NA	NA	NA	1	1	0.0
chr1	150618690	150620799	ENSG00000143457.5_1_1	-	150619968	NA	NA	NA	14	2	2.2990681342
chr8	17913923	17915045	ENSG00000104763.12_1_1	-	17914871	NA	NA	NA	1	1	0.0
chr17	29701170	29704705	ENSG00000196712.10_3_1	+	29704203	NA	NA	NA	1	1	0.0
chr16	58079347	58080815	ENSG00000102996.3_1_1	+	58079514	NA	NA	NA	3	1	0.0
chr17	8062456	8064175	ENSG00000220205.3_1_1	-	8063471	NA	NA	NA	1	1	0.0
chr1	65897599	65901700	ENSG00000213625.4_1_1	+	65898248	NA	NA	NA	1	1	0.0
chr1	65897599	65901700	ENSG00000213625.4_1_1	+	65900012	NA	TATAAA	20	1	1	0.0
chr19	48885816	48886552	ENSG00000105438.3_1_1	-	48886456	NA	NA	NA	1	1	0.0
chr11	65622261	65622809	ENSG00000172757.7_1_1	-	65622639	NA	NA	NA	3	3	1.73205080757
chr19	34890938	34893328	ENSG00000105220.7_2_1	+	34891265	NA	NA	NA	1	1	0.0
chr19	34890938	34893328	ENSG00000105220.7_2_1	+	34891969	NA	NA	NA	4	1	0.0
chr22	19428398	19429169	ENSG00000242259.3_1_1	-	19428778	NA	NA	NA	1	1	0.0
chr16	69358209	69358955	ENSG00000132612.12_1_1	+	69358485	NA	NA	NA	3	1	0.0
chr10	99476950	99477917	ENSG00000155254.7_1_2	+	99477294	NA	NA	NA	2	1	0.0
chr1	234740004	234742885	ENSG00000168264.6_1_1	-	234742205	NA	TTTAAA	19	1	1	0.0
